1927.1
1927.1
1927.1
1927.3
1927.1
1927.3
1927.1
1927.1
1927.3
1927.2
1927.4
1927.3
1927.2
1927.1
1927.3
1927.2
1927.2
1927.2
1927.4
1927.1
1927.3
1927.2
1927.2
1927.3
1927.2
1927.2
1927.3
1927.3
1927.3
1927.3
1927.1
1927.2
1927.3
1927.3
1927.2
1927.2
1927.2
1927.3
1927.2
1927.3
1927.2
1927.2
1927.2
1927.2
1927.3
1927.3
1927.2
1927.2
1927.1
1927.3
1927.2
1927.3
1927.2
1927.2
1927.3
1927.1
1927.3
1927.3
1927.1
1927.2
1927.2
1927.2
1927.2
1927.3
1927.0
1927.3
1927.1
1927.3
1927.3
1927.1
1927.2
1927.3
1927.0
1927.4
1927.1
1927.2
1927.2
1927.2
1927.1
1927.2
1927.2
1927.2
1927.2
1927.3
1927.1
1927.1
1927.4
1927.1
1927.2
1927.2
1927.1
1927.4
1927.1
1927.2
1927.1
1927.3
1927.2
1927.3
1927.2
1927.2
