0.450 0.4540 0.0009                                                                                                                            
0.440 0.4440 0.0009                                                                                                                            
0.421 0.4230 0.0008                                                                                                                            
0.401 0.4030 0.0008                                                                                                                            
0.380 0.3810 0.0008                                                                                                                            
0.360 0.3610 0.0008                                                                                                                            
0.341 0.3410 0.0008                                                                                                                            
0.320 0.3200 0.0007                                                                                                                            
0.300 0.3000 0.0007                                                                                                                            
0.279 0.2780 0.0007                                                                                                                            
0.260 0.2590 0.0007                                                                                                                            
0.240 0.2390 0.0007                                                                                                                            
0.220 0.2200 0.0007                                                                                                                            
0.200 0.1990 0.0006                                                                                                                            
0.180 0.1790 0.0006                                                                                                                            
0.160 0.1590 0.0006    
0.140 0.1385 0.0002                               
0.130 0.1288 0.0002                               
0.120 0.1189 0.0002                               
0.110 0.1093 0.0002                               
0.098 0.0978 0.0002                               
0.081 0.0801 0.0001                               
0.060 0.0595 0.0001                               
0.040 0.0393 0.0001                               
0.030 0.0297 0.0001                               
0.021 0.0204 0.0001                               
0.010 0.0075 0.0001   