0.45 0.0023 0.0009 0.001003977689
0.44 0.00238 0.0009 0.001003977689
0.421 0.000532 0.0008 0.001003977689
0.401 0.000692 0.0008 0.001003977689
0.38 -0.00014 0.0008 0.001003977689
0.36 2e-05 0.0008 0.001003977689
0.341 -0.000828 0.0008 0.001003977689
0.32 -0.00066 0.0007 0.001003977689
0.3 -0.0005 0.0007 0.001003977689
0.279 -0.001332 0.0007 0.001003977689
0.26 -0.00118 0.0007 0.001003977689
0.24 -0.00102 0.0007 0.001003977689
0.22 0.00014 0.0007 0.001003977689
0.2 -0.0007 0.0006 0.001003977689
0.18 -0.00054 0.0006 0.001003977689
0.16 -0.00038 0.0006 0.001003977689
0.14 -0.00072 0.0002 0.001003977689
0.13 -0.00034 0.0002 0.001003977689
0.12 -0.00016 0.0002 0.001003977689
0.11 0.00032 0.0002 0.001003977689
0.098 0.000916 0.0002 0.001003977689
0.081 0.000352 0.0001 0.001003977689
0.06 0.00092 0.0001 0.001003977689
0.04 0.00088 0.0001 0.001003977689
0.03 0.00136 0.0001 0.001003977689
0.021 0.001132 0.0001 0.001003977689
0.01 -0.00068 0.0001 0.001003977689