131.6	0.866666666667	0.396896249484	
156.8	0.833333333333	0.461075217486	
183.7	0.806666666667	0.5217079557	
211.7	0.766666666667	0.595907347629	
237.3	0.74	0.6500759448	
262.7	0.706666666667	0.699851338803	
288.5	0.68	0.739581176137	
313.9	0.656	0.765249244754	
342.7	0.624	0.809621099394	
368.4	0.597333333333	0.851818971917	
2624.0	0.110738255034	1.50362153604	
7921.0	0.0374666666667	1.65233447916	
13270.0	0.0216	1.55916615079	
18490.0	0.0156	1.56837730045	
23420.0	0.0125503355705	1.58924375886	
26300.0	0.0112751677852	1.5004497841	
26.41	0.944444444444	0.109519689815	
53.03	0.932432432432	0.165265869153	
79.64	0.912751677852	0.246193295909	
