0.000 4.893 0.045 0.154 11.758
0.050 5.395 0.047 0.154 11.696
0.100 5.364 0.040 0.154 11.652
0.150 4.795 0.027 0.154 11.642
0.200 3.756 0.009 0.154 11.669
0.250 2.351 -0.012 0.154 11.716
0.300 0.727 -0.036 0.154 11.761
0.350 -0.962 -0.060 0.154 11.793
0.400 -2.542 -0.081 0.154 11.788
0.450 -3.892 -0.094 0.154 11.745
0.500 -4.878 -0.104 0.154 11.681
0.550 -5.392 -0.107 0.154 11.620
0.600 -5.375 -0.102 0.154 11.579
0.650 -4.818 -0.090 0.154 11.573
0.700 -3.781 -0.074 0.154 11.598
0.750 -2.375 -0.050 0.154 11.645
0.800 -0.742 -0.027 0.154 11.694
0.850 0.952 -0.004 0.154 11.719
0.900 2.547 0.017 0.154 11.715
0.950 3.910 0.033 0.154 11.674
1.000 4.896 0.044 0.154 11.613
1.050 5.394 0.046 0.154 11.553
1.100 5.363 0.039 0.154 11.511
1.150 4.792 0.027 0.154 11.502
1.200 3.757 0.008 0.154 11.530
1.250 2.351 -0.012 0.154 11.578
1.300 0.727 -0.036 0.154 11.624
1.350 -0.947 -0.060 0.154 11.654
1.400 -2.534 -0.080 0.154 11.648
1.450 -3.891 -0.095 0.154 11.605
1.500 -4.878 -0.104 0.154 11.538
1.550 -5.393 -0.106 0.154 11.473
1.600 -5.376 -0.101 0.154 11.428
1.650 -4.818 -0.089 0.154 11.419
1.700 -3.782 -0.073 0.154 11.441
1.750 -2.376 -0.051 0.154 11.485
1.800 -0.745 -0.027 0.154 11.531
1.850 0.935 -0.004 0.154 11.552
1.900 2.543 0.015 0.154 11.540
1.950 3.908 0.033 0.154 11.502
2.000 4.896 0.043 0.154 11.439
2.050 5.392 0.046 0.154 11.377
2.100 5.363 0.038 0.154 11.334
2.150 4.792 0.027 0.154 11.325
2.200 3.754 0.008 0.154 11.351
2.250 2.348 -0.013 0.154 11.400
2.300 0.738 -0.036 0.154 11.447
2.350 -0.936 -0.060 0.154 11.477
2.400 -2.532 -0.080 0.154 11.476
2.450 -3.891 -0.094 0.154 11.439
2.500 -4.878 -0.104 0.154 11.379
2.550 -5.393 -0.106 0.154 11.317
2.600 -5.375 -0.102 0.154 11.279
2.650 -4.818 -0.089 0.154 11.276
2.700 -3.782 -0.073 0.154 11.306
2.750 -2.376 -0.051 0.154 11.355
2.800 -0.761 -0.026 0.154 11.412
2.850 0.928 -0.005 0.154 11.444
2.900 2.541 0.015 0.154 11.444
2.950 3.908 0.033 0.154 11.418
3.000 4.896 0.043 0.154 11.366
3.050 5.392 0.045 0.152 11.317
3.100 5.363 0.038 0.152 11.285
3.150 4.793 0.026 0.152 11.287
3.200 3.754 0.009 0.152 11.326
3.250 2.354 -0.012 0.152 11.386
3.300 0.752 -0.035 0.152 11.442
3.350 -0.933 -0.060 0.152 11.486
3.400 -2.531 -0.081 0.152 11.495
3.450 -3.891 -0.094 0.152 11.468
3.500 -4.878 -0.103 0.152 11.416
3.550 -5.393 -0.105 0.152 11.361
3.600 -5.375 -0.100 0.152 11.328
3.650 -4.818 -0.090 0.152 11.330
3.700 -3.781 -0.072 0.152 11.364
3.750 -2.386 -0.050 0.152 11.423
3.800 -0.772 -0.027 0.152 11.483
3.850 0.926 -0.004 0.152 11.521
3.900 2.540 0.015 0.152 11.526
3.950 3.908 0.033 0.152 11.500
4.000 4.895 0.042 0.152 11.450
4.050 5.393 0.044 0.152 11.398
4.100 5.363 0.037 0.152 11.363
4.150 4.794 0.026 0.152 11.364
4.200 3.755 0.009 0.152 11.400
4.250 2.370 -0.013 0.152 11.460
4.300 0.758 -0.036 0.152 11.520
4.350 -0.933 -0.060 0.152 11.564
4.400 -2.531 -0.081 0.152 11.575
4.450 -3.891 -0.094 0.152 11.549
4.500 -4.878 -0.103 0.152 11.500
4.550 -5.393 -0.105 0.151 11.448
4.600 -5.375 -0.101 0.151 11.419
4.650 -4.818 -0.089 0.151 11.425
4.700 -3.787 -0.072 0.151 11.465
4.750 -2.400 -0.049 0.151 11.531
4.800 -0.775 -0.026 0.151 11.598
4.850 0.925 -0.005 0.151 11.643
4.900 2.540 0.016 0.151 11.660
4.950 3.908 0.032 0.151 11.643
5.000 4.896 0.042 0.151 11.606
5.050 5.393 0.045 0.150 11.568
5.100 5.364 0.039 0.150 11.549
5.150 4.792 0.026 0.150 11.562
5.200 3.768 0.008 0.150 11.612
5.250 2.377 -0.012 0.150 11.684
5.300 0.760 -0.036 0.150 11.754
5.350 -0.932 -0.060 0.150 11.810
5.400 -2.531 -0.081 0.150 11.834
5.450 -3.891 -0.094 0.150 11.819
5.500 -4.878 -0.102 0.150 11.778
5.550 -5.393 -0.105 0.150 11.734
5.600 -5.375 -0.100 0.150 11.712
5.650 -4.819 -0.088 0.150 11.724
5.700 -3.800 -0.071 0.150 11.770
5.750 -2.405 -0.050 0.150 11.837
5.800 -0.776 -0.027 0.150 11.907
5.850 0.925 -0.004 0.150 11.953
5.900 2.542 0.017 0.150 11.971
5.950 3.908 0.032 0.150 11.949
6.000 4.897 0.042 0.150 11.903
6.050 5.394 0.044 0.150 11.855
6.100 5.364 0.037 0.150 11.824
6.150 4.799 0.025 0.150 11.827
6.200 3.776 0.008 0.150 11.865
6.250 2.381 -0.012 0.150 11.923
6.300 0.760 -0.036 0.150 11.981
6.350 -0.932 -0.059 0.150 12.017
6.400 -2.530 -0.080 0.150 12.024
6.450 -3.890 -0.092 0.150 11.990
6.500 -4.877 -0.102 0.150 11.932
6.550 -5.393 -0.103 0.150 11.868
6.600 -5.375 -0.099 0.150 11.829
6.650 -4.827 -0.088 0.150 11.826
6.700 -3.804 -0.071 0.150 11.855
6.750 -2.405 -0.049 0.150 11.906
6.800 -0.775 -0.026 0.150 11.957
6.850 0.926 -0.004 0.150 11.991
6.900 2.542 0.016 0.150 11.991
6.950 3.909 0.032 0.150 11.954
7.000 4.897 0.043 0.150 11.899
7.050 5.393 0.045 0.151 11.842
7.100 5.368 0.037 0.151 11.802
7.150 4.809 0.026 0.151 11.797
7.200 3.782 0.009 0.151 11.828
7.250 2.381 -0.012 0.151 11.881
7.300 0.761 -0.036 0.151 11.933
7.350 -0.930 -0.060 0.151 11.972
7.400 -2.529 -0.080 0.151 11.984
7.450 -3.890 -0.095 0.151 11.957
7.500 -4.877 -0.103 0.151 11.904
7.550 -5.392 -0.105 0.151 11.850
7.600 -5.379 -0.100 0.151 11.818
7.650 -4.833 -0.088 0.151 11.823
7.700 -3.805 -0.071 0.151 11.864
7.750 -2.406 -0.049 0.151 11.927
7.800 -0.775 -0.026 0.151 11.995
7.850 0.926 -0.004 0.151 12.043
7.900 2.542 0.017 0.151 12.062
7.950 3.909 0.033 0.151 12.041
8.000 4.896 0.043 0.151 12.000
8.050 5.393 0.044 0.151 11.958
8.100 5.371 0.038 0.151 11.934
8.150 4.810 0.027 0.151 11.944
8.200 3.781 0.009 0.151 11.990
8.250 2.381 -0.013 0.151 12.062
8.300 0.761 -0.037 0.151 12.135
8.350 -0.930 -0.060 0.151 12.191
8.400 -2.530 -0.080 0.151 12.209
8.450 -3.890 -0.093 0.151 12.189
8.500 -4.877 -0.102 0.151 12.143
8.550 -5.393 -0.105 0.151 12.097
8.600 -5.382 -0.099 0.151 12.070
8.650 -4.834 -0.088 0.151 12.080
8.700 -3.806 -0.071 0.151 12.124
8.750 -2.406 -0.049 0.151 12.189
8.800 -0.776 -0.025 0.151 12.260
8.850 0.925 -0.003 0.151 12.307
8.900 2.541 0.017 0.151 12.319
8.950 3.908 0.033 0.151 12.295
9.000 4.897 0.044 0.151 12.252
9.050 5.394 0.046 0.151 12.205
9.100 5.372 0.038 0.151 12.173
9.150 4.810 0.026 0.151 12.176
9.200 3.779 0.007 0.151 12.217
9.250 2.381 -0.013 0.151 12.279
9.300 0.760 -0.037 0.151 12.341
9.350 -0.929 -0.060 0.151 12.384
9.400 -2.530 -0.080 0.151 12.395
9.450 -3.889 -0.094 0.151 12.371
9.500 -4.877 -0.103 0.151 12.321
9.550 -5.392 -0.105 0.151 12.269
9.600 -5.382 -0.100 0.151 12.239
9.650 -4.834 -0.088 0.151 12.245
9.700 -3.806 -0.071 0.151 12.284
9.750 -2.406 -0.050 0.151 12.343
9.800 -0.776 -0.024 0.151 12.410
9.850 0.924 -0.003 0.151 12.454
9.900 2.540 0.017 0.151 12.466
9.950 3.908 0.033 0.151 12.441
10.000 4.895 0.042 0.151 12.393
10.050 5.392 0.044 0.151 12.344
10.100 5.371 0.039 0.151 12.315
10.150 4.809 0.027 0.151 12.319
10.200 3.779 0.008 0.151 12.361
10.250 2.380 -0.013 0.151 12.427
10.300 0.759 -0.037 0.151 12.487
10.350 -0.930 -0.058 0.151 12.525
10.400 -2.530 -0.079 0.151 12.533
10.450 -3.890 -0.093 0.151 12.502
10.500 -4.873 -0.103 0.151 12.448
10.550 -5.390 -0.105 0.151 12.389
10.600 -5.381 -0.100 0.151 12.352
10.650 -4.833 -0.087 0.151 12.351
10.700 -3.805 -0.069 0.151 12.386
10.750 -2.406 -0.048 0.151 12.444
10.800 -0.775 -0.026 0.151 12.498
10.850 0.924 -0.003 0.151 12.530
10.900 2.541 0.018 0.151 12.529
10.950 3.907 0.034 0.151 12.497
11.000 4.889 0.043 0.151 12.440
11.050 5.389 0.044 0.150 12.380
11.100 5.370 0.037 0.150 12.338
11.150 4.810 0.025 0.150 12.333
11.200 3.779 0.007 0.150 12.368
11.250 2.382 -0.013 0.150 12.425
11.300 0.761 -0.037 0.150 12.483
11.350 -0.930 -0.061 0.150 12.526
11.400 -2.531 -0.081 0.150 12.538
11.450 -3.885 -0.094 0.150 12.508
11.500 -4.866 -0.103 0.150 12.455
11.550 -5.389 -0.105 0.149 12.401
11.600 -5.380 -0.101 0.149 12.372
11.650 -4.834 -0.088 0.149 12.381
11.700 -3.805 -0.070 0.149 12.427
11.750 -2.405 -0.049 0.149 12.498
11.800 -0.775 -0.025 0.149 12.571
11.850 0.925 -0.003 0.149 12.627
11.900 2.540 0.018 0.149 12.649
11.950 3.897 0.033 0.149 12.637
12.000 4.884 0.042 0.149 12.599
12.050 5.389 0.045 0.150 12.562
12.100 5.370 0.038 0.150 12.546
12.150 4.809 0.026 0.150 12.566
12.200 3.779 0.007 0.150 12.626
12.250 2.379 -0.014 0.150 12.711
12.300 0.759 -0.038 0.150 12.795
12.350 -0.931 -0.061 0.150 12.862
12.400 -2.525 -0.081 0.150 12.889
12.450 -3.874 -0.094 0.150 12.879
12.500 -4.864 -0.103 0.150 12.842
12.550 -5.388 -0.106 0.151 12.803
12.600 -5.380 -0.100 0.151 12.785
12.650 -4.833 -0.087 0.151 12.804
12.700 -3.805 -0.070 0.151 12.858
12.750 -2.404 -0.049 0.151 12.933
12.800 -0.775 -0.026 0.151 13.008
12.850 0.925 -0.003 0.151 13.061
12.900 2.529 0.017 0.151 13.080
12.950 3.890 0.034 0.151 13.065
13.000 4.883 0.043 0.151 13.016
13.050 5.390 0.045 0.151 12.967
13.100 5.370 0.037 0.151 12.936
13.150 4.810 0.025 0.151 12.941
13.200 3.779 0.008 0.151 12.981
13.250 2.380 -0.014 0.151 13.044
13.300 0.759 -0.037 0.151 13.106
13.350 -0.929 -0.061 0.151 13.153
13.400 -2.510 -0.081 0.151 13.159
13.450 -3.869 -0.095 0.151 13.123
13.500 -4.863 -0.104 0.151 13.062
13.550 -5.388 -0.106 0.151 13.001
13.600 -5.381 -0.101 0.151 12.961
13.650 -4.833 -0.088 0.151 12.957
13.700 -3.804 -0.071 0.151 12.988
13.750 -2.404 -0.050 0.151 13.037
13.800 -0.774 -0.025 0.151 13.094
13.850 0.917 -0.003 0.151 13.124
13.900 2.518 0.016 0.151 13.113
13.950 3.888 0.032 0.151 13.068
14.000 4.882 0.042 0.151 13.003
14.050 5.390 0.043 0.151 12.937
14.100 5.370 0.038 0.151 12.892
14.150 4.809 0.027 0.151 12.882
14.200 3.779 0.006 0.151 12.912
14.250 2.379 -0.014 0.151 12.962
14.300 0.761 -0.037 0.151 13.007
14.350 -0.910 -0.061 0.151 13.036
14.400 -2.504 -0.081 0.151 13.026
14.450 -3.869 -0.094 0.151 12.978
14.500 -4.863 -0.104 0.151 12.907
14.550 -5.388 -0.106 0.151 12.834
14.600 -5.381 -0.100 0.151 12.783
14.650 -4.833 -0.088 0.151 12.771
14.700 -3.805 -0.071 0.151 12.795
14.750 -2.404 -0.049 0.151 12.840
14.800 -0.780 -0.026 0.151 12.889
14.850 0.900 -0.003 0.151 12.914
14.900 2.513 0.017 0.151 12.904
14.950 3.885 0.033 0.151 12.861
15.000 4.881 0.043 0.151 12.797
15.050 5.389 0.044 0.151 12.730
15.100 5.370 0.038 0.151 12.686
15.150 4.808 0.026 0.151 12.679
15.200 3.778 0.008 0.151 12.710
15.250 2.378 -0.014 0.151 12.768
15.300 0.776 -0.037 0.151 12.826
15.350 -0.903 -0.061 0.151 12.868
15.400 -2.503 -0.081 0.151 12.873
15.450 -3.868 -0.096 0.151 12.840
15.500 -4.863 -0.104 0.151 12.780
15.550 -5.388 -0.106 0.150 12.722
15.600 -5.381 -0.101 0.150 12.689
15.650 -4.833 -0.088 0.150 12.694
15.700 -3.805 -0.072 0.150 12.734
15.750 -2.407 -0.049 0.150 12.801
15.800 -0.798 -0.026 0.150 12.866
15.850 0.895 -0.003 0.150 12.909
15.900 2.512 0.017 0.150 12.918
15.950 3.886 0.032 0.150 12.887
16.000 4.881 0.043 0.150 12.840
16.050 5.389 0.045 0.151 12.790
16.100 5.369 0.038 0.151 12.759
16.150 4.807 0.025 0.151 12.764
16.200 3.774 0.007 0.151 12.807
16.250 2.391 -0.014 0.151 12.872
16.300 0.787 -0.038 0.151 12.934
16.350 -0.901 -0.060 0.151 12.976
16.400 -2.502 -0.081 0.151 12.986
16.450 -3.868 -0.094 0.151 12.949
16.500 -4.863 -0.105 0.151 12.893
16.550 -5.389 -0.107 0.152 12.834
16.600 -5.381 -0.101 0.152 12.794
16.650 -4.833 -0.089 0.152 12.792
16.700 -3.805 -0.072 0.152 12.824
16.750 -2.422 -0.050 0.152 12.879
16.800 -0.806 -0.026 0.152 12.938
16.850 0.893 -0.003 0.152 12.969
16.900 2.511 0.017 0.152 12.969
16.950 3.885 0.033 0.152 12.936
17.000 4.881 0.043 0.152 12.873
17.050 5.388 0.045 0.152 12.811
17.100 5.369 0.038 0.152 12.770
17.150 4.808 0.026 0.152 12.765
17.200 3.783 0.007 0.152 12.797
17.250 2.402 -0.014 0.152 12.851
17.300 0.789 -0.038 0.152 12.911
17.350 -0.900 -0.061 0.152 12.954
17.400 -2.502 -0.082 0.152 12.956
17.450 -3.868 -0.096 0.152 12.920
17.500 -4.863 -0.104 0.152 12.861
17.550 -5.388 -0.106 0.152 12.799
17.600 -5.381 -0.101 0.152 12.762
17.650 -4.833 -0.088 0.152 12.763
17.700 -3.816 -0.072 0.152 12.801
17.750 -2.432 -0.049 0.152 12.864
17.800 -0.808 -0.026 0.152 12.926
17.850 0.892 -0.003 0.152 12.966
17.900 2.510 0.017 0.152 12.972
17.950 3.886 0.033 0.152 12.943
18.000 4.881 0.043 0.152 12.893
18.050 5.388 0.045 0.153 12.841
18.100 5.368 0.039 0.153 12.809
18.150 4.810 0.026 0.153 12.813
18.200 3.796 0.007 0.153 12.857
18.250 2.407 -0.014 0.153 12.922
18.300 0.789 -0.037 0.153 12.988
18.350 -0.901 -0.061 0.153 13.038
18.400 -2.503 -0.081 0.153 13.052
18.450 -3.868 -0.095 0.153 13.020
18.500 -4.863 -0.105 0.153 12.967
18.550 -5.389 -0.106 0.153 12.910
18.600 -5.381 -0.100 0.153 12.876
18.650 -4.837 -0.089 0.153 12.881
18.700 -3.826 -0.071 0.153 12.923
18.750 -2.434 -0.049 0.153 12.987
18.800 -0.809 -0.025 0.153 13.055
18.850 0.892 -0.003 0.153 13.096
18.900 2.512 0.017 0.153 13.105
18.950 3.885 0.033 0.153 13.075
19.000 4.881 0.044 0.153 13.024
19.050 5.388 0.046 0.152 12.971
19.100 5.368 0.039 0.152 12.937
19.150 4.819 0.026 0.152 12.939
19.200 3.799 0.008 0.152 12.980
19.250 2.407 -0.013 0.152 13.044
19.300 0.791 -0.037 0.152 13.106
19.350 -0.900 -0.061 0.152 13.150
19.400 -2.503 -0.082 0.152 13.158
19.450 -3.868 -0.095 0.152 13.124
19.500 -4.863 -0.105 0.152 13.067
19.550 -5.388 -0.106 0.152 13.008
19.600 -5.382 -0.099 0.152 12.969
19.650 -4.847 -0.088 0.152 12.969
19.700 -3.829 -0.070 0.152 13.009
19.750 -2.435 -0.049 0.152 13.071
19.800 -0.809 -0.025 0.152 13.134
19.850 0.891 -0.002 0.152 13.175
19.900 2.512 0.017 0.152 13.178
19.950 3.886 0.033 0.152 13.144
20.000 4.881 0.045 0.152 13.090
20.050 5.389 0.047 0.154 13.037
20.100 5.375 0.039 0.154 13.000
20.150 4.824 0.026 0.154 13.001
20.200 3.803 0.008 0.154 13.040
20.250 2.409 -0.013 0.154 13.104
20.300 0.791 -0.036 0.154 13.164
20.350 -0.899 -0.060 0.154 13.206
20.400 -2.502 -0.081 0.154 13.215
20.450 -3.868 -0.095 0.154 13.182
20.500 -4.862 -0.104 0.154 13.124
20.550 -5.387 -0.107 0.154 13.066
20.600 -5.386 -0.100 0.154 13.029
20.650 -4.848 -0.088 0.154 13.032
20.700 -3.828 -0.071 0.154 13.071
20.750 -2.434 -0.049 0.154 13.133
20.800 -0.808 -0.025 0.154 13.196
20.850 0.893 -0.003 0.154 13.233
20.900 2.513 0.018 0.154 13.237
20.950 3.886 0.034 0.154 13.202
21.000 4.882 0.044 0.154 13.145
21.050 5.389 0.046 0.154 13.085
21.100 5.378 0.039 0.154 13.044
21.150 4.832 0.028 0.154 13.038
21.200 3.796 0.011 0.154 13.069
21.250 2.411 -0.013 0.154 13.125
21.300 0.790 -0.037 0.154 13.181
21.350 -0.898 -0.062 0.154 13.220
21.400 -2.502 -0.081 0.154 13.214
21.450 -3.867 -0.095 0.154 13.170
21.500 -4.862 -0.103 0.154 13.099
21.550 -5.388 -0.107 0.154 13.029
21.600 -5.387 -0.100 0.154 12.981
21.650 -4.848 -0.090 0.154 12.971
21.700 -3.829 -0.071 0.154 12.998
21.750 -2.433 -0.050 0.154 13.045
21.800 -0.808 -0.025 0.154 13.095
21.850 0.894 -0.003 0.154 13.118
21.900 2.511 0.017 0.154 13.104
21.950 3.888 0.033 0.154 13.052
22.000 4.881 0.045 0.154 12.983
22.050 5.391 0.045 0.154 12.911
22.100 5.376 0.039 0.154 12.858
22.150 4.827 0.027 0.154 12.842
22.200 3.801 0.008 0.154 12.864
22.250 2.410 -0.013 0.154 12.909
22.300 0.791 -0.036 0.154 12.953
22.350 -0.898 -0.060 0.154 12.975
22.400 -2.502 -0.081 0.154 12.965
22.450 -3.867 -0.095 0.154 12.918
22.500 -4.861 -0.104 0.154 12.844
22.550 -5.386 -0.106 0.153 12.770
22.600 -5.386 -0.101 0.153 12.720
22.650 -4.848 -0.090 0.153 12.708
22.700 -3.829 -0.072 0.153 12.734
22.750 -2.434 -0.050 0.153 12.782
22.800 -0.808 -0.025 0.153 12.829
22.850 0.894 -0.003 0.153 12.852
22.900 2.513 0.018 0.153 12.841
22.950 3.886 0.034 0.153 12.800
23.000 4.880 0.044 0.153 12.736
23.050 5.388 0.046 0.153 12.670
23.100 5.377 0.039 0.153 12.625
23.150 4.826 0.027 0.153 12.616
23.200 3.803 0.010 0.153 12.645
23.250 2.410 -0.012 0.153 12.700
23.300 0.791 -0.037 0.153 12.754
23.350 -0.898 -0.061 0.153 12.785
23.400 -2.502 -0.081 0.153 12.782
23.450 -3.866 -0.095 0.153 12.740
23.500 -4.855 -0.104 0.153 12.676
23.550 -5.384 -0.107 0.153 12.610
23.600 -5.386 -0.101 0.153 12.565
23.650 -4.849 -0.089 0.153 12.559
23.700 -3.829 -0.072 0.153 12.588
23.750 -2.434 -0.051 0.153 12.638
23.800 -0.808 -0.026 0.153 12.689
23.850 0.893 -0.004 0.153 12.715
23.900 2.512 0.016 0.153 12.704
23.950 3.884 0.033 0.153 12.661
24.000 4.872 0.044 0.153 12.596
24.050 5.386 0.046 0.153 12.532
24.100 5.376 0.040 0.153 12.486
24.150 4.826 0.027 0.153 12.474
24.200 3.802 0.008 0.153 12.500
24.250 2.410 -0.012 0.153 12.546
24.300 0.791 -0.036 0.153 12.590
24.350 -0.898 -0.061 0.153 12.622
24.400 -2.502 -0.082 0.153 12.623
24.450 -3.860 -0.095 0.153 12.576
24.500 -4.851 -0.104 0.153 12.503
24.550 -5.383 -0.106 0.153 12.428
24.600 -5.386 -0.101 0.153 12.378
24.650 -4.849 -0.089 0.153 12.365
24.700 -3.829 -0.072 0.153 12.387
24.750 -2.435 -0.050 0.153 12.435
24.800 -0.808 -0.026 0.153 12.481
24.850 0.891 -0.003 0.153 12.512
24.900 2.511 0.017 0.153 12.505
24.950 3.874 0.034 0.153 12.469
25.000 4.869 0.044 0.153 12.406
25.050 5.385 0.046 0.153 12.347
25.100 5.375 0.038 0.153 12.306
25.150 4.826 0.026 0.153 12.302
25.200 3.803 0.009 0.153 12.338
25.250 2.410 -0.012 0.153 12.396
25.300 0.792 -0.037 0.153 12.459
25.350 -0.899 -0.061 0.153 12.503
25.400 -2.496 -0.081 0.153 12.511
25.450 -3.850 -0.095 0.153 12.483
25.500 -4.848 -0.103 0.153 12.430
25.550 -5.382 -0.106 0.153 12.376
25.600 -5.386 -0.101 0.153 12.347
25.650 -4.849 -0.089 0.153 12.356
25.700 -3.829 -0.072 0.153 12.399
25.750 -2.434 -0.050 0.153 12.466
25.800 -0.809 -0.026 0.153 12.537
25.850 0.892 -0.003 0.153 12.586
25.900 2.501 0.016 0.153 12.598
25.950 3.866 0.033 0.153 12.579
26.000 4.867 0.044 0.153 12.535
26.050 5.383 0.045 0.153 12.488
26.100 5.375 0.039 0.153 12.461
26.150 4.827 0.027 0.153 12.470
26.200 3.801 0.008 0.153 12.518
26.250 2.409 -0.012 0.153 12.586
26.300 0.791 -0.036 0.153 12.650
26.350 -0.896 -0.060 0.153 12.699
26.400 -2.482 -0.081 0.153 12.716
26.450 -3.846 -0.095 0.153 12.691
26.500 -4.848 -0.104 0.153 12.638
26.550 -5.382 -0.107 0.153 12.582
26.600 -5.386 -0.101 0.153 12.548
26.650 -4.849 -0.089 0.153 12.551
26.700 -3.828 -0.073 0.153 12.587
26.750 -2.434 -0.051 0.153 12.645
26.800 -0.809 -0.026 0.153 12.706
26.850 0.883 -0.004 0.153 12.741
26.900 2.488 0.017 0.153 12.744
26.950 3.863 0.033 0.153 12.712
27.000 4.867 0.044 0.153 12.656
27.050 5.383 0.046 0.153 12.597
27.100 5.375 0.037 0.153 12.555
27.150 4.824 0.028 0.153 12.548
27.200 3.802 0.007 0.153 12.580
27.250 2.409 -0.014 0.153 12.638
27.300 0.793 -0.037 0.153 12.696
27.350 -0.879 -0.062 0.153 12.738
27.400 -2.475 -0.081 0.153 12.738
27.450 -3.844 -0.095 0.153 12.701
27.500 -4.847 -0.104 0.153 12.640
27.550 -5.382 -0.107 0.153 12.577
27.600 -5.386 -0.102 0.153 12.537
27.650 -4.849 -0.090 0.153 12.534
27.700 -3.829 -0.073 0.153 12.566
27.750 -2.434 -0.051 0.153 12.622
27.800 -0.814 -0.027 0.153 12.679
27.850 0.866 -0.004 0.153 12.715
27.900 2.483 0.015 0.153 12.715
27.950 3.863 0.032 0.153 12.680
28.000 4.866 0.043 0.153 12.623
28.050 5.383 0.046 0.154 12.567
28.100 5.373 0.039 0.154 12.529
28.150 4.824 0.027 0.154 12.526
28.200 3.800 0.009 0.154 12.561
28.250 2.408 -0.014 0.154 12.620
28.300 0.808 -0.037 0.154 12.673
28.350 -0.871 -0.061 0.154 12.712
28.400 -2.474 -0.081 0.154 12.715
28.450 -3.845 -0.096 0.154 12.681
28.500 -4.848 -0.105 0.154 12.618
28.550 -5.383 -0.106 0.154 12.551
28.600 -5.386 -0.101 0.154 12.507
28.650 -4.848 -0.090 0.154 12.500
28.700 -3.828 -0.074 0.154 12.525
28.750 -2.437 -0.051 0.154 12.573
28.800 -0.831 -0.026 0.154 12.626
28.850 0.861 -0.004 0.154 12.654
28.900 2.483 0.016 0.154 12.649
28.950 3.861 0.032 0.154 12.604
29.000 4.866 0.042 0.154 12.536
29.050 5.384 0.044 0.154 12.470
29.100 5.374 0.038 0.154 12.424
29.150 4.825 0.025 0.154 12.413
29.200 3.801 0.008 0.154 12.440
29.250 2.420 -0.014 0.154 12.489
29.300 0.819 -0.037 0.154 12.538
29.350 -0.869 -0.061 0.154 12.569
29.400 -2.474 -0.082 0.154 12.565
29.450 -3.845 -0.096 0.154 12.526
29.500 -4.849 -0.106 0.154 12.465
29.550 -5.383 -0.108 0.154 12.400
29.600 -5.386 -0.103 0.154 12.357
29.650 -4.848 -0.090 0.154 12.351
29.700 -3.829 -0.073 0.154 12.382
29.750 -2.454 -0.051 0.154 12.438
29.800 -0.839 -0.027 0.154 12.496
29.850 0.860 -0.004 0.154 12.533
29.900 2.482 0.015 0.154 12.537
29.950 3.862 0.032 0.154 12.511
30.000 4.866 0.043 0.154 12.461
30.050 5.384 0.045 0.154 12.412
30.100 5.375 0.039 0.154 12.383
30.150 4.825 0.026 0.154 12.390
30.200 3.808 0.009 0.154 12.437
30.250 2.433 -0.013 0.154 12.507
30.300 0.822 -0.037 0.154 12.574
30.350 -0.868 -0.061 0.154 12.632
30.400 -2.474 -0.081 0.154 12.644
30.450 -3.845 -0.095 0.154 12.619
30.500 -4.848 -0.105 0.154 12.570
30.550 -5.383 -0.107 0.153 12.517
30.600 -5.386 -0.102 0.153 12.488
30.650 -4.849 -0.091 0.153 12.494
30.700 -3.840 -0.072 0.153 12.535
30.750 -2.461 -0.051 0.153 12.598
30.800 -0.841 -0.027 0.153 12.662
30.850 0.859 -0.004 0.153 12.702
30.900 2.483 0.015 0.153 12.706
30.950 3.862 0.031 0.153 12.670
31.000 4.867 0.043 0.153 12.614
31.050 5.384 0.045 0.153 12.554
31.100 5.376 0.038 0.153 12.511
31.150 4.823 0.026 0.153 12.502
31.200 3.820 0.007 0.153 12.530
31.250 2.437 -0.013 0.153 12.582
31.300 0.823 -0.036 0.153 12.631
31.350 -0.868 -0.060 0.153 12.662
31.400 -2.473 -0.081 0.153 12.658
31.450 -3.845 -0.095 0.153 12.610
31.500 -4.848 -0.104 0.153 12.538
31.550 -5.383 -0.107 0.153 12.462
31.600 -5.386 -0.101 0.153 12.410
31.650 -4.854 -0.090 0.153 12.395
31.700 -3.850 -0.073 0.153 12.417
31.750 -2.464 -0.051 0.153 12.459
31.800 -0.841 -0.027 0.153 12.504
31.850 0.859 -0.004 0.153 12.531
31.900 2.482 0.015 0.153 12.524
31.950 3.861 0.032 0.153 12.480
32.000 4.867 0.043 0.153 12.416
32.050 5.384 0.046 0.153 12.353
32.100 5.375 0.038 0.153 12.309
32.150 4.835 0.027 0.153 12.300
32.200 3.825 0.009 0.153 12.329
32.250 2.437 -0.012 0.153 12.381
32.300 0.822 -0.036 0.153 12.435
32.350 -0.867 -0.060 0.153 12.469
32.400 -2.473 -0.080 0.153 12.470
32.450 -3.845 -0.095 0.153 12.434
32.500 -4.848 -0.104 0.153 12.373
32.550 -5.383 -0.106 0.153 12.311
32.600 -5.387 -0.101 0.153 12.270
32.650 -4.862 -0.090 0.153 12.267
32.700 -3.852 -0.073 0.153 12.300
32.750 -2.465 -0.052 0.153 12.355
32.800 -0.842 -0.028 0.153 12.412
32.850 0.859 -0.006 0.153 12.441
32.900 2.482 0.015 0.153 12.437
32.950 3.861 0.031 0.153 12.396
33.000 4.866 0.043 0.153 12.336
33.050 5.384 0.045 0.152 12.272
33.100 5.378 0.036 0.152 12.225
33.150 4.839 0.025 0.152 12.213
33.200 3.825 0.008 0.152 12.238
33.250 2.438 -0.012 0.152 12.284
33.300 0.824 -0.036 0.152 12.331
33.350 -0.867 -0.061 0.152 12.362
33.400 -2.473 -0.081 0.152 12.360
33.450 -3.844 -0.094 0.152 12.312
33.500 -4.848 -0.103 0.152 12.239
33.550 -5.383 -0.106 0.152 12.166
33.600 -5.391 -0.101 0.152 12.117
33.650 -4.864 -0.091 0.152 12.104
33.700 -3.852 -0.073 0.152 12.127
33.750 -2.464 -0.051 0.152 12.174
33.800 -0.841 -0.027 0.152 12.223
33.850 0.860 -0.004 0.152 12.255
33.900 2.482 0.015 0.152 12.248
33.950 3.862 0.033 0.152 12.213
34.000 4.867 0.042 0.152 12.153
34.050 5.384 0.044 0.152 12.094
34.100 5.382 0.038 0.152 12.055
34.150 4.841 0.027 0.152 12.051
34.200 3.825 0.008 0.152 12.085
34.250 2.438 -0.013 0.152 12.146
34.300 0.824 -0.037 0.152 12.208
34.350 -0.867 -0.062 0.152 12.258
34.400 -2.473 -0.081 0.152 12.269
34.450 -3.844 -0.095 0.152 12.245
34.500 -4.847 -0.105 0.152 12.200
34.550 -5.383 -0.107 0.152 12.152
34.600 -5.392 -0.102 0.152 12.125
34.650 -4.864 -0.090 0.152 12.135
34.700 -3.852 -0.074 0.152 12.180
34.750 -2.464 -0.052 0.152 12.248
34.800 -0.840 -0.028 0.152 12.318
34.850 0.860 -0.005 0.152 12.370
34.900 2.483 0.016 0.152 12.389
34.950 3.862 0.032 0.152 12.370
35.000 4.867 0.042 0.152 12.329
35.050 5.383 0.045 0.152 12.285
35.100 5.382 0.038 0.152 12.257
35.150 4.840 0.026 0.152 12.263
35.200 3.825 0.009 0.152 12.306
35.250 2.436 -0.012 0.152 12.372
35.300 0.823 -0.036 0.152 12.433
35.350 -0.868 -0.059 0.152 12.474
35.400 -2.474 -0.080 0.152 12.482
35.450 -3.844 -0.094 0.152 12.448
35.500 -4.844 -0.103 0.152 12.386
35.550 -5.380 -0.106 0.152 12.320
35.600 -5.391 -0.101 0.152 12.276
35.650 -4.863 -0.089 0.152 12.266
35.700 -3.850 -0.072 0.152 12.290
35.750 -2.464 -0.051 0.152 12.334
35.800 -0.840 -0.027 0.152 12.378
35.850 0.860 -0.003 0.152 12.406
35.900 2.484 0.016 0.152 12.394
35.950 3.862 0.032 0.152 12.349
36.000 4.860 0.043 0.152 12.282
36.050 5.381 0.046 0.153 12.215
36.100 5.381 0.039 0.153 12.164
36.150 4.834 0.027 0.153 12.147
36.200 3.830 0.007 0.153 12.172
36.250 2.437 -0.012 0.153 12.216
36.300 0.821 -0.036 0.153 12.255
36.350 -0.869 -0.059 0.153 12.280
36.400 -2.474 -0.080 0.153 12.274
36.450 -3.839 -0.094 0.153 12.236
36.500 -4.837 -0.103 0.153 12.173
36.550 -5.379 -0.106 0.153 12.108
36.600 -5.391 -0.101 0.153 12.067
36.650 -4.863 -0.088 0.153 12.063
36.700 -3.850 -0.072 0.153 12.094
36.750 -2.462 -0.050 0.153 12.150
36.800 -0.839 -0.026 0.153 12.210
36.850 0.862 -0.004 0.153 12.255
36.900 2.484 0.016 0.153 12.262
36.950 3.853 0.033 0.153 12.237
37.000 4.855 0.043 0.153 12.191
37.050 5.380 0.046 0.152 12.144
37.100 5.381 0.039 0.152 12.116
37.150 4.839 0.026 0.152 12.122
37.200 3.825 0.009 0.152 12.165
37.250 2.437 -0.011 0.152 12.231
37.300 0.821 -0.035 0.152 12.295
37.350 -0.869 -0.060 0.152 12.349
37.400 -2.469 -0.081 0.152 12.369
37.450 -3.828 -0.094 0.152 12.346
37.500 -4.834 -0.104 0.152 12.298
37.550 -5.378 -0.106 0.152 12.245
37.600 -5.390 -0.102 0.152 12.215
37.650 -4.862 -0.088 0.152 12.221
37.700 -3.850 -0.072 0.152 12.262
37.750 -2.462 -0.052 0.152 12.323
37.800 -0.839 -0.026 0.152 12.389
37.850 0.861 -0.004 0.152 12.431
37.900 2.474 0.015 0.152 12.437
37.950 3.845 0.032 0.152 12.408
38.000 4.855 0.042 0.152 12.354
38.050 5.380 0.046 0.152 12.298
38.100 5.381 0.039 0.152 12.258
38.150 4.839 0.027 0.152 12.251
38.200 3.825 0.009 0.152 12.280
38.250 2.435 -0.012 0.152 12.333
38.300 0.821 -0.035 0.152 12.382
38.350 -0.866 -0.059 0.152 12.415
38.400 -2.454 -0.079 0.152 12.412
38.450 -3.824 -0.094 0.152 12.373
38.500 -4.833 -0.103 0.152 12.309
38.550 -5.378 -0.106 0.152 12.243
38.600 -5.390 -0.101 0.152 12.198
38.650 -4.863 -0.088 0.152 12.189
38.700 -3.850 -0.072 0.152 12.214
38.750 -2.462 -0.050 0.152 12.262
38.800 -0.839 -0.026 0.152 12.316
38.850 0.855 -0.004 0.152 12.343
38.900 2.462 0.016 0.152 12.341
38.950 3.842 0.032 0.152 12.302
39.000 4.854 0.043 0.152 12.242
39.050 5.379 0.045 0.152 12.180
39.100 5.381 0.038 0.152 12.138
39.150 4.840 0.026 0.152 12.131
39.200 3.826 0.009 0.152 12.162
39.250 2.436 -0.012 0.152 12.218
39.300 0.821 -0.036 0.152 12.275
39.350 -0.852 -0.060 0.152 12.317
39.400 -2.448 -0.080 0.152 12.321
39.450 -3.822 -0.095 0.152 12.295
39.500 -4.833 -0.104 0.152 12.244
39.550 -5.377 -0.106 0.152 12.189
39.600 -5.390 -0.101 0.152 12.157
39.650 -4.862 -0.089 0.152 12.163
39.700 -3.850 -0.073 0.152 12.203
39.750 -2.462 -0.051 0.152 12.269
39.800 -0.842 -0.027 0.152 12.339
39.850 0.838 -0.005 0.152 12.384
39.900 2.457 0.015 0.152 12.399
39.950 3.840 0.032 0.152 12.380
40.000 4.853 0.042 0.152 12.335
40.050 5.379 0.046 0.152 12.294
40.100 5.381 0.039 0.152 12.268
40.150 4.839 0.027 0.152 12.276
40.200 3.824 0.008 0.152 12.323
40.250 2.437 -0.013 0.152 12.395
40.300 0.832 -0.035 0.152 12.462
40.350 -0.841 -0.059 0.152 12.511
40.400 -2.446 -0.080 0.152 12.531
40.450 -3.822 -0.095 0.152 12.513
40.500 -4.832 -0.103 0.152 12.464
40.550 -5.377 -0.107 0.152 12.412
40.600 -5.391 -0.101 0.152 12.379
40.650 -4.863 -0.090 0.152 12.382
40.700 -3.851 -0.074 0.152 12.418
40.750 -2.462 -0.051 0.152 12.478
40.800 -0.854 -0.027 0.152 12.543
40.850 0.832 -0.005 0.152 12.577
40.900 2.455 0.016 0.152 12.581
40.950 3.840 0.031 0.152 12.551
41.000 4.851 0.043 0.152 12.493
41.050 5.379 0.045 0.152 12.435
41.100 5.379 0.038 0.152 12.394
41.150 4.838 0.027 0.152 12.386
41.200 3.823 0.009 0.152 12.414
41.250 2.442 -0.013 0.152 12.470
41.300 0.846 -0.036 0.152 12.522
41.350 -0.838 -0.060 0.152 12.557
41.400 -2.446 -0.080 0.152 12.556
41.450 -3.822 -0.094 0.152 12.515
41.500 -4.833 -0.104 0.152 12.452
41.550 -5.378 -0.106 0.152 12.385
41.600 -5.391 -0.101 0.152 12.339
41.650 -4.863 -0.089 0.152 12.330
41.700 -3.851 -0.072 0.152 12.356
41.750 -2.473 -0.052 0.152 12.403
41.800 -0.870 -0.027 0.152 12.456
41.850 0.829 -0.004 0.152 12.488
41.900 2.454 0.016 0.152 12.489
41.950 3.839 0.032 0.152 12.453
42.000 4.851 0.043 0.152 12.393
42.050 5.379 0.045 0.152 12.335
42.100 5.379 0.039 0.152 12.296
42.150 4.838 0.026 0.152 12.293
42.200 3.823 0.009 0.152 12.328
42.250 2.456 -0.013 0.152 12.389
42.300 0.851 -0.036 0.152 12.450
42.350 -0.837 -0.060 0.152 12.493
42.400 -2.446 -0.081 0.152 12.506
42.450 -3.822 -0.094 0.152 12.479
42.500 -4.833 -0.104 0.152 12.428
42.550 -5.378 -0.107 0.152 12.374
42.600 -5.391 -0.102 0.152 12.342
42.650 -4.863 -0.090 0.152 12.347
42.700 -3.855 -0.072 0.152 12.389
42.750 -2.487 -0.051 0.152 12.454
42.800 -0.873 -0.027 0.152 12.522
42.850 0.828 -0.004 0.152 12.571
42.900 2.453 0.016 0.152 12.587
42.950 3.839 0.032 0.152 12.568
43.000 4.851 0.042 0.152 12.521
43.050 5.377 0.044 0.152 12.475
43.100 5.379 0.037 0.152 12.446
43.150 4.839 0.025 0.152 12.453
43.200 3.836 0.008 0.152 12.499
43.250 2.463 -0.013 0.152 12.571
43.300 0.853 -0.037 0.152 12.644
43.350 -0.837 -0.061 0.152 12.699
43.400 -2.446 -0.082 0.152 12.718
43.450 -3.822 -0.096 0.152 12.699
43.500 -4.833 -0.105 0.152 12.655
43.550 -5.377 -0.108 0.152 12.607
43.600 -5.391 -0.102 0.152 12.578
43.650 -4.864 -0.090 0.152 12.587
43.700 -3.868 -0.074 0.152 12.629
43.750 -2.492 -0.052 0.152 12.698
43.800 -0.873 -0.028 0.152 12.769
43.850 0.827 -0.005 0.152 12.820
43.900 2.453 0.015 0.152 12.838
43.950 3.839 0.030 0.152 12.813
44.000 4.852 0.041 0.152 12.764
44.050 5.379 0.045 0.153 12.718
44.100 5.380 0.038 0.153 12.687
44.150 4.844 0.025 0.153 12.692
44.200 3.845 0.008 0.153 12.736
44.250 2.465 -0.014 0.153 12.805
44.300 0.854 -0.037 0.153 12.868
44.350 -0.837 -0.060 0.153 12.918
44.400 -2.445 -0.081 0.153 12.930
44.450 -3.822 -0.095 0.153 12.898
44.500 -4.833 -0.105 0.153 12.843
44.550 -5.378 -0.107 0.153 12.784
44.600 -5.391 -0.102 0.153 12.746
44.650 -4.872 -0.089 0.153 12.744
44.700 -3.874 -0.074 0.153 12.776
44.750 -2.493 -0.052 0.153 12.831
44.800 -0.874 -0.027 0.153 12.889
44.850 0.829 -0.004 0.153 12.925
44.900 2.453 0.015 0.153 12.923
44.950 3.839 0.031 0.153 12.889
45.000 4.851 0.041 0.153 12.824
45.050 5.379 0.043 0.153 12.758
45.100 5.382 0.037 0.153 12.712
45.150 4.852 0.026 0.153 12.703
45.200 3.848 0.008 0.153 12.732
45.250 2.466 -0.015 0.153 12.789
45.300 0.854 -0.037 0.153 12.842
45.350 -0.836 -0.060 0.153 12.875
45.400 -2.446 -0.081 0.153 12.874
45.450 -3.822 -0.095 0.153 12.833
45.500 -4.833 -0.105 0.153 12.768
45.550 -5.378 -0.108 0.153 12.702
45.600 -5.394 -0.102 0.153 12.656
45.650 -4.878 -0.090 0.153 12.648
45.700 -3.875 -0.073 0.153 12.677
45.750 -2.494 -0.051 0.153 12.732
45.800 -0.874 -0.027 0.153 12.791
45.850 0.828 -0.005 0.153 12.827
45.900 2.453 0.015 0.153 12.830
45.950 3.840 0.033 0.153 12.803
46.000 4.852 0.043 0.153 12.753
46.050 5.380 0.043 0.153 12.696
46.100 5.386 0.038 0.153 12.662
46.150 4.853 0.025 0.153 12.664
46.200 3.853 0.008 0.153 12.706
46.250 2.468 -0.013 0.153 12.772
46.300 0.854 -0.036 0.153 12.834
46.350 -0.835 -0.057 0.153 12.872
46.400 -2.444 -0.081 0.153 12.886
46.450 -3.822 -0.096 0.153 12.861
46.500 -4.833 -0.104 0.153 12.805
46.550 -5.378 -0.106 0.151 12.746
46.600 -5.397 -0.101 0.151 12.708
46.650 -4.878 -0.089 0.151 12.707
46.700 -3.875 -0.073 0.151 12.740
46.750 -2.493 -0.051 0.151 12.800
46.800 -0.873 -0.027 0.151 12.858
46.850 0.828 -0.004 0.151 12.898
46.900 2.454 0.017 0.151 12.903
46.950 3.840 0.033 0.151 12.868
47.000 4.853 0.042 0.151 12.805
47.050 5.379 0.045 0.153 12.741
47.100 5.387 0.039 0.153 12.696
47.150 4.856 0.027 0.153 12.684
47.200 3.849 0.008 0.153 12.712
47.250 2.467 -0.014 0.153 12.767
47.300 0.855 -0.036 0.153 12.817
47.350 -0.835 -0.059 0.153 12.848
47.400 -2.444 -0.080 0.153 12.845
47.450 -3.821 -0.095 0.153 12.801
47.500 -4.832 -0.104 0.153 12.734
47.550 -5.377 -0.106 0.153 12.665
47.600 -5.397 -0.102 0.153 12.620
47.650 -4.878 -0.090 0.153 12.611
47.700 -3.875 -0.073 0.153 12.638
47.750 -2.493 -0.051 0.153 12.691
47.800 -0.874 -0.027 0.153 12.746
47.850 0.828 -0.004 0.153 12.777
47.900 2.454 0.015 0.153 12.776
47.950 3.839 0.032 0.153 12.743
48.000 4.851 0.041 0.153 12.680
48.050 5.377 0.045 0.151 12.619
48.100 5.388 0.039 0.151 12.577
48.150 4.854 0.027 0.151 12.571
48.200 3.849 0.009 0.151 12.602
48.250 2.467 -0.012 0.151 12.655
48.300 0.855 -0.034 0.151 12.705
48.350 -0.835 -0.059 0.151 12.740
48.400 -2.444 -0.081 0.151 12.745
48.450 -3.821 -0.095 0.151 12.702
48.500 -4.829 -0.104 0.151 12.640
48.550 -5.374 -0.106 0.151 12.576
48.600 -5.396 -0.102 0.151 12.533
48.650 -4.878 -0.090 0.151 12.526
48.700 -3.875 -0.073 0.151 12.553
48.750 -2.493 -0.050 0.151 12.607
48.800 -0.874 -0.027 0.151 12.658
48.850 0.828 -0.004 0.151 12.690
48.900 2.453 0.017 0.151 12.689
48.950 3.840 0.032 0.151 12.647
49.000 4.846 0.042 0.151 12.579
49.050 5.376 0.045 0.152 12.514
49.100 5.386 0.039 0.152 12.466
49.150 4.854 0.027 0.152 12.453
49.200 3.848 0.009 0.152 12.479
49.250 2.466 -0.012 0.152 12.525
49.300 0.854 -0.036 0.152 12.573
49.350 -0.835 -0.059 0.152 12.601
49.400 -2.444 -0.082 0.152 12.604
49.450 -3.818 -0.094 0.152 12.564
49.500 -4.823 -0.103 0.152 12.500
49.550 -5.373 -0.106 0.152 12.439
49.600 -5.396 -0.102 0.152 12.396
49.650 -4.878 -0.090 0.152 12.390
49.700 -3.875 -0.073 0.152 12.421
49.750 -2.492 -0.052 0.152 12.474
49.800 -0.874 -0.027 0.152 12.534
49.850 0.829 -0.004 0.152 12.573
49.900 2.454 0.015 0.152 12.578
49.950 3.831 0.032 0.152 12.548
50.000 4.838 0.042 0.152 12.495
50.050 5.375 0.046 0.153 12.443
50.100 5.386 0.039 0.153 12.409
50.150 4.855 0.026 0.153 12.410
50.200 3.847 0.008 0.153 12.450
50.250 2.466 -0.011 0.153 12.512
50.300 0.854 -0.036 0.153 12.577
50.350 -0.836 -0.059 0.153 12.624
50.400 -2.443 -0.082 0.153 12.639
50.450 -3.807 -0.095 0.153 12.609
50.500 -4.819 -0.105 0.153 12.559
50.550 -5.372 -0.106 0.153 12.505
50.600 -5.396 -0.102 0.153 12.472
50.650 -4.878 -0.090 0.153 12.475
50.700 -3.875 -0.073 0.153 12.512
50.750 -2.492 -0.051 0.153 12.573
50.800 -0.873 -0.027 0.153 12.638
50.850 0.828 -0.004 0.153 12.683
50.900 2.448 0.015 0.153 12.688
50.950 3.822 0.031 0.153 12.655
51.000 4.837 0.042 0.153 12.600
51.050 5.374 0.046 0.153 12.545
51.100 5.386 0.039 0.153 12.507
51.150 4.853 0.027 0.153 12.503
51.200 3.846 0.008 0.153 12.536
51.250 2.465 -0.013 0.153 12.595
51.300 0.857 -0.038 0.153 12.657
51.350 -0.835 -0.060 0.153 12.697
51.400 -2.429 -0.081 0.153 12.702
51.450 -3.801 -0.094 0.153 12.667
51.500 -4.818 -0.104 0.153 12.611
51.550 -5.371 -0.106 0.153 12.549
51.600 -5.396 -0.102 0.153 12.508
51.650 -4.878 -0.090 0.153 12.505
51.700 -3.874 -0.074 0.153 12.537
51.750 -2.492 -0.051 0.153 12.594
51.800 -0.874 -0.027 0.153 12.659
51.850 0.825 -0.003 0.153 12.704
51.900 2.433 0.015 0.153 12.709
51.950 3.819 0.032 0.153 12.679
52.000 4.837 0.043 0.153 12.630
52.050 5.375 0.045 0.152 12.578
52.100 5.387 0.038 0.152 12.544
52.150 4.855 0.027 0.152 12.548
52.200 3.848 0.009 0.152 12.589
52.250 2.466 -0.012 0.152 12.655
52.300 0.854 -0.036 0.152 12.722
52.350 -0.823 -0.060 0.152 12.771
52.400 -2.419 -0.081 0.152 12.787
52.450 -3.798 -0.095 0.152 12.765
52.500 -4.817 -0.105 0.152 12.719
52.550 -5.371 -0.106 0.152 12.665
52.600 -5.396 -0.102 0.152 12.633
52.650 -4.877 -0.090 0.152 12.638
52.700 -3.874 -0.073 0.152 12.678
52.750 -2.492 -0.051 0.152 12.742
52.800 -0.874 -0.027 0.152 12.807
52.850 0.808 -0.004 0.152 12.854
52.900 2.428 0.014 0.152 12.857
52.950 3.818 0.032 0.152 12.831
53.000 4.837 0.042 0.152 12.774
53.050 5.374 0.045 0.152 12.717
53.100 5.386 0.038 0.152 12.678
53.150 4.855 0.027 0.152 12.673
53.200 3.848 0.008 0.152 12.706
53.250 2.466 -0.012 0.152 12.762
53.300 0.862 -0.036 0.152 12.817
53.350 -0.810 -0.060 0.152 12.852
53.400 -2.416 -0.081 0.152 12.852
53.450 -3.798 -0.095 0.152 12.815
53.500 -4.817 -0.104 0.152 12.749
53.550 -5.371 -0.106 0.152 12.678
53.600 -5.395 -0.102 0.152 12.628
53.650 -4.877 -0.090 0.152 12.616
53.700 -3.874 -0.073 0.152 12.640
53.750 -2.492 -0.051 0.152 12.687
53.800 -0.886 -0.026 0.152 12.741
53.850 0.799 -0.005 0.152 12.770
53.900 2.425 0.014 0.152 12.761
53.950 3.817 0.032 0.152 12.720
54.000 4.838 0.041 0.152 12.654
54.050 5.374 0.044 0.152 12.586
54.100 5.387 0.038 0.152 12.541
54.150 4.855 0.026 0.152 12.531
54.200 3.849 0.009 0.152 12.559
54.250 2.469 -0.012 0.152 12.615
54.300 0.878 -0.035 0.152 12.668
54.350 -0.806 -0.059 0.152 12.706
54.400 -2.417 -0.081 0.152 12.710
54.450 -3.799 -0.094 0.152 12.672
54.500 -4.818 -0.104 0.152 12.607
54.550 -5.372 -0.105 0.151 12.542
54.600 -5.396 -0.103 0.151 12.502
54.650 -4.878 -0.091 0.151 12.499
54.700 -3.875 -0.074 0.151 12.531
54.750 -2.501 -0.051 0.151 12.586
54.800 -0.901 -0.028 0.151 12.645
54.850 0.796 -0.005 0.151 12.684
54.900 2.424 0.015 0.151 12.690
54.950 3.816 0.032 0.151 12.657
55.000 4.836 0.042 0.151 12.597
55.050 5.373 0.045 0.151 12.537
55.100 5.385 0.038 0.151 12.497
55.150 4.854 0.027 0.151 12.491
55.200 3.848 0.008 0.151 12.524
55.250 2.485 -0.012 0.151 12.582
55.300 0.885 -0.035 0.151 12.635
55.350 -0.804 -0.059 0.151 12.676
55.400 -2.416 -0.081 0.151 12.681
55.450 -3.798 -0.094 0.151 12.647
55.500 -4.818 -0.104 0.151 12.586
55.550 -5.372 -0.105 0.151 12.518
55.600 -5.396 -0.103 0.151 12.474
55.650 -4.878 -0.090 0.151 12.466
55.700 -3.879 -0.074 0.151 12.495
55.750 -2.517 -0.052 0.151 12.545
55.800 -0.905 -0.027 0.151 12.601
55.850 0.795 -0.004 0.151 12.639
55.900 2.423 0.015 0.151 12.637
55.950 3.816 0.033 0.151 12.604
56.000 4.837 0.042 0.151 12.545
56.050 5.374 0.045 0.151 12.485
56.100 5.385 0.039 0.151 12.444
56.150 4.852 0.027 0.151 12.437
56.200 3.864 0.009 0.151 12.469
56.250 2.493 -0.012 0.151 12.526
56.300 0.885 -0.036 0.151 12.583
