0.000 0.034 -0.019 0.065 173.370
0.050 1.559 -0.027 0.065 173.326
0.100 2.957 -0.040 0.065 173.329
0.150 4.125 -0.045 0.065 173.335
0.200 4.974 -0.048 0.065 173.336
0.250 5.416 -0.053 0.065 173.356
0.300 5.430 -0.058 0.066 173.366
0.350 5.002 -0.053 0.066 173.376
0.400 4.178 -0.047 0.066 173.425
0.450 3.021 -0.043 0.066 173.466
0.500 1.633 -0.039 0.066 173.446
0.550 0.122 -0.029 0.066 173.427
0.600 -1.397 -0.018 0.066 173.439
0.650 -2.809 -0.013 0.066 173.429
0.700 -4.002 -0.009 0.066 173.395
0.750 -4.886 0.001 0.066 173.387
0.800 -5.387 0.005 0.066 173.387
0.850 -5.457 0.004 0.066 173.391
0.900 -5.085 0.000 0.066 173.430
0.950 -4.303 0.001 0.066 173.452
1.000 -3.179 -0.005 0.066 173.442
1.050 -1.808 -0.014 0.066 173.454
1.100 -0.298 -0.021 0.066 173.474
1.150 1.237 -0.029 0.062 173.453
1.200 2.679 -0.036 0.062 173.413
1.250 3.908 -0.045 0.062 173.405
1.300 4.827 -0.052 0.062 173.410
1.350 5.357 -0.053 0.062 173.418
1.400 5.464 -0.056 0.062 173.440
1.450 5.127 -0.055 0.062 173.461
1.500 4.380 -0.051 0.062 173.470
1.550 3.285 -0.043 0.062 173.513
1.600 1.937 -0.040 0.062 173.554
1.650 0.442 -0.035 0.062 173.513
1.700 -1.082 -0.022 0.062 173.500
1.750 -2.524 -0.011 0.062 173.521
1.800 -3.773 -0.007 0.062 173.535
1.850 -4.728 -0.003 0.062 173.538
1.900 -5.316 0.004 0.062 173.563
1.950 -5.480 0.008 0.066 173.585
2.000 -5.201 0.003 0.066 173.618
2.050 -4.502 -0.001 0.066 173.691
2.100 -3.444 -0.003 0.066 173.731
2.150 -2.114 -0.008 0.066 173.722
2.200 -0.621 -0.019 0.066 173.742
2.250 0.917 -0.030 0.066 173.792
2.300 2.386 -0.036 0.066 173.788
2.350 3.668 -0.040 0.066 173.773
2.400 4.662 -0.052 0.066 173.798
2.450 5.279 -0.054 0.066 173.828
2.500 5.476 -0.053 0.066 173.873
2.550 5.234 -0.055 0.066 173.933
2.600 4.570 -0.054 0.066 173.956
2.650 3.543 -0.047 0.066 173.969
2.700 2.241 -0.039 0.066 174.017
2.750 0.766 -0.033 0.066 174.044
2.800 -0.763 -0.027 0.064 174.027
2.850 -2.231 -0.017 0.064 174.001
2.900 -3.530 -0.007 0.064 174.015
2.950 -4.554 -0.002 0.064 174.025
3.000 -5.225 -0.002 0.064 174.035
3.050 -5.481 0.005 0.064 174.054
3.100 -5.297 0.007 0.064 174.053
3.150 -4.681 0.000 0.064 174.072
3.200 -3.693 -0.006 0.064 174.126
3.250 -2.415 -0.007 0.064 174.133
3.300 -0.949 -0.017 0.064 174.109
3.350 0.591 -0.026 0.064 174.095
3.400 2.088 -0.035 0.064 174.092
3.450 3.418 -0.040 0.064 174.060
3.500 4.480 -0.046 0.064 174.023
3.550 5.184 -0.054 0.064 174.010
3.600 5.469 -0.057 0.065 173.996
3.650 5.321 -0.052 0.065 174.003
3.700 4.742 -0.052 0.065 174.019
3.750 3.786 -0.049 0.065 174.002
3.800 2.535 -0.042 0.065 173.966
3.850 1.089 -0.033 0.065 173.962
3.900 -0.437 -0.027 0.065 173.948
3.950 -1.929 -0.020 0.065 173.891
4.000 -3.273 -0.011 0.065 173.847
4.050 -4.364 -0.002 0.065 173.824
4.100 -5.116 0.002 0.065 173.806
4.150 -5.463 0.001 0.065 173.801
4.200 -5.373 0.006 0.065 173.793
4.250 -4.846 0.005 0.065 173.767
4.300 -3.930 -0.003 0.065 173.763
4.350 -2.704 -0.009 0.065 173.761
4.400 -1.266 -0.014 0.065 173.735
4.450 0.264 -0.023 0.064 173.690
4.500 1.779 -0.033 0.064 173.650
4.550 3.154 -0.041 0.064 173.620
4.600 4.283 -0.045 0.064 173.582
4.650 5.068 -0.050 0.064 173.560
4.700 5.447 -0.057 0.064 173.548
4.750 5.391 -0.056 0.064 173.533
4.800 4.901 -0.052 0.064 173.549
4.850 4.017 -0.049 0.064 173.583
4.900 2.820 -0.046 0.064 173.558
4.950 1.404 -0.036 0.064 173.518
5.000 -0.117 -0.025 0.064 173.517
5.050 -1.623 -0.019 0.064 173.511
5.100 -3.009 -0.014 0.064 173.469
5.150 -4.159 -0.006 0.064 173.440
5.200 -4.988 0.003 0.064 173.444
5.250 -5.425 0.004 0.064 173.452
5.300 -5.429 0.002 0.064 173.484
5.350 -4.992 0.002 0.064 173.530
5.400 -4.153 0.001 0.064 173.536
5.450 -2.987 -0.007 0.064 173.539
5.500 -1.585 -0.015 0.064 173.556
5.550 -0.061 -0.021 0.064 173.571
5.600 1.469 -0.030 0.062 173.551
5.650 2.881 -0.038 0.062 173.544
5.700 4.069 -0.047 0.062 173.563
5.750 4.933 -0.050 0.062 173.575
5.800 5.403 -0.052 0.062 173.602
5.850 5.440 -0.056 0.062 173.629
5.900 5.042 -0.056 0.062 173.643
5.950 4.234 -0.048 0.062 173.697
6.000 3.097 -0.043 0.062 173.762
6.050 1.720 -0.039 0.062 173.776
6.100 0.213 -0.030 0.062 173.764
6.150 -1.308 -0.019 0.062 173.779
6.200 -2.728 -0.014 0.062 173.802
6.250 -3.939 -0.007 0.062 173.800
6.300 -4.843 -0.001 0.062 173.810
6.350 -5.368 0.006 0.063 173.835
6.400 -5.466 0.004 0.063 173.863
6.450 -5.121 0.002 0.063 173.921
6.500 -4.361 -0.000 0.063 173.960
6.550 -3.255 -0.003 0.063 173.966
6.600 -1.894 -0.014 0.063 173.990
6.650 -0.390 -0.021 0.063 174.024
6.700 1.148 -0.026 0.063 174.025
6.750 2.596 -0.034 0.063 174.000
6.800 3.843 -0.047 0.063 174.005
6.850 4.782 -0.051 0.063 174.021
6.900 5.341 -0.052 0.063 174.037
6.950 5.469 -0.053 0.063 174.071
7.000 5.162 -0.059 0.065 174.073
7.050 4.435 -0.052 0.065 174.078
7.100 3.361 -0.044 0.065 174.121
7.150 2.023 -0.038 0.065 174.155
7.200 0.535 -0.033 0.065 174.135
7.250 -0.992 -0.024 0.065 174.101
7.300 -2.441 -0.014 0.065 174.089
7.350 -3.704 -0.006 0.065 174.092
7.400 -4.680 -0.004 0.065 174.074
7.450 -5.291 0.003 0.065 174.074
7.500 -5.482 0.006 0.065 174.076
7.550 -5.230 0.005 0.065 174.077
7.600 -4.554 -0.003 0.065 174.121
7.650 -3.517 -0.004 0.065 174.130
7.700 -2.199 -0.008 0.065 174.093
7.750 -0.713 -0.018 0.065 174.074
7.800 0.828 -0.028 0.065 174.077
7.850 2.303 -0.034 0.065 174.056
7.900 3.600 -0.041 0.065 174.016
7.950 4.613 -0.049 0.065 174.001
8.000 5.256 -0.056 0.065 173.997
8.050 5.478 -0.054 0.065 174.001
8.100 5.263 -0.053 0.065 174.030
8.150 4.623 -0.054 0.065 174.026
8.200 3.615 -0.048 0.065 174.005
8.250 2.326 -0.038 0.065 174.018
8.300 0.860 -0.031 0.065 174.041
8.350 -0.670 -0.028 0.065 174.007
8.400 -2.146 -0.018 0.065 173.956
8.450 -3.459 -0.008 0.065 173.939
8.500 -4.502 -0.001 0.065 173.933
8.550 -5.196 0.001 0.065 173.928
8.600 -5.479 0.003 0.065 173.939
8.650 -5.320 0.007 0.066 173.936
8.700 -4.729 0.002 0.066 173.941
8.750 -3.761 -0.005 0.066 173.980
8.800 -2.496 -0.009 0.066 173.976
8.850 -1.040 -0.014 0.066 173.944
8.900 0.500 -0.026 0.066 173.919
8.950 2.001 -0.034 0.066 173.918
9.000 3.346 -0.040 0.066 173.905
9.050 4.425 -0.045 0.066 173.885
9.100 5.155 -0.053 0.066 173.883
9.150 5.462 -0.056 0.066 173.884
9.200 5.344 -0.054 0.066 173.894
9.250 4.788 -0.052 0.066 173.924
9.300 3.853 -0.050 0.066 173.928
9.350 2.614 -0.042 0.066 173.910
9.400 1.178 -0.033 0.066 173.924
9.450 -0.347 -0.025 0.066 173.929
9.500 -1.844 -0.021 0.063 173.894
9.550 -3.199 -0.011 0.063 173.857
9.600 -4.307 -0.003 0.063 173.850
9.650 -5.081 0.003 0.063 173.849
9.700 -5.455 0.001 0.063 173.857
9.750 -5.391 0.004 0.063 173.880
9.800 -4.889 0.005 0.063 173.868
9.850 -3.997 -0.002 0.063 173.874
9.900 -2.784 -0.011 0.063 173.920
9.950 -1.356 -0.014 0.063 173.930
10.000 0.174 -0.020 0.063 173.866
10.050 1.690 -0.031 0.063 173.839
10.100 3.076 -0.041 0.063 173.843
10.150 4.223 -0.046 0.063 173.839
10.200 5.035 -0.049 0.063 173.829
10.250 5.435 -0.056 0.063 173.836
10.300 5.408 -0.058 0.065 173.832
10.350 4.940 -0.053 0.065 173.844
10.400 4.081 -0.048 0.065 173.883
10.450 2.898 -0.045 0.065 173.884
10.500 1.494 -0.038 0.065 173.857
10.550 -0.023 -0.026 0.065 173.849
10.600 -1.535 -0.020 0.065 173.852
10.650 -2.930 -0.014 0.065 173.820
10.700 -4.098 -0.008 0.065 173.791
10.750 -4.949 0.001 0.065 173.783
10.800 -5.411 0.005 0.065 173.779
10.850 -5.441 0.004 0.065 173.789
10.900 -5.030 0.002 0.065 173.817
10.950 -4.213 0.002 0.065 173.806
11.000 -3.063 -0.007 0.065 173.797
11.050 -1.675 -0.015 0.065 173.813
11.100 -0.155 -0.020 0.065 173.798
11.150 1.377 -0.027 0.063 173.746
11.200 2.804 -0.039 0.063 173.705
11.250 4.005 -0.047 0.063 173.692
11.300 4.893 -0.050 0.063 173.680
11.350 5.384 -0.054 0.063 173.675
11.400 5.451 -0.057 0.063 173.674
11.450 5.074 -0.056 0.063 173.653
11.500 4.294 -0.050 0.063 173.645
11.550 3.172 -0.042 0.063 173.687
11.600 1.807 -0.040 0.063 173.671
11.650 0.304 -0.031 0.063 173.623
11.700 -1.219 -0.021 0.063 173.594
11.750 -2.648 -0.013 0.063 173.578
11.800 -3.874 -0.009 0.063 173.547
11.850 -4.798 -0.003 0.063 173.519
11.900 -5.349 0.006 0.064 173.511
11.950 -5.472 0.006 0.064 173.501
12.000 -5.153 0.003 0.064 173.514
12.050 -4.418 -0.001 0.064 173.548
12.100 -3.330 -0.003 0.064 173.530
12.150 -1.980 -0.011 0.064 173.510
12.200 -0.481 -0.021 0.064 173.516
12.250 1.055 -0.028 0.064 173.508
12.300 2.513 -0.035 0.064 173.475
12.350 3.774 -0.044 0.064 173.452
12.400 4.736 -0.052 0.064 173.454
12.450 5.317 -0.054 0.064 173.460
12.500 5.474 -0.053 0.064 173.484
12.550 5.191 -0.055 0.064 173.507
12.600 4.490 -0.054 0.064 173.504
12.650 3.433 -0.045 0.064 173.527
12.700 2.109 -0.037 0.064 173.584
12.750 0.625 -0.032 0.064 173.587
12.800 -0.903 -0.026 0.063 173.557
12.850 -2.361 -0.013 0.063 173.563
12.900 -3.637 -0.007 0.063 173.586
12.950 -4.632 -0.003 0.063 173.596
13.000 -5.266 0.001 0.063 173.620
13.050 -5.483 0.007 0.063 173.648
13.100 -5.257 0.006 0.063 173.666
13.150 -4.605 -0.001 0.063 173.728
13.200 -3.588 -0.004 0.063 173.798
13.250 -2.286 -0.008 0.063 173.809
13.300 -0.805 -0.017 0.063 173.804
13.350 0.735 -0.028 0.063 173.834
13.400 2.220 -0.033 0.063 173.850
13.450 3.529 -0.039 0.063 173.838
13.500 4.561 -0.047 0.063 173.844
13.550 5.229 -0.055 0.063 173.870
13.600 5.477 -0.055 0.063 173.898
13.650 5.287 -0.053 0.063 173.946
13.700 4.670 -0.053 0.063 173.980
13.750 3.684 -0.049 0.063 173.974
13.800 2.410 -0.040 0.063 173.993
13.850 0.952 -0.032 0.063 174.022
13.900 -0.578 -0.028 0.063 174.008
13.950 -2.061 -0.020 0.062 173.965
14.000 -3.386 -0.009 0.062 173.944
14.050 -4.448 -0.001 0.062 173.934
14.100 -5.166 -0.000 0.062 173.921
14.150 -5.474 0.003 0.062 173.923
14.200 -5.342 0.007 0.062 173.905
14.250 -4.777 0.003 0.062 173.884
14.300 -3.828 -0.005 0.062 173.904
14.350 -2.578 -0.010 0.062 173.919
14.400 -1.129 -0.014 0.062 173.852
14.450 0.406 -0.023 0.062 173.784
14.500 1.914 -0.035 0.062 173.760
14.550 3.271 -0.042 0.062 173.719
14.600 4.372 -0.044 0.062 173.661
14.650 5.121 -0.051 0.062 173.626
14.700 5.460 -0.057 0.064 173.598
14.750 5.364 -0.055 0.064 173.570
14.800 4.835 -0.051 0.064 173.579
14.850 3.918 -0.049 0.064 173.571
14.900 2.697 -0.045 0.064 173.516
14.950 1.267 -0.036 0.064 173.469
15.000 -0.255 -0.024 0.064 173.473
15.050 -1.758 -0.020 0.064 173.438
15.100 -3.124 -0.013 0.064 173.374
15.150 -4.250 -0.003 0.064 173.342
15.200 -5.046 0.002 0.064 173.327
15.250 -5.445 0.002 0.064 173.322
15.300 -5.407 0.002 0.064 173.342
15.350 -4.931 0.003 0.064 173.353
15.400 -4.060 -0.001 0.064 173.353
15.450 -2.865 -0.011 0.064 173.397
15.500 -1.446 -0.016 0.064 173.422
15.550 0.081 -0.019 0.064 173.388
15.600 1.604 -0.030 0.064 173.361
15.650 3.001 -0.042 0.064 173.380
15.700 4.164 -0.049 0.064 173.409
15.750 4.994 -0.049 0.064 173.430
15.800 5.422 -0.054 0.064 173.472
15.850 5.421 -0.058 0.065 173.506
15.900 4.982 -0.055 0.065 173.540
15.950 4.143 -0.047 0.065 173.620
16.000 2.980 -0.045 0.065 173.684
16.050 1.583 -0.039 0.065 173.680
16.100 0.071 -0.029 0.065 173.697
16.150 -1.446 -0.019 0.065 173.744
16.200 -2.851 -0.015 0.065 173.762
16.250 -4.037 -0.008 0.065 173.767
16.300 -4.908 0.001 0.065 173.799
16.350 -5.396 0.006 0.065 173.834
16.400 -5.452 0.005 0.065 173.875
16.450 -5.067 0.000 0.065 173.946
16.500 -4.272 0.001 0.065 173.981
16.550 -3.139 -0.005 0.065 173.988
16.600 -1.762 -0.015 0.065 174.029
16.650 -0.249 -0.023 0.065 174.073
16.700 1.288 -0.026 0.063 174.049
16.750 2.721 -0.036 0.063 174.017
16.800 3.943 -0.049 0.063 174.030
16.850 4.848 -0.051 0.063 174.033
16.900 5.368 -0.050 0.063 174.042
16.950 5.458 -0.054 0.063 174.062
17.000 5.112 -0.059 0.065 174.042
17.050 4.348 -0.051 0.065 174.042
17.100 3.247 -0.042 0.065 174.093
17.150 1.891 -0.038 0.065 174.114
17.200 0.397 -0.032 0.065 174.076
17.250 -1.129 -0.022 0.065 174.039
17.300 -2.567 -0.014 0.065 174.028
17.350 -3.807 -0.009 0.065 174.005
17.400 -4.753 -0.003 0.065 173.982
17.450 -5.327 0.007 0.066 173.977
17.500 -5.477 0.007 0.066 173.968
17.550 -5.185 0.002 0.066 173.980
17.600 -4.473 -0.003 0.066 174.031
17.650 -3.405 -0.002 0.066 174.025
17.700 -2.067 -0.008 0.066 173.973
17.750 -0.573 -0.020 0.066 173.958
17.800 0.966 -0.030 0.066 173.979
17.850 2.430 -0.035 0.066 173.957
17.900 3.706 -0.041 0.066 173.921
17.950 4.687 -0.051 0.066 173.915
18.000 5.294 -0.056 0.066 173.915
18.050 5.475 -0.053 0.066 173.930
18.100 5.219 -0.054 0.066 173.957
18.150 4.541 -0.054 0.066 173.961
18.200 3.505 -0.045 0.066 173.961
18.250 2.193 -0.037 0.066 174.000
18.300 0.719 -0.032 0.066 174.013
18.350 -0.813 -0.028 0.066 173.966
18.400 -2.277 -0.016 0.066 173.948
18.450 -3.568 -0.006 0.066 173.961
18.500 -4.581 -0.003 0.066 173.967
18.550 -5.240 0.001 0.066 173.979
18.600 -5.482 0.005 0.066 174.002
18.650 -5.283 0.006 0.066 174.007
18.700 -4.655 -0.001 0.066 174.046
18.750 -3.657 -0.006 0.066 174.123
18.800 -2.370 -0.008 0.066 174.131
18.850 -0.899 -0.016 0.066 174.103
18.900 0.643 -0.029 0.066 174.114
18.950 2.133 -0.035 0.066 174.138
19.000 3.458 -0.041 0.066 174.133
19.050 4.506 -0.048 0.066 174.134
19.100 5.201 -0.055 0.066 174.152
19.150 5.471 -0.056 0.066 174.170
19.200 5.312 -0.053 0.066 174.215
19.250 4.717 -0.053 0.066 174.258
19.300 3.753 -0.050 0.066 174.269
19.350 2.492 -0.042 0.066 174.275
19.400 1.042 -0.032 0.066 174.324
19.450 -0.487 -0.025 0.066 174.354
19.500 -1.975 -0.021 0.063 174.320
19.550 -3.313 -0.010 0.063 174.306
19.600 -4.394 -0.002 0.063 174.317
19.650 -5.134 0.001 0.063 174.332
19.700 -5.468 0.002 0.063 174.359
19.750 -5.363 0.005 0.063 174.385
19.800 -4.822 0.002 0.063 174.400
19.850 -3.895 -0.005 0.063 174.426
19.900 -2.659 -0.010 0.063 174.481
19.950 -1.219 -0.015 0.063 174.488
20.000 0.314 -0.023 0.062 174.441
20.050 1.825 -0.034 0.062 174.443
20.100 3.195 -0.042 0.062 174.466
20.150 4.313 -0.045 0.062 174.462
20.200 5.088 -0.052 0.062 174.464
20.250 5.448 -0.058 0.064 174.473
20.300 5.388 -0.058 0.064 174.470
20.350 4.876 -0.052 0.064 174.493
20.400 3.985 -0.050 0.064 174.514
20.450 2.776 -0.046 0.064 174.502
20.500 1.356 -0.037 0.064 174.486
20.550 -0.165 -0.026 0.064 174.505
20.600 -1.670 -0.019 0.064 174.500
20.650 -3.048 -0.015 0.064 174.437
20.700 -4.191 -0.006 0.064 174.410
20.750 -5.009 0.002 0.064 174.405
20.800 -5.433 0.003 0.064 174.397
20.850 -5.422 0.004 0.064 174.410
20.900 -4.971 0.003 0.064 174.428
20.950 -4.122 0.000 0.064 174.404
21.000 -2.945 -0.011 0.064 174.409
21.050 -1.537 -0.017 0.064 174.414
21.100 -0.010 -0.021 0.064 174.386
21.150 1.516 -0.028 0.064 174.317
21.200 2.924 -0.040 0.064 174.277
21.250 4.101 -0.048 0.064 174.266
21.300 4.956 -0.050 0.064 174.244
21.350 5.407 -0.052 0.064 174.237
21.400 5.434 -0.057 0.064 174.222
21.450 5.019 -0.055 0.064 174.198
21.500 4.205 -0.049 0.064 174.206
21.550 3.056 -0.044 0.064 174.236
21.600 1.674 -0.039 0.064 174.202
21.650 0.163 -0.030 0.064 174.152
21.700 -1.356 -0.019 0.064 174.147
21.750 -2.772 -0.015 0.064 174.114
21.800 -3.973 -0.009 0.064 174.075
21.850 -4.866 -0.001 0.064 174.054
21.900 -5.378 0.005 0.064 174.044
21.950 -5.462 0.005 0.064 174.035
22.000 -5.102 0.001 0.064 174.062
22.050 -4.330 0.000 0.064 174.071
22.100 -3.215 -0.004 0.064 174.029
22.150 -1.849 -0.014 0.064 174.026
22.200 -0.341 -0.024 0.064 174.051
22.250 1.195 -0.027 0.063 174.013
22.300 2.641 -0.035 0.063 173.955
22.350 3.877 -0.047 0.063 173.941
22.400 4.807 -0.053 0.063 173.937
22.450 5.347 -0.054 0.063 173.934
22.500 5.467 -0.055 0.063 173.947
22.550 5.142 -0.055 0.063 173.951
22.600 4.406 -0.052 0.063 173.939
22.650 3.320 -0.044 0.063 173.953
22.700 1.978 -0.039 0.063 173.982
22.750 0.486 -0.033 0.063 173.961
22.800 -1.040 -0.024 0.062 173.923
22.850 -2.486 -0.012 0.062 173.926
22.900 -3.741 -0.006 0.062 173.927
22.950 -4.706 -0.005 0.062 173.916
23.000 -5.304 0.001 0.062 173.926
23.050 -5.481 0.004 0.062 173.941
23.100 -5.214 0.003 0.062 173.963
23.150 -4.527 -0.003 0.062 174.025
23.200 -3.478 -0.007 0.062 174.075
23.250 -2.154 -0.011 0.062 174.079
23.300 -0.663 -0.020 0.062 174.085
23.350 0.874 -0.029 0.062 174.124
23.400 2.348 -0.035 0.062 174.132
23.450 3.636 -0.043 0.062 174.132
23.500 4.640 -0.052 0.062 174.162
23.550 5.269 -0.056 0.062 174.202
23.600 5.478 -0.054 0.062 174.258
23.650 5.248 -0.055 0.062 174.327
23.700 4.596 -0.055 0.062 174.372
23.750 3.576 -0.048 0.062 174.406
23.800 2.282 -0.039 0.062 174.467
23.850 0.811 -0.033 0.062 174.537
23.900 -0.719 -0.028 0.061 174.544
23.950 -2.191 -0.017 0.061 174.557
24.000 -3.496 -0.007 0.061 174.596
24.050 -4.530 -0.003 0.061 174.631
24.100 -5.211 0.000 0.061 174.671
24.150 -5.480 0.004 0.061 174.722
24.200 -5.308 0.006 0.062 174.743
24.250 -4.703 0.001 0.062 174.778
24.300 -3.724 -0.006 0.062 174.852
24.350 -2.453 -0.009 0.062 174.899
24.400 -0.990 -0.015 0.062 174.879
24.450 0.548 -0.026 0.062 174.867
24.500 2.048 -0.035 0.062 174.884
24.550 3.384 -0.040 0.062 174.883
24.600 4.455 -0.045 0.062 174.865
24.650 5.170 -0.054 0.062 174.863
24.700 5.469 -0.057 0.063 174.859
24.750 5.333 -0.054 0.063 174.862
24.800 4.765 -0.052 0.063 174.880
24.850 3.818 -0.050 0.063 174.868
24.900 2.574 -0.044 0.063 174.817
24.950 1.131 -0.034 0.063 174.805
25.000 -0.394 -0.027 0.063 174.780
25.050 -1.889 -0.021 0.063 174.714
25.100 -3.239 -0.011 0.063 174.648
25.150 -4.338 -0.002 0.063 174.605
25.200 -5.100 0.000 0.063 174.564
25.250 -5.460 0.002 0.063 174.533
25.300 -5.382 0.003 0.063 174.514
25.350 -4.867 0.004 0.063 174.458
25.400 -3.961 -0.003 0.063 174.402
25.450 -2.741 -0.011 0.063 174.402
25.500 -1.307 -0.017 0.063 174.384
25.550 0.222 -0.020 0.063 174.278
25.600 1.738 -0.032 0.063 174.199
25.650 3.118 -0.042 0.063 174.150
25.700 4.255 -0.046 0.063 174.096
25.750 5.051 -0.050 0.063 174.049
25.800 5.442 -0.056 0.063 174.014
25.850 5.398 -0.058 0.064 173.973
25.900 4.920 -0.053 0.064 173.953
25.950 4.046 -0.048 0.064 173.953
26.000 2.855 -0.046 0.064 173.916
26.050 1.445 -0.039 0.064 173.841
26.100 -0.071 -0.027 0.064 173.803
26.150 -1.583 -0.020 0.064 173.784
26.200 -2.971 -0.014 0.064 173.739
26.250 -4.131 -0.007 0.064 173.695
26.300 -4.970 0.003 0.064 173.676
26.350 -5.419 0.003 0.064 173.661
26.400 -5.435 0.002 0.064 173.658
26.450 -5.010 0.001 0.064 173.671
26.500 -4.182 0.000 0.064 173.658
26.550 -3.023 -0.007 0.064 173.650
26.600 -1.627 -0.017 0.064 173.677
26.650 -0.104 -0.022 0.064 173.666
26.700 1.427 -0.028 0.062 173.607
26.750 2.843 -0.038 0.062 173.575
26.800 4.040 -0.049 0.062 173.589
26.850 4.914 -0.050 0.062 173.593
26.900 5.395 -0.053 0.062 173.612
26.950 5.445 -0.056 0.062 173.636
27.000 5.057 -0.058 0.062 173.634
27.050 4.262 -0.048 0.062 173.678
27.100 3.134 -0.044 0.062 173.744
27.150 1.760 -0.039 0.062 173.751
27.200 0.257 -0.032 0.062 173.727
27.250 -1.267 -0.019 0.062 173.752
27.300 -2.691 -0.014 0.062 173.760
27.350 -3.909 -0.008 0.062 173.764
27.400 -4.823 -0.003 0.062 173.772
27.450 -5.360 0.005 0.063 173.798
27.500 -5.469 0.006 0.063 173.821
27.550 -5.136 0.001 0.063 173.873
27.600 -4.387 -0.001 0.063 173.930
27.650 -3.290 -0.003 0.063 173.935
27.700 -1.934 -0.012 0.063 173.940
27.750 -0.434 -0.021 0.063 173.967
27.800 1.105 -0.027 0.063 173.978
27.850 2.557 -0.033 0.063 173.947
27.900 3.811 -0.045 0.063 173.941
27.950 4.760 -0.053 0.063 173.955
28.000 5.328 -0.052 0.063 173.967
28.050 5.469 -0.053 0.063 173.993
28.100 5.175 -0.056 0.063 174.010
28.150 4.460 -0.054 0.063 174.004
28.200 3.394 -0.044 0.063 174.035
28.250 2.063 -0.038 0.063 174.072
28.300 0.578 -0.034 0.063 174.038
28.350 -0.951 -0.025 0.063 173.983
28.400 -2.403 -0.015 0.063 173.963
28.450 -3.674 -0.006 0.063 173.954
28.500 -4.657 -0.005 0.063 173.929
28.550 -5.280 0.002 0.063 173.916
28.600 -5.483 0.007 0.065 173.901
28.650 -5.243 0.004 0.065 173.882
28.700 -4.578 -0.001 0.065 173.883
28.750 -3.551 -0.006 0.065 173.914
28.800 -2.240 -0.009 0.065 173.879
28.850 -0.757 -0.019 0.065 173.838
28.900 0.785 -0.028 0.065 173.819
28.950 2.262 -0.034 0.065 173.790
29.000 3.568 -0.041 0.065 173.741
29.050 4.588 -0.049 0.065 173.710
29.100 5.245 -0.055 0.065 173.695
29.150 5.476 -0.055 0.065 173.686
29.200 5.276 -0.055 0.065 173.696
29.250 4.645 -0.053 0.065 173.706
29.300 3.648 -0.050 0.065 173.676
29.350 2.365 -0.040 0.065 173.678
29.400 0.903 -0.032 0.065 173.694
29.450 -0.627 -0.028 0.065 173.669
29.500 -2.106 -0.019 0.063 173.612
29.550 -3.425 -0.009 0.063 173.598
29.600 -4.477 -0.001 0.063 173.598
29.650 -5.182 -0.001 0.063 173.598
29.700 -5.476 0.004 0.063 173.612
29.750 -5.331 0.008 0.064 173.612
29.800 -4.751 0.001 0.064 173.615
29.850 -3.793 -0.006 0.064 173.657
29.900 -2.535 -0.010 0.064 173.698
29.950 -1.082 -0.013 0.064 173.673
30.000 0.456 -0.025 0.064 173.637
30.050 1.960 -0.035 0.064 173.651
30.100 3.307 -0.040 0.064 173.650
30.150 4.406 -0.047 0.064 173.646
30.200 5.141 -0.055 0.064 173.656
30.250 5.463 -0.057 0.065 173.668
30.300 5.356 -0.055 0.065 173.691
30.350 4.811 -0.051 0.065 173.737
30.400 3.886 -0.050 0.065 173.763
30.450 2.654 -0.044 0.065 173.745
30.500 1.221 -0.034 0.065 173.769
30.550 -0.304 -0.026 0.065 173.784
30.600 -1.803 -0.021 0.065 173.774
30.650 -3.164 -0.013 0.065 173.742
30.700 -4.280 -0.002 0.065 173.742
30.750 -5.065 0.003 0.065 173.752
30.800 -5.450 0.002 0.065 173.768
30.850 -5.399 0.004 0.065 173.800
30.900 -4.909 0.003 0.065 173.817
30.950 -4.027 -0.001 0.065 173.827
31.000 -2.821 -0.010 0.065 173.867
31.050 -1.398 -0.015 0.065 173.899
31.100 0.131 -0.022 0.065 173.873
31.150 1.651 -0.031 0.065 173.834
31.200 3.043 -0.042 0.065 173.848
31.250 4.196 -0.046 0.065 173.851
31.300 5.016 -0.049 0.065 173.851
31.350 5.430 -0.056 0.065 173.867
31.400 5.416 -0.059 0.067 173.868
31.450 4.960 -0.053 0.067 173.884
31.500 4.112 -0.048 0.067 173.938
31.550 2.936 -0.045 0.067 173.958
31.600 1.536 -0.039 0.067 173.942
31.650 0.021 -0.027 0.067 173.936
31.700 -1.493 -0.020 0.067 173.958
31.750 -2.893 -0.014 0.067 173.944
31.800 -4.070 -0.008 0.067 173.920
31.850 -4.930 0.002 0.067 173.925
31.900 -5.404 0.005 0.067 173.933
31.950 -5.446 0.002 0.067 173.953
32.000 -5.046 0.002 0.067 173.992
32.050 -4.241 0.001 0.067 173.996
32.100 -3.099 -0.007 0.067 173.998
32.150 -1.716 -0.015 0.067 174.022
32.200 -0.199 -0.022 0.067 174.032
32.250 1.334 -0.027 0.064 173.999
32.300 2.766 -0.037 0.064 173.967
32.350 3.976 -0.048 0.064 173.970
32.400 4.873 -0.051 0.064 173.966
32.450 5.377 -0.051 0.064 173.975
32.500 5.455 -0.056 0.064 173.994
32.550 5.090 -0.058 0.064 173.983
32.600 4.320 -0.051 0.064 173.987
32.650 3.206 -0.043 0.064 174.031
32.700 1.848 -0.040 0.064 174.029
32.750 0.346 -0.032 0.064 173.995
32.800 -1.177 -0.021 0.064 173.971
32.850 -2.610 -0.012 0.064 173.982
32.900 -3.843 -0.009 0.064 173.955
32.950 -4.777 -0.003 0.064 173.933
33.000 -5.339 0.004 0.064 173.932
33.050 -5.475 0.006 0.065 173.926
33.100 -5.168 0.002 0.065 173.940
33.150 -4.443 -0.001 0.065 173.980
33.200 -3.365 -0.004 0.065 173.978
33.250 -2.021 -0.011 0.065 173.952
33.300 -0.523 -0.022 0.065 173.965
33.350 1.013 -0.027 0.065 173.948
33.400 2.475 -0.033 0.065 173.887
33.450 3.740 -0.042 0.065 173.853
33.500 4.714 -0.052 0.065 173.850
33.550 5.304 -0.055 0.065 173.847
33.600 5.475 -0.052 0.065 173.864
33.650 5.203 -0.055 0.065 173.875
33.700 4.514 -0.055 0.065 173.850
33.750 3.466 -0.045 0.065 173.859
33.800 2.150 -0.038 0.065 173.891
33.850 0.668 -0.032 0.065 173.890
33.900 -0.859 -0.026 0.064 173.833
33.950 -2.322 -0.014 0.064 173.807
34.000 -3.605 -0.007 0.064 173.800
34.050 -4.608 -0.003 0.064 173.785
34.100 -5.254 0.001 0.064 173.781
34.150 -5.483 0.006 0.064 173.783
34.200 -5.269 0.005 0.064 173.780
34.250 -4.628 -0.000 0.064 173.803
34.300 -3.620 -0.006 0.064 173.843
34.350 -2.327 -0.009 0.064 173.841
34.400 -0.849 -0.018 0.064 173.820
34.450 0.691 -0.027 0.064 173.821
34.500 2.180 -0.035 0.064 173.828
34.550 3.494 -0.041 0.064 173.810
34.600 4.537 -0.048 0.064 173.800
34.650 5.214 -0.056 0.064 173.816
34.700 5.473 -0.059 0.065 173.830
34.750 5.297 -0.052 0.065 173.881
34.800 4.694 -0.054 0.065 173.921
34.850 3.715 -0.049 0.065 173.934
34.900 2.448 -0.041 0.065 173.957
34.950 0.993 -0.032 0.065 174.002
35.000 -0.535 -0.027 0.065 174.015
35.050 -2.021 -0.020 0.065 173.987
35.100 -3.352 -0.011 0.065 173.983
35.150 -4.422 -0.002 0.065 174.009
35.200 -5.150 -0.000 0.065 174.032
35.250 -5.471 0.002 0.065 174.070
35.300 -5.352 0.004 0.065 174.104
35.350 -4.798 0.002 0.065 174.127
35.400 -3.860 -0.005 0.065 174.174
35.450 -2.616 -0.010 0.065 174.228
35.500 -1.170 -0.014 0.065 174.228
35.550 0.362 -0.022 0.065 174.190
35.600 1.872 -0.036 0.065 174.210
35.650 3.235 -0.041 0.065 174.219
35.700 4.343 -0.045 0.065 174.212
35.750 5.104 -0.051 0.065 174.214
35.800 5.456 -0.057 0.065 174.223
35.850 5.373 -0.056 0.065 174.228
35.900 4.854 -0.052 0.065 174.265
35.950 3.948 -0.049 0.065 174.289
36.000 2.734 -0.047 0.065 174.247
36.050 1.309 -0.034 0.065 174.230
36.100 -0.214 -0.026 0.065 174.239
36.150 -1.717 -0.020 0.065 174.214
36.200 -3.088 -0.014 0.065 174.155
36.250 -4.222 -0.004 0.065 174.122
36.300 -5.029 0.003 0.065 174.103
36.350 -5.439 0.004 0.065 174.084
36.400 -5.414 0.002 0.065 174.082
36.450 -4.950 0.003 0.065 174.071
36.500 -4.088 -0.000 0.065 174.026
36.550 -2.903 -0.009 0.065 174.023
36.600 -1.489 -0.016 0.065 174.034
36.650 0.039 -0.018 0.064 173.964
36.700 1.564 -0.030 0.063 173.883
36.750 2.963 -0.040 0.063 173.834
36.800 4.135 -0.047 0.063 173.808
36.850 4.976 -0.049 0.063 173.771
36.900 5.419 -0.054 0.063 173.753
36.950 5.428 -0.058 0.063 173.724
37.000 5.001 -0.055 0.063 173.696
37.050 4.171 -0.048 0.063 173.704
37.100 3.016 -0.044 0.063 173.705
37.150 1.625 -0.039 0.063 173.648
37.200 0.116 -0.030 0.062 173.595
37.250 -1.404 -0.019 0.062 173.584
37.300 -2.813 -0.015 0.062 173.548
37.350 -4.007 -0.008 0.062 173.504
37.400 -4.888 0.000 0.062 173.484
37.450 -5.388 0.005 0.063 173.474
37.500 -5.457 0.003 0.063 173.472
37.550 -5.084 0.002 0.063 173.494
37.600 -4.299 0.000 0.063 173.494
37.650 -3.174 -0.005 0.063 173.483
37.700 -1.801 -0.015 0.063 173.493
37.750 -0.292 -0.021 0.063 173.492
37.800 1.245 -0.027 0.063 173.461
37.850 2.683 -0.037 0.063 173.423
37.900 3.914 -0.047 0.063 173.408
37.950 4.828 -0.052 0.063 173.417
38.000 5.361 -0.052 0.063 173.428
38.050 5.464 -0.054 0.063 173.452
38.100 5.126 -0.057 0.063 173.461
38.150 4.375 -0.051 0.063 173.471
38.200 3.282 -0.044 0.063 173.518
38.250 1.931 -0.040 0.063 173.544
38.300 0.437 -0.033 0.063 173.531
38.350 -1.089 -0.023 0.063 173.516
38.400 -2.529 -0.014 0.063 173.526
38.450 -3.777 -0.009 0.063 173.527
38.500 -4.731 -0.004 0.063 173.529
38.550 -5.317 0.003 0.063 173.547
38.600 -5.479 0.006 0.065 173.560
38.650 -5.199 0.002 0.065 173.592
38.700 -4.498 -0.002 0.065 173.656
38.750 -3.440 -0.002 0.065 173.677
38.800 -2.109 -0.010 0.065 173.657
38.850 -0.615 -0.019 0.065 173.667
38.900 0.926 -0.028 0.065 173.685
38.950 2.391 -0.034 0.065 173.678
39.000 3.675 -0.042 0.065 173.656
39.050 4.663 -0.052 0.065 173.664
39.100 5.284 -0.056 0.065 173.675
39.150 5.477 -0.053 0.065 173.698
39.200 5.235 -0.054 0.065 173.742
39.250 4.568 -0.054 0.065 173.739
39.300 3.541 -0.046 0.065 173.745
39.350 2.236 -0.038 0.065 173.782
39.400 0.763 -0.033 0.065 173.798
39.450 -0.767 -0.027 0.063 173.757
39.500 -2.236 -0.016 0.063 173.721
39.550 -3.534 -0.006 0.063 173.721
39.600 -4.557 -0.003 0.063 173.717
39.650 -5.227 -0.000 0.063 173.716
39.700 -5.482 0.004 0.063 173.726
39.750 -5.295 0.008 0.064 173.712
39.800 -4.677 -0.000 0.064 173.725
39.850 -3.688 -0.005 0.064 173.783
39.900 -2.407 -0.009 0.064 173.785
39.950 -0.943 -0.016 0.064 173.751
40.000 0.598 -0.030 0.064 173.763
40.050 2.092 -0.035 0.064 173.769
40.100 3.421 -0.039 0.064 173.746
40.150 4.486 -0.047 0.064 173.731
40.200 5.190 -0.055 0.064 173.740
40.250 5.472 -0.057 0.065 173.750
40.300 5.323 -0.053 0.065 173.787
40.350 4.738 -0.052 0.065 173.834
40.400 3.782 -0.051 0.065 173.850
40.450 2.528 -0.042 0.065 173.852
40.500 1.083 -0.032 0.065 173.907
40.550 -0.444 -0.026 0.065 173.937
40.600 -1.935 -0.021 0.065 173.920
40.650 -3.278 -0.011 0.065 173.917
40.700 -4.367 -0.002 0.065 173.947
40.750 -5.118 0.002 0.065 173.979
40.800 -5.465 0.001 0.065 174.025
40.850 -5.372 0.004 0.065 174.074
40.900 -4.843 0.004 0.065 174.102
40.950 -3.928 -0.003 0.065 174.152
41.000 -2.698 -0.011 0.065 174.232
41.050 -1.261 -0.014 0.065 174.246
41.100 0.274 -0.021 0.065 174.224
41.150 1.784 -0.033 0.065 174.231
41.200 3.160 -0.042 0.065 174.265
41.250 4.285 -0.045 0.065 174.276
41.300 5.071 -0.051 0.065 174.293
41.350 5.442 -0.057 0.065 174.315
41.400 5.392 -0.058 0.066 174.325
41.450 4.896 -0.051 0.066 174.374
41.500 4.015 -0.049 0.066 174.417
41.550 2.814 -0.045 0.066 174.409
41.600 1.399 -0.037 0.066 174.388
41.650 -0.122 -0.026 0.066 174.400
41.700 -1.628 -0.020 0.066 174.394
41.750 -3.014 -0.014 0.066 174.353
41.800 -4.163 -0.007 0.066 174.314
41.850 -4.991 0.003 0.066 174.300
41.900 -5.427 0.003 0.066 174.285
41.950 -5.428 0.003 0.066 174.292
42.000 -4.989 0.002 0.066 174.291
42.050 -4.150 0.001 0.066 174.263
42.100 -2.980 -0.009 0.066 174.258
42.150 -1.580 -0.017 0.066 174.274
42.200 -0.056 -0.020 0.066 174.234
42.250 1.474 -0.028 0.062 174.153
42.300 2.887 -0.040 0.062 174.107
42.350 4.072 -0.047 0.062 174.088
42.400 4.937 -0.050 0.062 174.062
42.450 5.399 -0.053 0.062 174.051
42.500 5.439 -0.058 0.063 174.033
42.550 5.035 -0.056 0.063 174.006
42.600 4.231 -0.049 0.063 174.016
42.650 3.089 -0.046 0.063 174.021
42.700 1.713 -0.041 0.063 173.972
42.750 0.206 -0.031 0.063 173.912
42.800 -1.314 -0.021 0.063 173.889
42.850 -2.734 -0.013 0.063 173.872
42.900 -3.943 -0.009 0.063 173.830
42.950 -4.846 -0.002 0.063 173.800
43.000 -5.370 0.005 0.063 173.785
43.050 -5.465 0.005 0.063 173.771
43.100 -5.119 -0.002 0.063 173.804
43.150 -4.358 -0.000 0.063 173.813
43.200 -3.250 -0.004 0.063 173.761
43.250 -1.887 -0.014 0.063 173.752
43.300 -0.382 -0.022 0.063 173.760
43.350 1.153 -0.027 0.063 173.719
43.400 2.601 -0.036 0.063 173.665
43.450 3.846 -0.045 0.063 173.631
43.500 4.785 -0.054 0.063 173.627
43.550 5.339 -0.052 0.063 173.622
43.600 5.470 -0.054 0.063 173.637
43.650 5.157 -0.056 0.063 173.638
43.700 4.432 -0.054 0.063 173.613
43.750 3.355 -0.045 0.063 173.624
43.800 2.019 -0.039 0.063 173.645
43.850 0.528 -0.033 0.063 173.620
43.900 -0.999 -0.025 0.063 173.567
43.950 -2.449 -0.012 0.063 173.557
44.000 -3.710 -0.007 0.063 173.558
44.050 -4.683 -0.005 0.063 173.540
44.100 -5.293 0.002 0.063 173.539
44.150 -5.482 0.008 0.066 173.535
44.200 -5.228 0.003 0.066 173.543
44.250 -4.550 -0.002 0.066 173.591
44.300 -3.511 -0.005 0.066 173.629
44.350 -2.196 -0.009 0.066 173.608
44.400 -0.708 -0.019 0.066 173.591
44.450 0.832 -0.029 0.066 173.617
44.500 2.311 -0.035 0.066 173.609
44.550 3.604 -0.041 0.066 173.581
44.600 4.616 -0.051 0.066 173.584
44.650 5.257 -0.054 0.066 173.600
44.700 5.479 -0.055 0.066 173.626
44.750 5.260 -0.053 0.066 173.677
44.800 4.619 -0.054 0.066 173.705
44.850 3.609 -0.047 0.066 173.720
44.900 2.322 -0.038 0.066 173.770
44.950 0.855 -0.032 0.066 173.819
45.000 -0.674 -0.028 0.064 173.821
45.050 -2.151 -0.018 0.064 173.800
45.100 -3.463 -0.008 0.064 173.825
45.150 -4.505 -0.002 0.064 173.855
45.200 -5.198 -0.001 0.064 173.886
45.250 -5.479 0.004 0.064 173.931
45.300 -5.319 0.006 0.064 173.958
45.350 -4.727 0.002 0.064 173.980
45.400 -3.757 -0.006 0.064 174.058
45.450 -2.491 -0.010 0.064 174.118
45.500 -1.031 -0.014 0.064 174.097
45.550 0.505 -0.026 0.064 174.104
45.600 2.007 -0.035 0.064 174.128
45.650 3.350 -0.040 0.064 174.134
45.700 4.431 -0.048 0.064 174.135
45.750 5.156 -0.053 0.064 174.150
45.800 5.468 -0.057 0.066 174.166
45.850 5.344 -0.055 0.066 174.198
45.900 4.787 -0.052 0.066 174.248
