0.000 3.256 -0.044 0.071 172.834
0.050 4.367 -0.052 0.071 172.827
0.100 5.126 -0.058 0.071 172.826
0.150 5.457 -0.062 0.071 172.833
0.200 5.353 -0.063 0.071 172.847
0.250 4.799 -0.058 0.071 172.871
0.300 3.862 -0.054 0.071 172.887
0.350 2.609 -0.047 0.071 172.893
0.400 1.160 -0.039 0.071 172.887
0.450 -0.380 -0.028 0.071 172.879
0.500 -1.890 -0.019 0.071 172.864
0.550 -3.250 -0.009 0.071 172.842
0.600 -4.355 -0.002 0.071 172.830
0.650 -5.115 0.006 0.071 172.825
0.700 -5.463 0.009 0.071 172.828
0.750 -5.363 0.009 0.071 172.837
0.800 -4.819 0.005 0.071 172.849
0.850 -3.881 0.002 0.071 172.858
0.900 -2.632 -0.007 0.071 172.872
0.950 -1.174 -0.014 0.071 172.867
1.000 0.379 -0.024 0.071 172.850
1.050 1.901 -0.034 0.071 172.834
1.100 3.275 -0.045 0.071 172.813
1.150 4.378 -0.052 0.071 172.802
1.200 5.132 -0.058 0.071 172.796
1.250 5.459 -0.062 0.071 172.799
1.300 5.349 -0.063 0.072 172.812
1.350 4.792 -0.060 0.072 172.828
1.400 3.848 -0.055 0.072 172.838
1.450 2.596 -0.048 0.072 172.838
1.500 1.145 -0.038 0.072 172.843
1.550 -0.398 -0.028 0.072 172.842
1.600 -1.904 -0.019 0.072 172.830
1.650 -3.264 -0.010 0.072 172.807
1.700 -4.366 -0.002 0.072 172.799
1.750 -5.121 0.006 0.072 172.801
1.800 -5.464 0.007 0.072 172.810
1.850 -5.359 0.010 0.073 172.823
1.900 -4.810 0.006 0.073 172.834
1.950 -3.869 0.001 0.073 172.856
2.000 -2.613 -0.008 0.073 172.887
2.050 -1.151 -0.015 0.073 172.897
2.100 0.398 -0.025 0.073 172.888
2.150 1.919 -0.036 0.073 172.886
2.200 3.288 -0.046 0.073 172.888
2.250 4.390 -0.053 0.073 172.889
2.300 5.138 -0.059 0.073 172.895
2.350 5.461 -0.062 0.073 172.911
2.400 5.345 -0.063 0.073 172.935
2.450 4.784 -0.060 0.073 172.957
2.500 3.836 -0.054 0.073 172.990
2.550 2.582 -0.047 0.073 173.016
2.600 1.125 -0.039 0.073 173.031
2.650 -0.418 -0.029 0.073 173.045
2.700 -1.923 -0.018 0.073 173.048
2.750 -3.281 -0.010 0.073 173.046
2.800 -4.376 -0.001 0.073 173.056
2.850 -5.127 0.005 0.073 173.073
2.900 -5.466 0.008 0.073 173.098
2.950 -5.355 0.010 0.073 173.127
3.000 -4.800 0.006 0.073 173.154
3.050 -3.855 0.000 0.073 173.190
3.100 -2.597 -0.009 0.073 173.243
3.150 -1.137 -0.016 0.073 173.272
3.200 0.417 -0.025 0.073 173.280
3.250 1.936 -0.035 0.073 173.282
3.300 3.304 -0.046 0.073 173.289
3.350 4.402 -0.053 0.073 173.297
3.400 5.146 -0.059 0.073 173.313
3.450 5.459 -0.061 0.073 173.336
3.500 5.341 -0.062 0.073 173.366
3.550 4.772 -0.058 0.073 173.404
3.600 3.823 -0.054 0.073 173.440
3.650 2.563 -0.047 0.073 173.464
3.700 1.106 -0.039 0.073 173.473
3.750 -0.434 -0.027 0.073 173.490
3.800 -1.940 -0.019 0.072 173.491
3.850 -3.294 -0.009 0.072 173.488
3.900 -4.388 -0.002 0.072 173.489
3.950 -5.134 0.007 0.072 173.502
4.000 -5.467 0.007 0.072 173.519
4.050 -5.350 0.009 0.072 173.540
4.100 -4.793 0.006 0.072 173.557
4.150 -3.843 0.001 0.072 173.582
4.200 -2.581 -0.008 0.072 173.611
4.250 -1.115 -0.015 0.072 173.613
4.300 0.439 -0.025 0.072 173.598
4.350 1.952 -0.035 0.072 173.584
4.400 3.318 -0.045 0.072 173.572
4.450 4.413 -0.051 0.072 173.555
4.500 5.152 -0.060 0.072 173.549
4.550 5.465 -0.061 0.072 173.550
4.600 5.337 -0.062 0.072 173.557
4.650 4.765 -0.058 0.072 173.570
4.700 3.811 -0.054 0.072 173.575
4.750 2.548 -0.046 0.072 173.573
4.800 1.091 -0.037 0.072 173.571
4.850 -0.454 -0.027 0.072 173.562
4.900 -1.957 -0.019 0.072 173.536
4.950 -3.310 -0.009 0.072 173.505
5.000 -4.399 -0.002 0.072 173.487
5.050 -5.141 0.007 0.072 173.479
5.100 -5.468 0.010 0.072 173.476
5.150 -5.347 0.010 0.072 173.478
5.200 -4.781 0.007 0.072 173.473
5.250 -3.826 0.001 0.072 173.480
5.300 -2.564 -0.007 0.072 173.481
5.350 -1.102 -0.015 0.072 173.463
5.400 0.454 -0.026 0.072 173.440
5.450 1.971 -0.035 0.072 173.414
5.500 3.333 -0.045 0.072 173.392
5.550 4.424 -0.052 0.072 173.370
5.600 5.158 -0.059 0.072 173.356
5.650 5.465 -0.061 0.072 173.352
5.700 5.331 -0.062 0.072 173.351
5.750 4.755 -0.059 0.072 173.356
5.800 3.794 -0.054 0.072 173.359
5.850 2.528 -0.046 0.072 173.364
5.900 1.068 -0.038 0.072 173.348
5.950 -0.474 -0.028 0.072 173.331
6.000 -1.976 -0.018 0.072 173.305
6.050 -3.325 -0.010 0.072 173.276
6.100 -4.410 -0.001 0.072 173.256
6.150 -5.147 0.006 0.072 173.245
6.200 -5.469 0.008 0.072 173.243
6.250 -5.343 0.008 0.072 173.247
6.300 -4.773 0.006 0.072 173.246
6.350 -3.817 0.001 0.072 173.252
6.400 -2.549 -0.008 0.072 173.266
6.450 -1.078 -0.015 0.072 173.255
6.500 0.474 -0.025 0.072 173.233
6.550 1.990 -0.035 0.072 173.208
6.600 3.346 -0.045 0.072 173.189
6.650 4.434 -0.052 0.072 173.174
6.700 5.162 -0.059 0.072 173.167
6.750 5.464 -0.061 0.072 173.167
6.800 5.327 -0.063 0.072 173.172
6.850 4.745 -0.059 0.072 173.183
6.900 3.782 -0.054 0.072 173.194
6.950 2.516 -0.047 0.072 173.188
7.000 1.052 -0.037 0.072 173.187
7.050 -0.490 -0.028 0.072 173.172
7.100 -1.992 -0.018 0.072 173.154
7.150 -3.339 -0.009 0.072 173.120
7.200 -4.421 -0.002 0.072 173.103
7.250 -5.154 0.006 0.072 173.094
7.300 -5.471 0.008 0.072 173.093
7.350 -5.338 0.009 0.072 173.095
7.400 -4.763 0.006 0.072 173.098
7.450 -3.800 0.001 0.072 173.105
7.500 -2.529 -0.008 0.072 173.115
7.550 -1.063 -0.015 0.072 173.098
7.600 0.491 -0.025 0.072 173.075
7.650 2.004 -0.036 0.072 173.060
7.700 3.363 -0.046 0.072 173.035
7.750 4.445 -0.052 0.072 173.016
7.800 5.170 -0.058 0.072 173.007
7.850 5.465 -0.061 0.072 173.006
7.900 5.323 -0.062 0.072 173.012
7.950 4.735 -0.060 0.072 173.016
8.000 3.766 -0.054 0.072 173.017
8.050 2.494 -0.046 0.072 173.014
8.100 1.032 -0.037 0.072 173.014
8.150 -0.511 -0.028 0.072 173.000
8.200 -2.011 -0.018 0.072 172.985
8.250 -3.354 -0.010 0.072 172.950
8.300 -4.433 -0.002 0.072 172.924
8.350 -5.159 0.006 0.072 172.916
8.400 -5.471 0.006 0.072 172.918
8.450 -5.334 0.010 0.072 172.920
8.500 -4.755 0.005 0.072 172.929
8.550 -3.788 0.000 0.072 172.939
8.600 -2.516 -0.008 0.072 172.940
8.650 -1.042 -0.015 0.072 172.927
8.700 0.513 -0.025 0.072 172.899
8.750 2.024 -0.036 0.072 172.882
8.800 3.377 -0.046 0.072 172.862
8.850 4.456 -0.052 0.072 172.840
8.900 5.178 -0.059 0.072 172.828
8.950 5.468 -0.061 0.072 172.824
9.000 5.318 -0.061 0.072 172.828
9.050 4.727 -0.059 0.072 172.830
9.100 3.756 -0.055 0.072 172.832
9.150 2.482 -0.046 0.072 172.832
9.200 1.017 -0.037 0.072 172.823
9.250 -0.527 -0.028 0.072 172.807
9.300 -2.026 -0.019 0.072 172.778
9.350 -3.369 -0.009 0.072 172.751
9.400 -4.444 -0.000 0.072 172.737
9.450 -5.166 0.006 0.072 172.729
9.500 -5.473 0.007 0.072 172.730
9.550 -5.330 0.010 0.072 172.731
9.600 -4.744 0.006 0.072 172.732
9.650 -3.773 0.000 0.072 172.749
9.700 -2.496 -0.008 0.072 172.758
9.750 -1.024 -0.014 0.072 172.744
9.800 0.527 -0.025 0.072 172.721
9.850 2.040 -0.036 0.072 172.709
9.900 3.391 -0.046 0.072 172.697
9.950 4.469 -0.051 0.072 172.682
10.000 5.182 -0.059 0.072 172.678
10.050 5.468 -0.062 0.072 172.683
10.100 5.314 -0.062 0.072 172.696
10.150 4.716 -0.060 0.072 172.709
10.200 3.740 -0.054 0.072 172.717
10.250 2.463 -0.047 0.072 172.721
10.300 0.994 -0.037 0.072 172.722
10.350 -0.547 -0.027 0.072 172.719
10.400 -2.047 -0.018 0.072 172.707
10.450 -3.384 -0.010 0.072 172.680
10.500 -4.454 -0.002 0.072 172.669
10.550 -5.173 0.006 0.072 172.669
10.600 -5.473 0.008 0.072 172.675
10.650 -5.324 0.010 0.072 172.684
10.700 -4.735 0.006 0.072 172.692
10.750 -3.761 0.001 0.072 172.709
10.800 -2.482 -0.008 0.072 172.722
10.850 -1.007 -0.016 0.072 172.717
10.900 0.550 -0.026 0.072 172.695
10.950 2.059 -0.036 0.072 172.679
11.000 3.408 -0.045 0.072 172.658
11.050 4.478 -0.052 0.072 172.641
11.100 5.189 -0.059 0.072 172.632
11.150 5.469 -0.063 0.073 172.632
11.200 5.310 -0.062 0.073 172.639
11.250 4.707 -0.058 0.073 172.650
11.300 3.729 -0.054 0.073 172.652
11.350 2.448 -0.046 0.073 172.652
11.400 0.981 -0.037 0.073 172.644
11.450 -0.563 -0.029 0.073 172.624
11.500 -2.060 -0.018 0.073 172.605
11.550 -3.397 -0.008 0.073 172.581
11.600 -4.466 -0.000 0.073 172.569
11.650 -5.178 0.006 0.073 172.557
11.700 -5.475 0.009 0.073 172.555
11.750 -5.321 0.010 0.073 172.558
11.800 -4.726 0.006 0.073 172.563
11.850 -3.745 -0.001 0.073 172.586
11.900 -2.463 -0.007 0.073 172.594
11.950 -0.986 -0.015 0.073 172.577
12.000 0.566 -0.026 0.073 172.555
12.050 2.074 -0.036 0.073 172.544
12.100 3.421 -0.044 0.073 172.523
12.150 4.488 -0.052 0.073 172.511
12.200 5.195 -0.059 0.073 172.510
12.250 5.468 -0.061 0.073 172.517
12.300 5.304 -0.062 0.073 172.534
12.350 4.697 -0.058 0.073 172.552
12.400 3.712 -0.054 0.073 172.566
12.450 2.428 -0.045 0.073 172.582
12.500 0.958 -0.037 0.073 172.595
12.550 -0.585 -0.027 0.073 172.590
12.600 -2.079 -0.017 0.073 172.577
12.650 -3.414 -0.008 0.073 172.566
12.700 -4.476 0.000 0.073 172.571
12.750 -5.185 0.004 0.073 172.574
12.800 -5.475 0.008 0.073 172.590
12.850 -5.316 0.008 0.073 172.613
12.900 -4.715 0.007 0.073 172.631
12.950 -3.734 -0.000 0.073 172.671
13.000 -2.448 -0.007 0.073 172.695
13.050 -0.971 -0.015 0.073 172.695
13.100 0.586 -0.026 0.073 172.687
13.150 2.096 -0.036 0.072 172.694
13.200 3.435 -0.046 0.072 172.693
13.250 4.500 -0.052 0.072 172.693
13.300 5.200 -0.059 0.072 172.703
13.350 5.470 -0.062 0.072 172.722
13.400 5.300 -0.062 0.072 172.748
13.450 4.687 -0.059 0.072 172.773
13.500 3.698 -0.054 0.072 172.789
13.550 2.415 -0.046 0.072 172.803
13.600 0.942 -0.037 0.072 172.815
13.650 -0.600 -0.027 0.071 172.819
13.700 -2.096 -0.017 0.071 172.819
13.750 -3.427 -0.008 0.071 172.802
13.800 -4.487 -0.000 0.071 172.796
13.850 -5.191 0.006 0.071 172.797
13.900 -5.476 0.009 0.071 172.806
13.950 -5.312 0.010 0.072 172.818
14.000 -4.707 0.006 0.072 172.832
14.050 -3.719 0.000 0.072 172.845
14.100 -2.428 -0.007 0.072 172.854
14.150 -0.950 -0.016 0.072 172.847
14.200 0.603 -0.025 0.072 172.834
14.250 2.109 -0.036 0.072 172.822
14.300 3.450 -0.045 0.072 172.803
14.350 4.511 -0.053 0.072 172.786
14.400 5.206 -0.060 0.072 172.781
14.450 5.470 -0.061 0.072 172.782
14.500 5.295 -0.062 0.072 172.789
14.550 4.678 -0.060 0.072 172.795
14.600 3.686 -0.054 0.072 172.800
14.650 2.395 -0.046 0.072 172.808
14.700 0.922 -0.037 0.072 172.804
14.750 -0.622 -0.028 0.072 172.778
14.800 -2.116 -0.017 0.072 172.757
14.850 -3.442 -0.010 0.072 172.721
14.900 -4.498 0.001 0.072 172.706
14.950 -5.197 0.004 0.072 172.694
15.000 -5.476 0.008 0.072 172.693
15.050 -5.307 0.010 0.072 172.690
15.100 -4.696 0.005 0.072 172.699
15.150 -3.704 -0.000 0.072 172.713
15.200 -2.415 -0.008 0.072 172.719
15.250 -0.934 -0.016 0.072 172.709
15.300 0.623 -0.026 0.072 172.692
15.350 2.124 -0.037 0.072 172.678
15.400 3.466 -0.046 0.072 172.655
15.450 4.521 -0.054 0.072 172.645
15.500 5.212 -0.059 0.072 172.639
15.550 5.472 -0.062 0.072 172.642
15.600 5.289 -0.062 0.072 172.654
15.650 4.668 -0.060 0.072 172.660
15.700 3.671 -0.054 0.072 172.671
15.750 2.379 -0.045 0.072 172.685
15.800 0.906 -0.036 0.072 172.689
15.850 -0.639 -0.028 0.072 172.675
15.900 -2.129 -0.018 0.072 172.654
15.950 -3.456 -0.008 0.072 172.650
16.000 -4.508 -0.000 0.072 172.645
16.050 -5.203 0.006 0.072 172.650
16.100 -5.477 0.008 0.072 172.663
16.150 -5.302 0.009 0.072 172.677
16.200 -4.687 0.005 0.072 172.703
16.250 -3.691 -0.001 0.072 172.735
16.300 -2.396 -0.008 0.072 172.754
16.350 -0.912 -0.016 0.072 172.758
16.400 0.641 -0.026 0.072 172.749
16.450 2.145 -0.037 0.072 172.749
16.500 3.479 -0.047 0.072 172.748
16.550 4.532 -0.053 0.072 172.747
16.600 5.218 -0.060 0.072 172.757
16.650 5.472 -0.062 0.072 172.776
16.700 5.286 -0.062 0.072 172.804
16.750 4.660 -0.058 0.072 172.834
16.800 3.657 -0.053 0.072 172.861
16.850 2.363 -0.045 0.072 172.888
16.900 0.887 -0.037 0.072 172.892
16.950 -0.657 -0.027 0.072 172.900
17.000 -2.147 -0.019 0.072 172.890
17.050 -3.472 -0.007 0.072 172.893
17.100 -4.519 -0.000 0.072 172.896
17.150 -5.209 0.006 0.072 172.908
17.200 -5.478 0.008 0.072 172.929
17.250 -5.297 0.009 0.072 172.952
17.300 -4.675 0.005 0.072 172.980
17.350 -3.677 -0.000 0.072 173.008
17.400 -2.379 -0.009 0.072 173.039
17.450 -0.898 -0.017 0.072 173.045
17.500 0.658 -0.026 0.072 173.040
17.550 2.163 -0.037 0.071 173.032
17.600 3.495 -0.046 0.071 173.019
17.650 4.543 -0.054 0.071 173.018
17.700 5.223 -0.059 0.071 173.021
17.750 5.473 -0.061 0.071 173.032
17.800 5.279 -0.061 0.071 173.050
17.850 4.649 -0.059 0.071 173.065
17.900 3.643 -0.054 0.071 173.076
17.950 2.345 -0.044 0.071 173.095
18.000 0.867 -0.037 0.071 173.089
18.050 -0.674 -0.028 0.071 173.087
18.100 -2.164 -0.017 0.071 173.065
18.150 -3.485 -0.008 0.071 173.054
18.200 -4.529 0.001 0.071 173.048
18.250 -5.215 0.004 0.071 173.041
18.300 -5.479 0.009 0.071 173.046
18.350 -5.292 0.009 0.071 173.055
18.400 -4.668 0.005 0.071 173.064
18.450 -3.665 -0.002 0.071 173.085
18.500 -2.362 -0.008 0.071 173.099
18.550 -0.876 -0.016 0.071 173.086
18.600 0.681 -0.027 0.071 173.071
18.650 2.178 -0.037 0.071 173.053
18.700 3.509 -0.045 0.071 173.036
18.750 4.554 -0.053 0.071 173.025
18.800 5.229 -0.059 0.071 173.023
18.850 5.472 -0.062 0.071 173.030
18.900 5.275 -0.061 0.071 173.045
18.950 4.640 -0.059 0.071 173.055
19.000 3.633 -0.053 0.071 173.061
19.050 2.331 -0.046 0.071 173.068
19.100 0.852 -0.036 0.071 173.076
19.150 -0.692 -0.028 0.071 173.054
19.200 -2.182 -0.017 0.071 173.034
19.250 -3.499 -0.009 0.071 173.009
19.300 -4.540 -0.000 0.071 172.998
19.350 -5.221 0.005 0.071 172.991
19.400 -5.479 0.008 0.071 172.993
19.450 -5.287 0.008 0.071 173.000
19.500 -4.657 0.005 0.071 173.007
19.550 -3.647 -0.002 0.071 173.030
19.600 -2.345 -0.008 0.071 173.033
19.650 -0.859 -0.017 0.071 173.024
19.700 0.696 -0.027 0.071 173.004
19.750 2.196 -0.037 0.071 172.983
19.800 3.525 -0.046 0.071 172.959
19.850 4.563 -0.054 0.071 172.944
19.900 5.234 -0.059 0.071 172.937
19.950 5.474 -0.062 0.071 172.938
20.000 5.270 -0.062 0.071 172.944
20.050 4.629 -0.059 0.071 172.947
20.100 3.614 -0.053 0.071 172.959
20.150 2.309 -0.045 0.071 172.958
20.200 0.830 -0.037 0.071 172.954
20.250 -0.714 -0.027 0.071 172.929
20.300 -2.200 -0.017 0.071 172.908
20.350 -3.514 -0.009 0.071 172.879
20.400 -4.550 -0.002 0.071 172.858
20.450 -5.226 0.005 0.071 172.850
20.500 -5.479 0.008 0.071 172.850
20.550 -5.282 0.008 0.071 172.855
20.600 -4.647 0.005 0.071 172.858
20.650 -3.636 -0.003 0.071 172.879
20.700 -2.331 -0.009 0.071 172.884
20.750 -0.839 -0.017 0.071 172.872
20.800 0.716 -0.028 0.071 172.856
20.850 2.215 -0.036 0.070 172.826
20.900 3.538 -0.047 0.070 172.807
20.950 4.574 -0.054 0.070 172.795
21.000 5.240 -0.060 0.070 172.789
21.050 5.473 -0.062 0.070 172.793
21.100 5.265 -0.061 0.070 172.806
21.150 4.619 -0.058 0.070 172.814
21.200 3.602 -0.054 0.070 172.821
21.250 2.297 -0.046 0.070 172.833
21.300 0.816 -0.038 0.070 172.818
21.350 -0.731 -0.028 0.070 172.803
21.400 -2.215 -0.017 0.070 172.781
21.450 -3.528 -0.009 0.070 172.765
21.500 -4.561 -0.000 0.070 172.753
21.550 -5.232 0.003 0.070 172.749
21.600 -5.480 0.008 0.070 172.755
21.650 -5.278 0.008 0.070 172.761
21.700 -4.637 0.004 0.070 172.773
21.750 -3.621 -0.001 0.070 172.790
21.800 -2.311 -0.009 0.070 172.796
21.850 -0.821 -0.017 0.070 172.782
21.900 0.732 -0.028 0.070 172.770
21.950 2.230 -0.037 0.070 172.747
22.000 3.551 -0.047 0.070 172.724
22.050 4.584 -0.054 0.070 172.705
22.100 5.246 -0.059 0.070 172.696
22.150 5.472 -0.062 0.070 172.694
22.200 5.260 -0.062 0.070 172.698
22.250 4.607 -0.059 0.070 172.702
22.300 3.585 -0.053 0.070 172.700
22.350 2.276 -0.045 0.070 172.705
22.400 0.792 -0.036 0.070 172.694
22.450 -0.752 -0.028 0.070 172.671
22.500 -2.234 -0.017 0.070 172.648
22.550 -3.544 -0.008 0.070 172.626
22.600 -4.571 0.001 0.070 172.612
22.650 -5.238 0.005 0.070 172.605
22.700 -5.480 0.008 0.070 172.607
22.750 -5.272 0.008 0.070 172.611
22.800 -4.627 0.005 0.070 172.620
22.850 -3.608 -0.002 0.070 172.637
22.900 -2.295 -0.008 0.070 172.639
22.950 -0.805 -0.017 0.070 172.634
23.000 0.754 -0.027 0.070 172.615
23.050 2.248 -0.037 0.070 172.601
23.100 3.566 -0.046 0.070 172.581
23.150 4.594 -0.054 0.070 172.572
23.200 5.250 -0.059 0.070 172.573
23.250 5.474 -0.061 0.070 172.584
23.300 5.254 -0.062 0.070 172.598
23.350 4.597 -0.059 0.070 172.614
23.400 3.573 -0.054 0.070 172.631
23.450 2.263 -0.045 0.070 172.641
23.500 0.778 -0.036 0.070 172.641
23.550 -0.766 -0.027 0.070 172.632
23.600 -2.250 -0.017 0.070 172.626
23.650 -3.556 -0.008 0.070 172.611
23.700 -4.582 -0.002 0.070 172.599
23.750 -5.243 0.006 0.070 172.601
23.800 -5.481 0.007 0.070 172.611
23.850 -5.267 0.010 0.071 172.613
23.900 -4.618 0.003 0.071 172.635
23.950 -3.591 -0.001 0.071 172.651
24.000 -2.276 -0.010 0.071 172.661
24.050 -0.785 -0.018 0.071 172.662
24.100 0.771 -0.027 0.071 172.644
24.150 2.262 -0.037 0.071 172.621
24.200 3.580 -0.047 0.071 172.605
24.250 4.604 -0.055 0.071 172.593
24.300 5.256 -0.060 0.071 172.589
24.350 5.474 -0.062 0.072 172.591
24.400 5.249 -0.062 0.072 172.598
24.450 4.588 -0.059 0.072 172.605
24.500 3.559 -0.053 0.072 172.618
24.550 2.243 -0.045 0.072 172.626
24.600 0.757 -0.036 0.072 172.618
24.650 -0.788 -0.026 0.072 172.612
24.700 -2.268 -0.016 0.072 172.593
24.750 -3.571 -0.007 0.072 172.588
24.800 -4.592 0.000 0.072 172.577
24.850 -5.248 0.006 0.072 172.576
24.900 -5.480 0.008 0.072 172.584
24.950 -5.261 0.010 0.072 172.594
25.000 -4.606 0.005 0.072 172.614
25.050 -3.578 -0.002 0.072 172.645
25.100 -2.263 -0.009 0.072 172.666
25.150 -0.766 -0.017 0.072 172.669
25.200 0.789 -0.028 0.072 172.674
25.250 2.284 -0.036 0.072 172.667
25.300 3.596 -0.046 0.072 172.667
25.350 4.610 -0.054 0.072 172.678
25.400 5.264 -0.060 0.072 172.697
25.450 5.476 -0.063 0.073 172.726
25.500 5.243 -0.061 0.073 172.762
25.550 4.578 -0.059 0.073 172.796
25.600 3.544 -0.052 0.073 172.832
25.650 2.227 -0.045 0.073 172.866
25.700 0.741 -0.036 0.073 172.886
25.750 -0.805 -0.027 0.073 172.894
25.800 -2.282 -0.016 0.073 172.898
25.850 -3.585 -0.008 0.073 172.901
25.900 -4.601 0.001 0.073 172.912
25.950 -5.253 0.004 0.073 172.928
26.000 -5.480 0.009 0.073 172.951
26.050 -5.257 0.009 0.073 172.972
26.100 -4.596 0.005 0.073 172.996
26.150 -3.565 -0.001 0.073 173.023
26.200 -2.242 -0.009 0.073 173.042
26.250 -0.745 -0.018 0.073 173.043
26.300 0.809 -0.028 0.073 173.041
26.350 2.300 -0.037 0.073 173.021
26.400 3.609 -0.047 0.073 173.007
26.450 4.625 -0.054 0.073 172.996
26.500 5.266 -0.060 0.073 172.990
26.550 5.473 -0.061 0.073 172.990
26.600 5.239 -0.061 0.073 172.996
26.650 4.569 -0.059 0.073 172.995
26.700 3.531 -0.053 0.073 172.992
26.750 2.212 -0.046 0.073 172.984
26.800 0.721 -0.037 0.073 172.963
26.850 -0.823 -0.026 0.073 172.936
26.900 -2.300 -0.016 0.073 172.911
26.950 -3.600 -0.007 0.073 172.875
27.000 -4.612 -0.001 0.073 172.843
27.050 -5.259 0.006 0.073 172.820
27.100 -5.481 0.010 0.073 172.803
27.150 -5.251 0.008 0.073 172.793
27.200 -4.585 0.004 0.073 172.783
27.250 -3.549 -0.001 0.073 172.774
27.300 -2.226 -0.009 0.073 172.766
27.350 -0.731 -0.018 0.073 172.745
27.400 0.826 -0.028 0.073 172.710
27.450 2.318 -0.037 0.072 172.669
27.500 3.624 -0.047 0.072 172.635
27.550 4.636 -0.055 0.072 172.610
27.600 5.272 -0.059 0.072 172.594
27.650 5.474 -0.062 0.072 172.588
27.700 5.232 -0.062 0.072 172.589
27.750 4.555 -0.059 0.072 172.590
27.800 3.515 -0.053 0.072 172.592
27.850 2.192 -0.045 0.072 172.587
27.900 0.700 -0.036 0.072 172.571
27.950 -0.841 -0.026 0.072 172.552
28.000 -2.317 -0.017 0.072 172.529
28.050 -3.613 -0.007 0.072 172.511
28.100 -4.622 -0.000 0.072 172.496
28.150 -5.265 0.006 0.072 172.492
28.200 -5.480 0.008 0.072 172.499
28.250 -5.245 0.010 0.072 172.502
28.300 -4.577 0.002 0.072 172.525
28.350 -3.537 -0.002 0.072 172.548
28.400 -2.208 -0.010 0.072 172.558
28.450 -0.709 -0.018 0.072 172.566
28.500 0.847 -0.028 0.072 172.565
28.550 2.333 -0.038 0.072 172.555
28.600 3.635 -0.047 0.072 172.547
28.650 4.645 -0.055 0.072 172.548
28.700 5.276 -0.060 0.072 172.559
28.750 5.474 -0.062 0.072 172.579
28.800 5.228 -0.061 0.072 172.606
28.850 4.546 -0.058 0.072 172.638
28.900 3.503 -0.051 0.072 172.674
28.950 2.178 -0.044 0.072 172.704
29.000 0.685 -0.035 0.072 172.722
29.050 -0.858 -0.028 0.072 172.723
29.100 -2.335 -0.015 0.072 172.734
29.150 -3.626 -0.008 0.072 172.745
29.200 -4.632 0.001 0.072 172.756
29.250 -5.270 0.006 0.072 172.779
29.300 -5.480 0.008 0.072 172.812
29.350 -5.240 0.010 0.072 172.843
29.400 -4.565 0.004 0.072 172.887
29.450 -3.519 -0.000 0.072 172.919
29.500 -2.192 -0.010 0.072 172.954
29.550 -0.694 -0.017 0.072 172.968
29.600 0.862 -0.027 0.072 172.973
29.650 2.350 -0.038 0.072 172.973
29.700 3.651 -0.047 0.072 172.971
29.750 4.654 -0.055 0.072 172.979
29.800 5.281 -0.060 0.072 172.992
29.850 5.473 -0.063 0.073 173.009
29.900 5.220 -0.061 0.073 173.033
29.950 4.535 -0.059 0.073 173.054
30.000 3.486 -0.052 0.073 173.077
30.050 2.156 -0.044 0.073 173.086
30.100 0.664 -0.036 0.073 173.081
30.150 -0.880 -0.027 0.073 173.061
30.200 -2.352 -0.015 0.073 173.058
30.250 -3.641 -0.007 0.073 173.035
30.300 -4.642 0.001 0.073 173.016
30.350 -5.274 0.005 0.073 173.006
30.400 -5.480 0.009 0.073 173.003
30.450 -5.234 0.008 0.073 173.005
30.500 -4.555 0.005 0.073 173.006
30.550 -3.507 -0.002 0.073 173.011
30.600 -2.176 -0.009 0.073 173.001
30.650 -0.673 -0.018 0.073 172.984
30.700 0.884 -0.028 0.073 172.959
30.750 2.367 -0.039 0.073 172.931
30.800 3.665 -0.047 0.073 172.904
30.850 4.664 -0.055 0.073 172.883
30.900 5.287 -0.060 0.073 172.870
30.950 5.472 -0.062 0.073 172.864
31.000 5.215 -0.062 0.073 172.865
31.050 4.526 -0.059 0.073 172.867
31.100 3.474 -0.053 0.073 172.868
31.150 2.143 -0.045 0.073 172.865
31.200 0.650 -0.035 0.073 172.855
31.250 -0.897 -0.025 0.073 172.838
31.300 -2.367 -0.016 0.073 172.823
31.350 -3.656 -0.006 0.073 172.804
31.400 -4.652 0.001 0.073 172.794
31.450 -5.280 0.006 0.073 172.792
31.500 -5.480 0.009 0.073 172.796
31.550 -5.229 0.009 0.073 172.807
31.600 -4.543 0.004 0.073 172.824
31.650 -3.492 -0.001 0.073 172.844
31.700 -2.156 -0.009 0.073 172.858
31.750 -0.655 -0.018 0.073 172.858
31.800 0.899 -0.029 0.073 172.857
31.850 2.383 -0.037 0.073 172.840
31.900 3.679 -0.047 0.073 172.835
31.950 4.675 -0.054 0.073 172.835
32.000 5.291 -0.060 0.073 172.845
32.050 5.472 -0.062 0.073 172.863
32.100 5.210 -0.061 0.073 172.883
32.150 4.514 -0.059 0.073 172.902
32.200 3.457 -0.052 0.073 172.921
32.250 2.123 -0.044 0.073 172.957
32.300 0.626 -0.035 0.073 172.949
32.350 -0.917 -0.025 0.071 172.949
32.400 -2.386 -0.015 0.071 172.941
32.450 -3.670 -0.007 0.071 172.930
32.500 -4.661 0.000 0.071 172.925
32.550 -5.285 0.006 0.071 172.927
32.600 -5.480 0.009 0.071 172.937
32.650 -5.222 0.009 0.071 172.952
32.700 -4.533 0.003 0.071 172.969
32.750 -3.478 -0.001 0.071 172.991
32.800 -2.141 -0.010 0.071 173.008
32.850 -0.637 -0.019 0.071 173.013
32.900 0.921 -0.028 0.071 173.003
32.950 2.402 -0.038 0.071 172.984
33.000 3.693 -0.047 0.071 172.970
33.050 4.685 -0.055 0.071 172.961
33.100 5.294 -0.060 0.071 172.963
33.150 5.471 -0.063 0.072 172.972
33.200 5.205 -0.062 0.072 172.985
33.250 4.503 -0.059 0.072 172.997
33.300 3.445 -0.052 0.072 173.016
33.350 2.109 -0.044 0.072 173.036
33.400 0.612 -0.036 0.072 173.023
33.450 -0.931 -0.026 0.072 173.010
33.500 -2.402 -0.015 0.072 172.997
33.550 -3.682 -0.007 0.072 172.987
33.600 -4.672 0.001 0.072 172.978
33.650 -5.290 0.006 0.072 172.979
33.700 -5.479 0.009 0.072 172.987
33.750 -5.218 0.009 0.072 172.996
33.800 -4.524 0.004 0.072 173.016
33.850 -3.461 -0.001 0.072 173.029
33.900 -2.121 -0.011 0.072 173.046
33.950 -0.616 -0.020 0.072 173.045
34.000 0.937 -0.029 0.072 173.038
34.050 2.417 -0.038 0.072 173.018
34.100 3.708 -0.047 0.072 173.005
34.150 4.694 -0.056 0.072 173.004
34.200 5.302 -0.059 0.072 173.007
34.250 5.474 -0.062 0.072 173.022
34.300 5.196 -0.062 0.072 173.043
34.350 4.494 -0.060 0.072 173.055
34.400 3.427 -0.052 0.072 173.078
34.450 2.088 -0.044 0.072 173.090
34.500 0.591 -0.036 0.072 173.089
34.550 -0.953 -0.027 0.072 173.071
34.600 -2.420 -0.014 0.072 173.068
34.650 -3.697 -0.006 0.072 173.061
34.700 -4.682 0.002 0.072 173.059
34.750 -5.295 0.005 0.072 173.063
34.800 -5.478 0.010 0.073 173.073
34.850 -5.211 0.008 0.073 173.090
34.900 -4.512 0.004 0.073 173.109
34.950 -3.447 -0.003 0.073 173.134
35.000 -2.107 -0.009 0.073 173.139
35.050 -0.599 -0.018 0.073 173.142
35.100 0.956 -0.028 0.073 173.130
35.150 2.437 -0.039 0.073 173.116
35.200 3.721 -0.048 0.073 173.104
35.250 4.705 -0.055 0.073 173.097
35.300 5.304 -0.060 0.073 173.097
35.350 5.473 -0.062 0.073 173.105
35.400 5.193 -0.061 0.073 173.117
35.450 4.484 -0.059 0.073 173.123
35.500 3.412 -0.051 0.073 173.140
35.550 2.074 -0.045 0.073 173.138
35.600 0.574 -0.035 0.073 173.132
35.650 -0.968 -0.026 0.072 173.116
35.700 -2.434 -0.014 0.072 173.106
35.750 -3.710 -0.007 0.072 173.084
35.800 -4.691 0.002 0.072 173.075
35.850 -5.300 0.005 0.072 173.069
35.900 -5.478 0.010 0.072 173.070
35.950 -5.206 0.007 0.072 173.080
36.000 -4.502 0.004 0.072 173.085
36.050 -3.434 -0.003 0.072 173.094
36.100 -2.086 -0.008 0.072 173.088
36.150 -0.579 -0.019 0.072 173.084
36.200 0.973 -0.028 0.072 173.062
36.250 2.451 -0.038 0.072 173.034
36.300 3.734 -0.048 0.072 173.012
36.350 4.715 -0.056 0.072 172.998
36.400 5.309 -0.060 0.072 172.989
36.450 5.471 -0.062 0.072 172.989
36.500 5.185 -0.061 0.072 172.995
36.550 4.473 -0.059 0.072 172.991
36.600 3.398 -0.051 0.072 173.001
36.650 2.056 -0.044 0.072 173.003
36.700 0.554 -0.035 0.072 172.989
36.750 -0.987 -0.025 0.072 172.969
36.800 -2.452 -0.014 0.072 172.951
36.850 -3.724 -0.007 0.072 172.926
36.900 -4.700 0.002 0.072 172.913
36.950 -5.304 0.005 0.072 172.907
37.000 -5.477 0.010 0.073 172.907
37.050 -5.199 0.008 0.073 172.917
37.100 -4.490 0.004 0.073 172.923
37.150 -3.418 -0.002 0.073 172.927
37.200 -2.072 -0.009 0.073 172.922
37.250 -0.563 -0.018 0.073 172.911
37.300 0.992 -0.028 0.073 172.895
37.350 2.469 -0.039 0.073 172.870
37.400 3.748 -0.047 0.073 172.853
37.450 4.724 -0.056 0.073 172.844
37.500 5.313 -0.059 0.073 172.840
37.550 5.469 -0.062 0.073 172.846
37.600 5.178 -0.060 0.073 172.858
37.650 4.460 -0.058 0.073 172.865
37.700 3.382 -0.051 0.073 172.878
37.750 2.037 -0.044 0.073 172.886
37.800 0.535 -0.036 0.073 172.861
37.850 -1.006 -0.025 0.073 172.842
37.900 -2.468 -0.014 0.073 172.824
37.950 -3.737 -0.007 0.073 172.807
38.000 -4.710 0.001 0.073 172.790
38.050 -5.309 0.006 0.073 172.786
38.100 -5.477 0.011 0.073 172.786
38.150 -5.193 0.008 0.073 172.790
38.200 -4.481 0.005 0.073 172.798
38.250 -3.404 -0.003 0.073 172.817
38.300 -2.053 -0.009 0.073 172.813
38.350 -0.541 -0.019 0.073 172.801
38.400 1.012 -0.028 0.073 172.778
38.450 2.484 -0.039 0.073 172.756
38.500 3.762 -0.046 0.073 172.728
38.550 4.733 -0.056 0.073 172.715
38.600 5.317 -0.059 0.073 172.708
38.650 5.469 -0.062 0.073 172.711
38.700 5.174 -0.060 0.073 172.720
38.750 4.451 -0.058 0.073 172.730
38.800 3.370 -0.051 0.073 172.738
38.850 2.021 -0.044 0.073 172.742
38.900 0.520 -0.034 0.073 172.732
38.950 -1.024 -0.026 0.073 172.713
39.000 -2.484 -0.014 0.073 172.694
39.050 -3.751 -0.006 0.073 172.679
39.100 -4.720 0.002 0.073 172.666
39.150 -5.313 0.006 0.073 172.663
39.200 -5.476 0.010 0.073 172.669
39.250 -5.187 0.008 0.073 172.679
39.300 -4.468 0.004 0.073 172.704
39.350 -3.388 -0.002 0.073 172.722
39.400 -2.037 -0.010 0.073 172.734
39.450 -0.525 -0.019 0.073 172.738
39.500 1.028 -0.029 0.073 172.730
39.550 2.503 -0.038 0.073 172.711
39.600 3.774 -0.048 0.073 172.708
39.650 4.743 -0.055 0.073 172.711
39.700 5.322 -0.059 0.073 172.724
39.750 5.469 -0.062 0.073 172.746
39.800 5.164 -0.062 0.073 172.770
39.850 4.439 -0.059 0.073 172.794
39.900 3.352 -0.051 0.073 172.824
39.950 2.003 -0.044 0.073 172.841
40.000 0.497 -0.035 0.073 172.839
40.050 -1.044 -0.026 0.073 172.834
40.100 -2.501 -0.014 0.073 172.828
40.150 -3.765 -0.007 0.073 172.821
40.200 -4.729 0.001 0.073 172.815
40.250 -5.318 0.006 0.073 172.822
40.300 -5.475 0.009 0.073 172.834
40.350 -5.180 0.008 0.073 172.850
40.400 -4.458 0.003 0.073 172.873
40.450 -3.376 -0.002 0.073 172.888
40.500 -2.019 -0.010 0.073 172.893
40.550 -0.504 -0.019 0.073 172.884
40.600 1.049 -0.029 0.072 172.870
40.650 2.519 -0.039 0.072 172.843
40.700 3.788 -0.048 0.072 172.824
40.750 4.753 -0.056 0.072 172.810
40.800 5.325 -0.061 0.072 172.802
40.850 5.467 -0.063 0.072 172.800
40.900 5.159 -0.063 0.072 172.797
40.950 4.431 -0.059 0.072 172.797
41.000 3.340 -0.051 0.072 172.809
41.050 1.989 -0.045 0.072 172.794
41.100 0.481 -0.035 0.072 172.767
41.150 -1.059 -0.026 0.072 172.735
41.200 -2.518 -0.014 0.072 172.709
41.250 -3.778 -0.007 0.072 172.676
41.300 -4.738 0.002 0.072 172.650
41.350 -5.323 0.006 0.072 172.636
41.400 -5.475 0.010 0.072 172.629
41.450 -5.175 0.009 0.072 172.620
41.500 -4.447 0.004 0.072 172.622
41.550 -3.358 -0.002 0.072 172.624
41.600 -2.000 -0.010 0.072 172.617
41.650 -0.488 -0.019 0.072 172.591
41.700 1.066 -0.030 0.072 172.574
41.750 2.535 -0.039 0.072 172.536
41.800 3.802 -0.047 0.072 172.508
41.850 4.764 -0.055 0.072 172.486
41.900 5.330 -0.060 0.072 172.475
41.950 5.468 -0.061 0.072 172.473
42.000 5.153 -0.062 0.072 172.474
42.050 4.418 -0.058 0.072 172.480
42.100 3.323 -0.050 0.072 172.489
42.150 1.968 -0.044 0.072 172.493
42.200 0.459 -0.034 0.072 172.478
42.250 -1.080 -0.024 0.072 172.464
42.300 -2.536 -0.014 0.072 172.446
42.350 -3.792 -0.006 0.072 172.432
42.400 -4.748 0.002 0.072 172.424
42.450 -5.327 0.007 0.072 172.428
42.500 -5.473 0.009 0.072 172.440
42.550 -5.167 0.008 0.072 172.457
42.600 -4.436 0.004 0.072 172.481
42.650 -3.345 -0.002 0.072 172.500
42.700 -1.985 -0.010 0.072 172.516
42.750 -0.468 -0.019 0.072 172.519
42.800 1.087 -0.029 0.072 172.513
42.850 2.553 -0.039 0.072 172.507
42.900 3.816 -0.047 0.072 172.500
42.950 4.772 -0.056 0.072 172.502
43.000 5.335 -0.060 0.072 172.512
43.050 5.467 -0.061 0.072 172.533
43.100 5.148 -0.061 0.072 172.554
43.150 4.406 -0.058 0.072 172.581
43.200 3.311 -0.051 0.072 172.610
43.250 1.953 -0.044 0.072 172.629
43.300 0.445 -0.034 0.072 172.631
43.350 -1.096 -0.025 0.072 172.632
43.400 -2.551 -0.014 0.071 172.632
43.450 -3.804 -0.006 0.071 172.630
43.500 -4.757 0.001 0.071 172.629
43.550 -5.332 0.007 0.071 172.640
43.600 -5.472 0.011 0.072 172.655
43.650 -5.162 0.008 0.072 172.679
43.700 -4.426 0.004 0.072 172.703
43.750 -3.328 -0.004 0.072 172.736
43.800 -1.964 -0.010 0.072 172.752
43.850 -0.449 -0.020 0.072 172.757
43.900 1.103 -0.029 0.072 172.749
43.950 2.568 -0.039 0.072 172.737
44.000 3.828 -0.048 0.072 172.726
44.050 4.781 -0.056 0.072 172.729
44.100 5.338 -0.059 0.072 172.737
44.150 5.464 -0.062 0.073 172.756
44.200 5.140 -0.061 0.073 172.774
44.250 4.394 -0.058 0.073 172.798
44.300 3.296 -0.050 0.073 172.826
44.350 1.933 -0.043 0.073 172.849
44.400 0.423 -0.034 0.073 172.847
44.450 -1.117 -0.023 0.073 172.855
44.500 -2.569 -0.014 0.073 172.843
44.550 -3.819 -0.006 0.073 172.831
44.600 -4.767 0.002 0.073 172.828
44.650 -5.336 0.006 0.073 172.836
44.700 -5.471 0.011 0.074 172.850
44.750 -5.154 0.007 0.074 172.874
44.800 -4.414 0.003 0.074 172.900
44.850 -3.314 -0.002 0.074 172.922
44.900 -1.951 -0.010 0.074 172.934
44.950 -0.432 -0.019 0.074 172.942
45.000 1.121 -0.029 0.074 172.941
45.050 2.586 -0.039 0.074 172.933
45.100 3.844 -0.048 0.074 172.930
45.150 4.790 -0.056 0.074 172.936
45.200 5.343 -0.059 0.074 172.946
45.250 5.462 -0.061 0.074 172.965
45.300 5.134 -0.060 0.074 172.987
45.350 4.381 -0.058 0.074 173.010
45.400 3.279 -0.053 0.074 173.019
45.450 1.916 -0.044 0.074 173.025
45.500 0.406 -0.035 0.074 173.014
45.550 -1.133 -0.023 0.074 173.017
45.600 -2.584 -0.014 0.074 172.999
