0.000 -2.894 0.002 0.090 171.227
0.050 -1.450 -0.010 0.090 171.224
0.100 0.109 -0.021 0.090 171.203
0.150 1.661 -0.034 0.090 171.178
0.200 3.082 -0.046 0.090 171.154
0.250 4.243 -0.057 0.090 171.132
0.300 5.056 -0.065 0.090 171.113
0.350 5.440 -0.070 0.090 171.100
0.400 5.379 -0.072 0.090 171.092
0.450 4.855 -0.070 0.090 171.086
0.500 3.934 -0.064 0.090 171.079
0.550 2.686 -0.054 0.090 171.073
0.600 1.227 -0.044 0.090 171.068
0.650 -0.329 -0.032 0.090 171.049
0.700 -1.856 -0.021 0.090 171.021
0.750 -3.236 -0.008 0.090 170.985
0.800 -4.353 0.003 0.090 170.962
0.850 -5.119 0.012 0.090 170.943
0.900 -5.462 0.015 0.090 170.930
0.950 -5.348 0.016 0.090 170.924
1.000 -4.780 0.014 0.090 170.918
1.050 -3.816 0.008 0.090 170.914
1.100 -2.532 -0.003 0.090 170.914
1.150 -1.045 -0.012 0.090 170.906
1.200 0.528 -0.025 0.090 170.889
1.250 2.054 -0.037 0.089 170.866
1.300 3.416 -0.050 0.089 170.847
1.350 4.494 -0.060 0.089 170.830
1.400 5.202 -0.068 0.089 170.822
1.450 5.465 -0.071 0.089 170.820
1.500 5.284 -0.073 0.089 170.824
1.550 4.651 -0.069 0.089 170.831
1.600 3.636 -0.061 0.089 170.848
1.650 2.322 -0.052 0.089 170.864
1.700 0.825 -0.042 0.089 170.860
1.750 -0.737 -0.029 0.089 170.855
1.800 -2.237 -0.016 0.089 170.852
1.850 -3.559 -0.004 0.089 170.850
1.900 -4.592 0.006 0.089 170.851
1.950 -5.252 0.013 0.089 170.854
2.000 -5.477 0.017 0.090 170.868
2.050 -5.242 0.018 0.091 170.884
2.100 -4.561 0.013 0.091 170.901
2.150 -3.502 0.005 0.091 170.922
2.200 -2.154 -0.004 0.091 170.943
2.250 -0.636 -0.015 0.091 170.956
2.300 0.936 -0.028 0.091 170.955
2.350 2.430 -0.041 0.091 170.957
2.400 3.732 -0.052 0.091 170.957
2.450 4.720 -0.061 0.091 170.957
2.500 5.315 -0.068 0.091 170.963
2.550 5.465 -0.071 0.091 170.977
2.600 5.160 -0.070 0.091 170.997
2.650 4.416 -0.066 0.091 171.020
2.700 3.312 -0.059 0.091 171.043
2.750 1.937 -0.050 0.091 171.049
2.800 0.412 -0.039 0.091 171.047
2.850 -1.145 -0.025 0.091 171.044
2.900 -2.609 -0.013 0.091 171.043
2.950 -3.863 -0.003 0.091 171.023
3.000 -4.804 0.006 0.091 171.007
3.050 -5.356 0.015 0.091 171.003
3.100 -5.460 0.017 0.091 171.002
3.150 -5.103 0.015 0.091 171.008
3.200 -4.316 0.011 0.091 171.017
3.250 -3.173 0.003 0.091 171.019
3.300 -1.769 -0.008 0.091 171.023
3.350 -0.224 -0.018 0.091 171.007
3.400 1.344 -0.032 0.091 170.990
3.450 2.798 -0.044 0.091 170.967
3.500 4.026 -0.055 0.091 170.947
3.550 4.916 -0.064 0.091 170.930
3.600 5.398 -0.070 0.091 170.917
3.650 5.430 -0.072 0.091 170.912
3.700 5.004 -0.071 0.091 170.909
3.750 4.159 -0.065 0.091 170.909
3.800 2.974 -0.058 0.091 170.903
3.850 1.548 -0.046 0.091 170.895
3.900 0.003 -0.034 0.091 170.890
3.950 -1.541 -0.022 0.091 170.877
4.000 -2.962 -0.011 0.090 170.851
4.050 -4.143 0.000 0.090 170.824
4.100 -4.990 0.010 0.090 170.811
4.150 -5.427 0.016 0.090 170.806
4.200 -5.411 0.017 0.090 170.806
4.250 -4.937 0.015 0.090 170.812
4.300 -4.048 0.010 0.090 170.811
4.350 -2.824 -0.000 0.090 170.825
4.400 -1.367 -0.011 0.090 170.833
4.450 0.195 -0.022 0.090 170.829
4.500 1.743 -0.035 0.090 170.819
4.550 3.147 -0.047 0.089 170.807
4.600 4.296 -0.057 0.089 170.795
4.650 5.086 -0.066 0.089 170.795
4.700 5.451 -0.071 0.089 170.801
4.750 5.362 -0.072 0.089 170.816
4.800 4.821 -0.069 0.089 170.833
4.850 3.878 -0.063 0.089 170.851
4.900 2.619 -0.055 0.089 170.874
4.950 1.149 -0.042 0.089 170.894
5.000 -0.408 -0.032 0.089 170.898
5.050 -1.932 -0.019 0.089 170.896
5.100 -3.301 -0.008 0.089 170.890
5.150 -4.403 0.005 0.089 170.898
5.200 -5.147 0.012 0.089 170.907
5.250 -5.468 0.017 0.089 170.923
5.300 -5.329 0.018 0.090 170.944
5.350 -4.739 0.014 0.090 170.968
5.400 -3.753 0.008 0.090 170.990
5.450 -2.458 -0.002 0.090 171.016
5.500 -0.965 -0.013 0.090 171.030
5.550 0.605 -0.024 0.090 171.031
5.600 2.131 -0.038 0.090 171.032
5.650 3.478 -0.050 0.090 171.033
5.700 4.543 -0.060 0.090 171.031
5.750 5.225 -0.067 0.090 171.035
5.800 5.472 -0.071 0.090 171.044
5.850 5.260 -0.071 0.090 171.057
5.900 4.607 -0.068 0.090 171.070
5.950 3.570 -0.060 0.090 171.093
6.000 2.246 -0.051 0.090 171.109
6.050 0.740 -0.040 0.090 171.111
6.100 -0.819 -0.029 0.090 171.098
6.150 -2.313 -0.014 0.090 171.101
6.200 -3.621 -0.004 0.090 171.094
6.250 -4.636 0.007 0.090 171.085
6.300 -5.275 0.014 0.090 171.081
6.350 -5.477 0.018 0.090 171.083
6.400 -5.216 0.018 0.090 171.089
6.450 -4.515 0.012 0.090 171.100
6.500 -3.440 0.004 0.090 171.112
6.550 -2.082 -0.005 0.090 171.126
6.600 -0.553 -0.016 0.090 171.126
6.650 1.017 -0.028 0.090 171.116
6.700 2.507 -0.042 0.090 171.106
6.750 3.788 -0.052 0.090 171.093
6.800 4.761 -0.063 0.090 171.085
6.850 5.332 -0.068 0.090 171.084
6.900 5.461 -0.072 0.090 171.091
6.950 5.129 -0.070 0.090 171.103
7.000 4.369 -0.067 0.090 171.118
7.050 3.246 -0.058 0.090 171.134
7.100 1.865 -0.049 0.090 171.139
7.150 0.332 -0.036 0.090 171.143
7.200 -1.222 -0.024 0.090 171.148
7.250 -2.679 -0.011 0.090 171.147
7.300 -3.919 -0.001 0.090 171.136
7.350 -4.844 0.009 0.090 171.134
7.400 -5.372 0.016 0.090 171.139
7.450 -5.453 0.019 0.091 171.149
7.500 -5.074 0.015 0.091 171.169
7.550 -4.266 0.011 0.091 171.185
7.600 -3.103 0.002 0.091 171.202
7.650 -1.688 -0.007 0.091 171.216
7.700 -0.140 -0.019 0.091 171.221
7.750 1.420 -0.032 0.091 171.218
7.800 2.869 -0.045 0.091 171.219
7.850 4.079 -0.056 0.091 171.217
7.900 4.953 -0.065 0.091 171.222
7.950 5.410 -0.070 0.091 171.230
8.000 5.419 -0.072 0.091 171.244
8.050 4.968 -0.069 0.091 171.265
8.100 4.105 -0.065 0.091 171.284
8.150 2.902 -0.056 0.091 171.297
8.200 1.468 -0.045 0.091 171.316
8.250 -0.082 -0.033 0.091 171.324
8.300 -1.620 -0.021 0.091 171.327
8.350 -3.032 -0.009 0.091 171.314
8.400 -4.198 0.001 0.091 171.306
8.450 -5.024 0.012 0.091 171.308
8.500 -5.438 0.017 0.091 171.313
8.550 -5.397 0.018 0.091 171.323
8.600 -4.898 0.015 0.091 171.338
8.650 -3.991 0.010 0.091 171.349
8.700 -2.753 -0.001 0.091 171.368
8.750 -1.293 -0.011 0.091 171.381
8.800 0.274 -0.022 0.091 171.377
8.850 1.818 -0.035 0.091 171.364
8.900 3.216 -0.048 0.091 171.357
8.950 4.345 -0.057 0.091 171.347
9.000 5.118 -0.067 0.091 171.343
9.050 5.455 -0.071 0.091 171.345
9.100 5.344 -0.072 0.091 171.352
9.150 4.777 -0.069 0.091 171.357
9.200 3.817 -0.063 0.091 171.366
9.250 2.542 -0.052 0.091 171.382
9.300 1.069 -0.043 0.091 171.386
9.350 -0.491 -0.030 0.091 171.374
9.400 -2.006 -0.019 0.091 171.355
9.450 -3.365 -0.005 0.091 171.339
9.500 -4.450 0.005 0.091 171.329
9.550 -5.175 0.013 0.091 171.319
9.600 -5.472 0.016 0.091 171.317
9.650 -5.310 0.018 0.091 171.319
9.700 -4.697 0.014 0.091 171.321
9.750 -3.695 0.007 0.091 171.326
9.800 -2.384 -0.003 0.091 171.330
9.850 -0.882 -0.014 0.091 171.330
9.900 0.691 -0.027 0.091 171.320
9.950 2.204 -0.039 0.090 171.308
10.000 3.543 -0.051 0.090 171.288
10.050 4.586 -0.060 0.090 171.273
10.100 5.251 -0.068 0.090 171.264
10.150 5.472 -0.071 0.090 171.262
10.200 5.239 -0.071 0.090 171.268
10.250 4.562 -0.067 0.090 171.275
10.300 3.512 -0.060 0.090 171.292
10.350 2.172 -0.050 0.090 171.301
10.400 0.663 -0.039 0.090 171.299
10.450 -0.898 -0.026 0.090 171.295
10.500 -2.384 -0.014 0.090 171.294
10.550 -3.681 -0.002 0.090 171.288
10.600 -4.679 0.008 0.090 171.285
10.650 -5.296 0.014 0.090 171.289
10.700 -5.475 0.018 0.090 171.302
10.750 -5.191 0.019 0.091 171.317
10.800 -4.467 0.012 0.091 171.339
10.850 -3.373 0.005 0.091 171.366
10.900 -2.001 -0.006 0.091 171.393
10.950 -0.474 -0.016 0.091 171.407
11.000 1.097 -0.029 0.091 171.412
11.050 2.577 -0.041 0.091 171.413
11.100 3.850 -0.054 0.091 171.417
11.150 4.801 -0.062 0.091 171.425
11.200 5.351 -0.069 0.091 171.440
11.250 5.453 -0.071 0.091 171.461
11.300 5.103 -0.071 0.091 171.488
11.350 4.316 -0.064 0.091 171.521
11.400 3.180 -0.057 0.091 171.548
11.450 1.783 -0.048 0.091 171.565
11.500 0.249 -0.036 0.091 171.581
11.550 -1.305 -0.022 0.091 171.595
11.600 -2.751 -0.012 0.090 171.598
11.650 -3.977 -0.001 0.090 171.591
11.700 -4.881 0.008 0.090 171.591
11.750 -5.388 0.016 0.090 171.600
11.800 -5.444 0.018 0.090 171.614
11.850 -5.041 0.015 0.090 171.635
11.900 -4.212 0.010 0.090 171.651
11.950 -3.037 0.002 0.090 171.668
12.000 -1.612 -0.009 0.090 171.686
12.050 -0.058 -0.019 0.090 171.688
12.100 1.503 -0.032 0.090 171.677
12.150 2.939 -0.045 0.090 171.669
12.200 4.136 -0.057 0.090 171.658
12.250 4.987 -0.064 0.090 171.650
12.300 5.423 -0.070 0.090 171.647
12.350 5.406 -0.071 0.090 171.651
12.400 4.934 -0.069 0.090 171.660
12.450 4.050 -0.063 0.090 171.664
12.500 2.835 -0.057 0.090 171.667
12.550 1.391 -0.044 0.090 171.669
12.600 -0.159 -0.032 0.090 171.672
12.650 -1.697 -0.020 0.090 171.654
12.700 -3.098 -0.009 0.090 171.627
12.750 -4.249 0.003 0.090 171.609
12.800 -5.055 0.011 0.090 171.598
12.850 -5.447 0.017 0.090 171.593
12.900 -5.382 0.017 0.090 171.594
12.950 -4.862 0.015 0.090 171.598
13.000 -3.935 0.009 0.090 171.602
13.050 -2.680 -0.001 0.090 171.609
13.100 -1.207 -0.013 0.090 171.611
13.150 0.357 -0.022 0.090 171.595
13.200 1.897 -0.036 0.090 171.581
13.250 3.280 -0.049 0.089 171.570
13.300 4.397 -0.059 0.089 171.557
13.350 5.146 -0.066 0.089 171.550
13.400 5.462 -0.071 0.089 171.551
13.450 5.326 -0.071 0.089 171.559
13.500 4.741 -0.069 0.089 171.567
13.550 3.759 -0.061 0.089 171.581
13.600 2.472 -0.053 0.089 171.593
13.650 0.988 -0.041 0.089 171.600
13.700 -0.571 -0.030 0.089 171.593
13.750 -2.084 -0.016 0.089 171.585
13.800 -3.429 -0.006 0.089 171.572
13.850 -4.498 0.006 0.089 171.570
13.900 -5.201 0.012 0.089 171.568
13.950 -5.476 0.017 0.089 171.576
14.000 -5.288 0.017 0.089 171.588
14.050 -4.654 0.014 0.089 171.601
14.100 -3.631 0.005 0.089 171.618
14.150 -2.310 -0.004 0.089 171.637
14.200 -0.804 -0.015 0.089 171.648
14.250 0.767 -0.026 0.089 171.647
14.300 2.281 -0.040 0.088 171.642
14.350 3.605 -0.051 0.088 171.634
14.400 4.628 -0.061 0.088 171.629
14.450 5.271 -0.067 0.088 171.631
14.500 5.472 -0.072 0.089 171.639
14.550 5.213 -0.070 0.089 171.652
14.600 4.515 -0.067 0.089 171.667
14.650 3.443 -0.058 0.089 171.690
14.700 2.095 -0.051 0.089 171.696
14.750 0.579 -0.039 0.089 171.692
14.800 -0.980 -0.026 0.089 171.692
14.850 -2.459 -0.013 0.089 171.693
14.900 -3.741 -0.002 0.089 171.689
14.950 -4.721 0.008 0.089 171.682
15.000 -5.317 0.013 0.089 171.681
15.050 -5.471 0.019 0.091 171.687
15.100 -5.163 0.016 0.091 171.698
15.150 -4.420 0.013 0.091 171.707
15.200 -3.311 0.003 0.091 171.717
15.250 -1.928 -0.005 0.091 171.725
15.300 -0.389 -0.018 0.091 171.730
15.350 1.180 -0.030 0.091 171.721
15.400 2.651 -0.042 0.091 171.704
15.450 3.907 -0.053 0.091 171.690
15.500 4.841 -0.063 0.091 171.678
15.550 5.365 -0.068 0.091 171.673
15.600 5.447 -0.072 0.091 171.674
15.650 5.069 -0.069 0.091 171.681
15.700 4.268 -0.065 0.091 171.691
15.750 3.113 -0.057 0.091 171.694
15.800 1.710 -0.048 0.091 171.683
15.850 0.170 -0.035 0.091 171.678
15.900 -1.379 -0.022 0.091 171.670
15.950 -2.819 -0.011 0.091 171.648
16.000 -4.032 -0.001 0.091 171.621
16.050 -4.918 0.010 0.091 171.604
16.100 -5.402 0.015 0.091 171.595
16.150 -5.435 0.018 0.091 171.591
16.200 -5.008 0.016 0.091 171.590
16.250 -4.159 0.010 0.091 171.588
16.300 -2.966 0.000 0.091 171.587
16.350 -1.531 -0.009 0.091 171.587
16.400 0.023 -0.021 0.091 171.570
16.450 1.578 -0.033 0.091 171.542
16.500 3.008 -0.046 0.091 171.516
16.550 4.188 -0.056 0.091 171.495
16.600 5.022 -0.065 0.091 171.476
16.650 5.431 -0.069 0.091 171.464
16.700 5.394 -0.072 0.091 171.459
16.750 4.896 -0.069 0.091 171.456
16.800 3.993 -0.063 0.091 171.458
16.850 2.762 -0.055 0.091 171.451
16.900 1.310 -0.045 0.091 171.444
16.950 -0.244 -0.031 0.091 171.429
17.000 -1.777 -0.020 0.091 171.411
17.050 -3.167 -0.008 0.091 171.380
17.100 -4.301 0.002 0.091 171.359
17.150 -5.087 0.012 0.091 171.345
17.200 -5.455 0.016 0.091 171.338
17.250 -5.366 0.017 0.091 171.337
17.300 -4.822 0.014 0.091 171.338
17.350 -3.876 0.008 0.091 171.337
17.400 -2.609 -0.002 0.091 171.341
17.450 -1.132 -0.012 0.091 171.340
17.500 0.439 -0.024 0.091 171.321
17.550 1.974 -0.036 0.090 171.305
17.600 3.348 -0.049 0.090 171.290
17.650 4.444 -0.058 0.090 171.274
17.700 5.173 -0.066 0.090 171.263
17.750 5.466 -0.070 0.090 171.262
17.800 5.307 -0.071 0.090 171.266
17.850 4.694 -0.067 0.090 171.271
17.900 3.699 -0.061 0.090 171.288
17.950 2.397 -0.052 0.090 171.295
18.000 0.908 -0.041 0.090 171.293
18.050 -0.652 -0.029 0.090 171.281
18.100 -2.158 -0.017 0.090 171.265
18.150 -3.493 -0.004 0.090 171.252
18.200 -4.544 0.005 0.090 171.243
18.250 -5.227 0.012 0.090 171.235
18.300 -5.477 0.016 0.090 171.238
18.350 -5.266 0.018 0.090 171.246
18.400 -4.610 0.013 0.090 171.254
18.450 -3.571 0.005 0.090 171.271
18.500 -2.234 -0.005 0.090 171.283
18.550 -0.719 -0.015 0.090 171.282
18.600 0.852 -0.028 0.090 171.278
18.650 2.354 -0.040 0.089 171.267
18.700 3.668 -0.052 0.089 171.256
18.750 4.674 -0.060 0.089 171.248
18.800 5.294 -0.068 0.089 171.246
18.850 5.469 -0.071 0.089 171.250
18.900 5.189 -0.071 0.089 171.261
18.950 4.470 -0.067 0.089 171.273
19.000 3.383 -0.058 0.089 171.296
19.050 2.020 -0.049 0.089 171.303
19.100 0.501 -0.039 0.089 171.294
19.150 -1.058 -0.025 0.089 171.297
19.200 -2.531 -0.014 0.089 171.294
19.250 -3.800 -0.002 0.089 171.282
19.300 -4.762 0.008 0.089 171.278
19.350 -5.336 0.014 0.089 171.279
19.400 -5.467 0.017 0.089 171.288
19.450 -5.135 0.016 0.089 171.302
19.500 -4.369 0.011 0.089 171.314
19.550 -3.241 0.004 0.089 171.326
19.600 -1.848 -0.007 0.089 171.340
19.650 -0.310 -0.018 0.089 171.345
19.700 1.257 -0.030 0.089 171.338
19.750 2.722 -0.043 0.089 171.332
19.800 3.966 -0.054 0.089 171.323
19.850 4.879 -0.062 0.089 171.317
19.900 5.385 -0.069 0.089 171.317
19.950 5.440 -0.072 0.089 171.324
20.000 5.039 -0.070 0.089 171.334
20.050 4.214 -0.064 0.089 171.352
20.100 3.044 -0.057 0.089 171.362
20.150 1.629 -0.046 0.089 171.365
20.200 0.086 -0.035 0.089 171.364
20.250 -1.461 -0.022 0.089 171.363
20.300 -2.890 -0.011 0.089 171.350
20.350 -4.087 0.000 0.089 171.333
20.400 -4.954 0.010 0.089 171.325
20.450 -5.415 0.017 0.089 171.326
20.500 -5.424 0.017 0.089 171.332
20.550 -4.972 0.015 0.089 171.342
20.600 -4.105 0.010 0.089 171.349
20.650 -2.899 0.001 0.089 171.358
20.700 -1.455 -0.010 0.089 171.365
20.750 0.106 -0.021 0.089 171.359
20.800 1.661 -0.034 0.089 171.344
20.850 3.077 -0.046 0.089 171.333
20.900 4.242 -0.056 0.089 171.319
20.950 5.053 -0.063 0.089 171.308
21.000 5.443 -0.070 0.089 171.307
21.050 5.378 -0.071 0.089 171.310
21.100 4.861 -0.069 0.089 171.317
21.150 3.936 -0.064 0.089 171.321
21.200 2.693 -0.055 0.089 171.326
21.250 1.234 -0.043 0.089 171.329
21.300 -0.323 -0.032 0.089 171.319
21.350 -1.851 -0.019 0.089 171.301
21.400 -3.231 -0.007 0.089 171.284
21.450 -4.350 0.004 0.089 171.270
21.500 -5.117 0.012 0.089 171.261
21.550 -5.462 0.016 0.089 171.256
21.600 -5.349 0.017 0.089 171.257
21.650 -4.783 0.015 0.089 171.254
21.700 -3.817 0.007 0.089 171.256
21.750 -2.535 -0.000 0.089 171.255
21.800 -1.047 -0.012 0.089 171.244
21.850 0.520 -0.023 0.089 171.226
21.900 2.049 -0.037 0.089 171.206
21.950 3.410 -0.049 0.089 171.187
22.000 4.492 -0.059 0.089 171.166
22.050 5.199 -0.066 0.089 171.150
22.100 5.469 -0.071 0.089 171.141
22.150 5.285 -0.071 0.089 171.139
22.200 4.655 -0.068 0.089 171.134
22.250 3.638 -0.060 0.089 171.137
22.300 2.325 -0.051 0.089 171.141
22.350 0.827 -0.041 0.089 171.123
22.400 -0.733 -0.030 0.089 171.099
22.450 -2.234 -0.016 0.089 171.078
22.500 -3.556 -0.004 0.089 171.054
22.550 -4.589 0.006 0.089 171.035
22.600 -5.251 0.012 0.089 171.020
22.650 -5.478 0.017 0.089 171.013
22.700 -5.243 0.018 0.089 171.009
22.750 -4.564 0.013 0.089 171.010
22.800 -3.506 0.004 0.089 171.018
22.850 -2.160 -0.004 0.089 171.018
22.900 -0.641 -0.015 0.089 171.013
22.950 0.931 -0.028 0.089 170.997
23.000 2.428 -0.041 0.089 170.984
23.050 3.727 -0.052 0.089 170.971
23.100 4.717 -0.062 0.089 170.960
23.150 5.313 -0.068 0.089 170.956
23.200 5.466 -0.072 0.091 170.960
23.250 5.160 -0.070 0.091 170.968
23.300 4.420 -0.067 0.091 170.981
23.350 3.314 -0.058 0.091 170.996
23.400 1.943 -0.050 0.091 171.002
23.450 0.416 -0.038 0.091 171.001
23.500 -1.139 -0.024 0.091 171.007
23.550 -2.604 -0.012 0.091 171.009
23.600 -3.859 -0.002 0.091 171.000
23.650 -4.803 0.008 0.091 170.992
23.700 -5.354 0.015 0.091 170.999
23.750 -5.460 0.019 0.091 171.011
23.800 -5.106 0.016 0.091 171.031
23.850 -4.320 0.012 0.091 171.048
23.900 -3.177 0.003 0.091 171.067
23.950 -1.773 -0.007 0.091 171.084
24.000 -0.225 -0.019 0.091 171.092
24.050 1.338 -0.031 0.091 171.089
24.100 2.795 -0.044 0.091 171.087
24.150 4.020 -0.055 0.091 171.090
24.200 4.915 -0.064 0.091 171.091
24.250 5.396 -0.069 0.091 171.097
24.300 5.432 -0.073 0.092 171.109
24.350 5.003 -0.070 0.092 171.128
24.400 4.165 -0.066 0.092 171.142
24.450 2.979 -0.056 0.092 171.156
24.500 1.555 -0.047 0.092 171.164
24.550 0.008 -0.033 0.092 171.175
24.600 -1.536 -0.022 0.092 171.170
24.650 -2.958 -0.010 0.092 171.158
24.700 -4.141 0.001 0.092 171.145
24.750 -4.989 0.011 0.092 171.143
24.800 -5.427 0.017 0.092 171.145
24.850 -5.411 0.017 0.092 171.155
24.900 -4.939 0.013 0.092 171.168
24.950 -4.050 0.010 0.092 171.179
25.000 -2.825 -0.000 0.092 171.194
25.050 -1.373 -0.011 0.092 171.212
25.100 0.188 -0.022 0.092 171.207
25.150 1.735 -0.035 0.092 171.201
25.200 3.144 -0.048 0.092 171.192
25.250 4.292 -0.057 0.092 171.182
25.300 5.086 -0.067 0.092 171.180
25.350 5.446 -0.070 0.092 171.184
25.400 5.364 -0.072 0.092 171.193
25.450 4.821 -0.069 0.092 171.206
25.500 3.880 -0.064 0.092 171.218
25.550 2.620 -0.053 0.092 171.239
25.600 1.153 -0.043 0.092 171.257
25.650 -0.406 -0.031 0.092 171.260
25.700 -1.929 -0.019 0.092 171.252
25.750 -3.298 -0.007 0.092 171.244
25.800 -4.400 0.004 0.092 171.246
25.850 -5.146 0.012 0.092 171.250
25.900 -5.468 0.016 0.092 171.262
25.950 -5.330 0.017 0.092 171.281
26.000 -4.741 0.013 0.092 171.299
26.050 -3.756 0.007 0.092 171.320
26.100 -2.463 -0.003 0.092 171.347
26.150 -0.971 -0.014 0.092 171.365
26.200 0.602 -0.025 0.092 171.366
26.250 2.126 -0.038 0.090 171.366
26.300 3.477 -0.051 0.090 171.366
26.350 4.539 -0.059 0.090 171.365
26.400 5.225 -0.067 0.090 171.369
26.450 5.471 -0.071 0.090 171.380
26.500 5.263 -0.072 0.090 171.398
26.550 4.608 -0.068 0.090 171.413
26.600 3.575 -0.060 0.090 171.438
26.650 2.250 -0.051 0.090 171.455
26.700 0.746 -0.041 0.090 171.453
26.750 -0.813 -0.028 0.090 171.448
26.800 -2.307 -0.015 0.089 171.448
26.850 -3.616 -0.004 0.089 171.440
26.900 -4.633 0.006 0.089 171.431
26.950 -5.274 0.014 0.089 171.429
27.000 -5.477 0.018 0.090 171.433
27.050 -5.218 0.018 0.090 171.441
27.100 -4.519 0.012 0.090 171.450
27.150 -3.445 0.006 0.090 171.457
27.200 -2.084 -0.005 0.090 171.462
27.250 -0.557 -0.016 0.090 171.458
27.300 1.014 -0.029 0.090 171.446
27.350 2.501 -0.042 0.090 171.431
27.400 3.787 -0.053 0.090 171.412
27.450 4.759 -0.062 0.090 171.398
27.500 5.334 -0.070 0.090 171.387
27.550 5.462 -0.071 0.090 171.383
27.600 5.133 -0.071 0.090 171.387
27.650 4.372 -0.065 0.090 171.393
27.700 3.254 -0.059 0.090 171.399
27.750 1.869 -0.049 0.090 171.388
27.800 0.339 -0.037 0.090 171.381
27.850 -1.217 -0.024 0.090 171.374
27.900 -2.674 -0.012 0.090 171.358
27.950 -3.916 -0.001 0.090 171.336
28.000 -4.842 0.007 0.090 171.318
28.050 -5.371 0.015 0.090 171.314
28.100 -5.454 0.018 0.090 171.315
28.150 -5.075 0.016 0.090 171.325
28.200 -4.268 0.010 0.090 171.333
28.250 -3.108 0.002 0.090 171.340
28.300 -1.693 -0.009 0.090 171.355
28.350 -0.146 -0.019 0.090 171.351
28.400 1.418 -0.033 0.090 171.342
28.450 2.863 -0.045 0.090 171.336
28.500 4.079 -0.056 0.090 171.326
28.550 4.950 -0.064 0.090 171.324
28.600 5.411 -0.070 0.090 171.327
28.650 5.419 -0.072 0.090 171.338
28.700 4.972 -0.071 0.090 171.353
28.750 4.106 -0.064 0.090 171.367
28.800 2.907 -0.057 0.090 171.378
28.850 1.472 -0.046 0.090 171.384
28.900 -0.076 -0.034 0.090 171.391
28.950 -1.617 -0.021 0.090 171.391
29.000 -3.028 -0.010 0.089 171.381
29.050 -4.194 0.002 0.089 171.373
29.100 -5.022 0.011 0.089 171.374
29.150 -5.437 0.016 0.089 171.379
29.200 -5.398 0.016 0.089 171.389
29.250 -4.901 0.015 0.089 171.404
29.300 -3.994 0.009 0.089 171.412
29.350 -2.758 -0.000 0.089 171.422
29.400 -1.297 -0.013 0.089 171.439
29.450 0.268 -0.023 0.089 171.441
29.500 1.816 -0.036 0.089 171.431
29.550 3.211 -0.048 0.089 171.421
29.600 4.344 -0.059 0.089 171.413
29.650 5.114 -0.065 0.089 171.406
29.700 5.456 -0.071 0.089 171.408
29.750 5.344 -0.071 0.089 171.417
29.800 4.780 -0.069 0.089 171.427
29.850 3.819 -0.061 0.089 171.443
29.900 2.549 -0.054 0.089 171.457
29.950 1.073 -0.042 0.089 171.465
30.000 -0.485 -0.031 0.089 171.462
30.050 -2.003 -0.019 0.089 171.450
30.100 -3.361 -0.006 0.089 171.443
30.150 -4.447 0.005 0.089 171.438
30.200 -5.173 0.012 0.089 171.436
30.250 -5.472 0.016 0.089 171.444
30.300 -5.311 0.017 0.089 171.457
30.350 -4.700 0.014 0.089 171.475
30.400 -3.698 0.006 0.089 171.495
30.450 -2.388 -0.002 0.089 171.511
30.500 -0.886 -0.014 0.089 171.516
30.550 0.684 -0.025 0.089 171.508
30.600 2.201 -0.040 0.088 171.506
30.650 3.538 -0.051 0.088 171.502
30.700 4.584 -0.060 0.088 171.493
30.750 5.246 -0.067 0.088 171.495
30.800 5.470 -0.071 0.088 171.502
30.850 5.239 -0.071 0.088 171.512
30.900 4.566 -0.068 0.088 171.524
30.950 3.514 -0.059 0.088 171.544
