0.000 1.050 -0.048 0.114 169.330
0.050 -0.527 -0.034 0.114 169.327
0.100 -2.054 -0.020 0.114 169.323
0.150 -3.416 -0.002 0.114 169.335
0.200 -4.496 0.011 0.114 169.343
0.250 -5.205 0.020 0.114 169.348
0.300 -5.473 0.026 0.114 169.363
0.350 -5.272 0.030 0.115 169.378
0.400 -4.615 0.024 0.115 169.397
0.450 -3.568 0.014 0.115 169.423
0.500 -2.220 0.003 0.115 169.434
0.550 -0.689 -0.009 0.115 169.431
0.600 0.902 -0.026 0.115 169.438
0.650 2.413 -0.043 0.115 169.446
0.700 3.727 -0.058 0.115 169.440
0.750 4.723 -0.068 0.115 169.427
0.800 5.320 -0.078 0.115 169.423
0.850 5.459 -0.085 0.115 169.423
0.900 5.135 -0.084 0.115 169.423
0.950 4.368 -0.077 0.115 169.428
1.000 3.236 -0.070 0.115 169.416
1.050 1.835 -0.058 0.115 169.398
1.100 0.289 -0.044 0.115 169.383
1.150 -1.281 -0.024 0.115 169.374
1.200 -2.743 -0.012 0.115 169.342
1.250 -3.982 0.002 0.115 169.302
1.300 -4.892 0.015 0.115 169.271
1.350 -5.393 0.027 0.115 169.245
1.400 -5.435 0.028 0.115 169.217
1.450 -5.008 0.026 0.115 169.192
1.500 -4.150 0.021 0.115 169.161
1.550 -2.941 0.012 0.115 169.122
1.600 -1.487 -0.003 0.115 169.089
1.650 0.085 -0.018 0.115 169.052
1.700 1.654 -0.034 0.115 169.000
1.750 3.083 -0.048 0.115 168.947
1.800 4.256 -0.065 0.115 168.907
1.850 5.068 -0.076 0.115 168.870
1.900 5.445 -0.082 0.115 168.827
1.950 5.359 -0.083 0.115 168.790
2.000 4.814 -0.082 0.115 168.753
2.050 3.857 -0.076 0.115 168.712
2.100 2.581 -0.064 0.115 168.688
2.150 1.093 -0.049 0.115 168.657
2.200 -0.480 -0.035 0.115 168.606
2.250 -2.014 -0.019 0.115 168.559
2.300 -3.382 -0.003 0.115 168.529
2.350 -4.471 0.012 0.115 168.499
2.400 -5.190 0.019 0.115 168.463
2.450 -5.472 0.026 0.115 168.439
2.500 -5.284 0.030 0.115 168.419
2.550 -4.639 0.026 0.115 168.405
2.600 -3.600 0.015 0.115 168.398
2.650 -2.258 0.003 0.115 168.382
2.700 -0.731 -0.009 0.115 168.355
2.750 0.855 -0.024 0.115 168.334
2.800 2.374 -0.043 0.115 168.322
2.850 3.693 -0.057 0.114 168.304
2.900 4.702 -0.069 0.114 168.287
2.950 5.307 -0.078 0.114 168.280
3.000 5.463 -0.085 0.115 168.279
3.050 5.148 -0.084 0.115 168.282
3.100 4.394 -0.078 0.115 168.295
3.150 3.268 -0.068 0.115 168.303
3.200 1.874 -0.059 0.115 168.298
3.250 0.327 -0.043 0.115 168.296
3.300 -1.241 -0.026 0.115 168.308
3.350 -2.709 -0.010 0.115 168.305
3.400 -3.953 0.001 0.115 168.291
3.450 -4.872 0.015 0.115 168.292
3.500 -5.385 0.026 0.115 168.298
3.550 -5.440 0.029 0.115 168.306
3.600 -5.024 0.026 0.115 168.318
3.650 -4.178 0.022 0.115 168.323
3.700 -2.979 0.012 0.115 168.325
3.750 -1.533 -0.002 0.115 168.339
3.800 0.042 -0.019 0.115 168.351
3.850 1.612 -0.032 0.115 168.341
3.900 3.049 -0.048 0.115 168.329
3.950 4.228 -0.063 0.115 168.330
4.000 5.053 -0.077 0.115 168.334
4.050 5.439 -0.082 0.115 168.332
4.100 5.369 -0.084 0.115 168.334
4.150 4.832 -0.082 0.115 168.335
4.200 3.888 -0.077 0.115 168.335
4.250 2.618 -0.064 0.115 168.341
4.300 1.135 -0.050 0.115 168.351
4.350 -0.438 -0.035 0.115 168.335
4.400 -1.973 -0.022 0.115 168.317
4.450 -3.348 -0.004 0.115 168.309
4.500 -4.446 0.012 0.115 168.304
4.550 -5.177 0.022 0.115 168.288
4.600 -5.470 0.026 0.115 168.279
4.650 -5.296 0.031 0.116 168.271
4.700 -4.663 0.027 0.116 168.265
4.750 -3.634 0.016 0.116 168.267
4.800 -2.296 0.003 0.116 168.267
4.850 -0.772 -0.008 0.116 168.253
4.900 0.815 -0.024 0.116 168.238
4.950 2.334 -0.042 0.116 168.237
5.000 3.661 -0.058 0.116 168.223
5.050 4.679 -0.069 0.116 168.203
5.100 5.299 -0.079 0.116 168.194
5.150 5.465 -0.085 0.116 168.190
5.200 5.159 -0.085 0.116 168.189
5.250 4.421 -0.079 0.116 168.196
5.300 3.307 -0.069 0.116 168.201
5.350 1.917 -0.059 0.116 168.193
5.400 0.374 -0.046 0.116 168.186
5.450 -1.198 -0.026 0.116 168.191
5.500 -2.670 -0.010 0.116 168.189
5.550 -3.923 0.002 0.116 168.172
5.600 -4.852 0.015 0.116 168.170
5.650 -5.377 0.027 0.116 168.173
5.700 -5.445 0.030 0.116 168.178
5.750 -5.042 0.026 0.116 168.189
5.800 -4.205 0.021 0.116 168.196
5.850 -3.013 0.013 0.116 168.199
5.900 -1.571 -0.002 0.116 168.216
5.950 -0.003 -0.018 0.116 168.236
6.000 1.570 -0.034 0.116 168.238
6.050 3.013 -0.048 0.116 168.234
6.100 4.203 -0.064 0.116 168.239
6.150 5.036 -0.077 0.116 168.250
6.200 5.438 -0.083 0.116 168.259
6.250 5.378 -0.084 0.116 168.272
6.300 4.853 -0.083 0.116 168.288
6.350 3.916 -0.077 0.116 168.298
6.400 2.654 -0.066 0.116 168.318
6.450 1.175 -0.050 0.116 168.342
6.500 -0.397 -0.036 0.116 168.347
6.550 -1.936 -0.021 0.116 168.349
6.600 -3.315 -0.005 0.116 168.362
6.650 -4.421 0.013 0.116 168.380
6.700 -5.163 0.021 0.116 168.387
6.750 -5.469 0.028 0.116 168.399
6.800 -5.306 0.030 0.116 168.413
6.850 -4.684 0.027 0.116 168.428
6.900 -3.664 0.016 0.116 168.453
6.950 -2.339 0.005 0.116 168.474
7.000 -0.816 -0.009 0.116 168.482
7.050 0.771 -0.022 0.116 168.486
7.100 2.299 -0.043 0.116 168.507
7.150 3.630 -0.058 0.115 168.519
7.200 4.658 -0.069 0.115 168.517
7.250 5.288 -0.078 0.115 168.522
7.300 5.467 -0.085 0.115 168.534
7.350 5.177 -0.086 0.116 168.545
7.400 4.446 -0.080 0.116 168.563
7.450 3.338 -0.069 0.116 168.582
7.500 1.955 -0.060 0.116 168.583
7.550 0.415 -0.044 0.116 168.590
7.600 -1.156 -0.026 0.116 168.615
7.650 -2.632 -0.010 0.116 168.623
7.700 -3.893 0.001 0.116 168.608
7.750 -4.832 0.016 0.116 168.608
7.800 -5.369 0.028 0.116 168.618
7.850 -5.449 0.030 0.117 168.625
7.900 -5.059 0.023 0.117 168.642
7.950 -4.235 0.019 0.117 168.659
8.000 -3.051 0.012 0.117 168.663
8.050 -1.612 -0.000 0.117 168.672
8.100 -0.042 -0.019 0.117 168.694
8.150 1.529 -0.035 0.117 168.701
8.200 2.976 -0.049 0.117 168.699
8.250 4.174 -0.064 0.117 168.704
8.300 5.019 -0.078 0.117 168.714
8.350 5.431 -0.083 0.117 168.721
8.400 5.386 -0.085 0.117 168.733
8.450 4.874 -0.083 0.117 168.749
8.500 3.951 -0.080 0.117 168.754
8.550 2.695 -0.066 0.117 168.774
8.600 1.219 -0.049 0.117 168.809
8.650 -0.353 -0.035 0.117 168.821
8.700 -1.893 -0.023 0.117 168.815
8.750 -3.280 -0.005 0.117 168.823
8.800 -4.396 0.012 0.117 168.839
8.850 -5.148 0.023 0.117 168.850
8.900 -5.467 0.025 0.117 168.862
8.950 -5.317 0.028 0.117 168.880
9.000 -4.707 0.025 0.117 168.900
9.050 -3.696 0.016 0.117 168.930
9.100 -2.373 0.004 0.117 168.953
9.150 -0.858 -0.008 0.117 168.963
9.200 0.728 -0.025 0.117 168.972
9.250 2.256 -0.044 0.117 168.997
9.300 3.599 -0.060 0.117 169.016
9.350 4.633 -0.069 0.117 169.017
9.400 5.276 -0.079 0.117 169.025
9.450 5.466 -0.086 0.117 169.040
9.500 5.192 -0.088 0.118 169.055
9.550 4.469 -0.080 0.118 169.077
9.600 3.372 -0.070 0.118 169.102
9.650 1.994 -0.061 0.118 169.108
9.700 0.456 -0.047 0.118 169.112
9.750 -1.117 -0.028 0.118 169.130
9.800 -2.595 -0.011 0.118 169.142
9.850 -3.864 0.002 0.118 169.130
9.900 -4.812 0.014 0.118 169.128
9.950 -5.360 0.026 0.118 169.134
10.000 -5.453 0.031 0.119 169.140
10.050 -5.075 0.028 0.119 169.150
10.100 -4.260 0.020 0.119 169.160
10.150 -3.087 0.012 0.119 169.163
10.200 -1.656 -0.002 0.119 169.168
10.250 -0.090 -0.018 0.119 169.183
10.300 1.487 -0.033 0.119 169.169
10.350 2.942 -0.048 0.119 169.150
10.400 4.147 -0.064 0.119 169.142
10.450 4.999 -0.078 0.119 169.141
10.500 5.426 -0.085 0.119 169.134
10.550 5.391 -0.084 0.119 169.130
10.600 4.893 -0.083 0.119 169.129
10.650 3.975 -0.078 0.119 169.120
10.700 2.729 -0.068 0.119 169.119
10.750 1.258 -0.051 0.119 169.125
10.800 -0.312 -0.036 0.119 169.115
10.850 -1.854 -0.020 0.119 169.101
10.900 -3.246 -0.005 0.119 169.096
10.950 -4.370 0.010 0.119 169.087
11.000 -5.133 0.019 0.119 169.070
11.050 -5.464 0.027 0.119 169.065
11.100 -5.327 0.031 0.119 169.062
11.150 -4.729 0.028 0.119 169.057
11.200 -3.731 0.016 0.119 169.068
11.250 -2.415 0.003 0.119 169.087
11.300 -0.900 -0.009 0.119 169.079
11.350 0.688 -0.022 0.119 169.058
11.400 2.218 -0.042 0.119 169.059
11.450 3.563 -0.058 0.119 169.058
11.500 4.612 -0.071 0.119 169.047
11.550 5.263 -0.078 0.119 169.039
11.600 5.469 -0.086 0.119 169.040
11.650 5.205 -0.086 0.119 169.041
11.700 4.497 -0.081 0.119 169.053
11.750 3.406 -0.070 0.119 169.066
11.800 2.037 -0.060 0.119 169.061
11.850 0.502 -0.046 0.119 169.053
11.900 -1.071 -0.029 0.119 169.065
11.950 -2.557 -0.011 0.119 169.073
12.000 -3.832 0.002 0.117 169.059
12.050 -4.791 0.015 0.117 169.050
12.100 -5.351 0.025 0.117 169.055
12.150 -5.457 0.029 0.117 169.060
12.200 -5.092 0.026 0.117 169.069
12.250 -4.288 0.023 0.117 169.075
12.300 -3.120 0.014 0.117 169.075
12.350 -1.694 -0.001 0.117 169.085
12.400 -0.130 -0.019 0.117 169.105
12.450 1.446 -0.035 0.117 169.105
12.500 2.904 -0.048 0.117 169.086
12.550 4.118 -0.063 0.117 169.084
12.600 4.984 -0.077 0.117 169.088
12.650 5.419 -0.084 0.117 169.090
12.700 5.402 -0.086 0.117 169.096
12.750 4.912 -0.082 0.117 169.105
12.800 4.009 -0.078 0.117 169.109
12.850 2.768 -0.066 0.117 169.122
12.900 1.300 -0.051 0.117 169.144
12.950 -0.269 -0.037 0.117 169.144
13.000 -1.815 -0.021 0.117 169.134
13.050 -3.213 -0.006 0.117 169.131
13.100 -4.344 0.010 0.117 169.133
13.150 -5.118 0.022 0.117 169.131
13.200 -5.461 0.025 0.117 169.130
13.250 -5.338 0.029 0.117 169.137
13.300 -4.750 0.026 0.117 169.142
13.350 -3.760 0.017 0.117 169.154
13.400 -2.452 0.003 0.117 169.172
13.450 -0.945 -0.009 0.117 169.177
13.500 0.644 -0.023 0.117 169.176
13.550 2.178 -0.041 0.117 169.181
13.600 3.534 -0.059 0.115 169.189
13.650 4.588 -0.070 0.115 169.182
13.700 5.254 -0.079 0.115 169.181
13.750 5.469 -0.084 0.115 169.188
13.800 5.220 -0.087 0.116 169.196
13.850 4.519 -0.082 0.116 169.209
13.900 3.439 -0.071 0.116 169.231
13.950 2.072 -0.060 0.116 169.238
14.000 0.541 -0.047 0.116 169.235
14.050 -1.032 -0.029 0.116 169.240
14.100 -2.520 -0.012 0.116 169.245
14.150 -3.802 0.002 0.116 169.239
14.200 -4.771 0.014 0.116 169.237
14.250 -5.342 0.026 0.116 169.240
14.300 -5.460 0.030 0.116 169.245
14.350 -5.107 0.027 0.116 169.256
14.400 -4.315 0.019 0.116 169.267
14.450 -3.159 0.012 0.116 169.268
14.500 -1.736 -0.001 0.116 169.276
14.550 -0.171 -0.017 0.116 169.295
14.600 1.409 -0.035 0.116 169.301
14.650 2.868 -0.048 0.116 169.288
14.700 4.090 -0.063 0.116 169.280
14.750 4.965 -0.076 0.116 169.283
14.800 5.417 -0.085 0.116 169.286
14.850 5.406 -0.086 0.116 169.291
14.900 4.933 -0.084 0.116 169.302
14.950 4.037 -0.077 0.116 169.307
15.000 2.806 -0.067 0.116 169.317
15.050 1.344 -0.052 0.116 169.334
15.100 -0.224 -0.037 0.116 169.344
15.150 -1.773 -0.022 0.116 169.336
15.200 -3.177 -0.007 0.116 169.332
15.250 -4.317 0.009 0.116 169.334
15.300 -5.102 0.021 0.116 169.336
15.350 -5.458 0.025 0.116 169.340
15.400 -5.347 0.029 0.116 169.349
15.450 -4.773 0.028 0.116 169.358
15.500 -3.791 0.018 0.116 169.377
15.550 -2.490 0.004 0.116 169.399
15.600 -0.983 -0.010 0.116 169.401
15.650 0.601 -0.023 0.116 169.394
15.700 2.139 -0.041 0.116 169.403
15.750 3.497 -0.058 0.116 169.412
15.800 4.565 -0.071 0.116 169.410
15.850 5.240 -0.078 0.116 169.406
15.900 5.469 -0.085 0.116 169.411
15.950 5.232 -0.087 0.117 169.417
16.000 4.546 -0.083 0.117 169.425
16.050 3.474 -0.071 0.117 169.441
16.100 2.116 -0.061 0.117 169.442
16.150 0.585 -0.047 0.117 169.439
16.200 -0.990 -0.030 0.117 169.441
16.250 -2.482 -0.012 0.117 169.447
16.300 -3.771 0.001 0.117 169.437
16.350 -4.749 0.013 0.117 169.422
16.400 -5.333 0.023 0.117 169.419
16.450 -5.464 0.030 0.117 169.419
16.500 -5.123 0.027 0.117 169.423
16.550 -4.341 0.020 0.117 169.430
16.600 -3.192 0.011 0.117 169.428
16.650 -1.777 -0.001 0.117 169.427
16.700 -0.217 -0.018 0.117 169.435
16.750 1.362 -0.034 0.117 169.433
16.800 2.831 -0.048 0.117 169.409
16.850 4.060 -0.062 0.117 169.394
16.900 4.947 -0.076 0.117 169.387
16.950 5.407 -0.084 0.117 169.382
17.000 5.413 -0.086 0.117 169.378
17.050 4.948 -0.082 0.117 169.382
17.100 4.066 -0.078 0.117 169.378
17.150 2.839 -0.067 0.117 169.376
17.200 1.382 -0.053 0.117 169.382
17.250 -0.186 -0.036 0.117 169.385
17.300 -1.734 -0.022 0.117 169.372
17.350 -3.142 -0.007 0.117 169.361
17.400 -4.291 0.010 0.117 169.361
17.450 -5.087 0.023 0.117 169.359
17.500 -5.455 0.026 0.117 169.358
17.550 -5.356 0.028 0.117 169.362
17.600 -4.793 0.026 0.117 169.366
17.650 -3.824 0.019 0.117 169.372
17.700 -2.531 0.005 0.117 169.389
17.750 -1.028 -0.009 0.117 169.395
17.800 0.560 -0.023 0.117 169.384
17.850 2.098 -0.040 0.117 169.387
17.900 3.466 -0.057 0.117 169.393
17.950 4.538 -0.069 0.117 169.390
18.000 5.229 -0.079 0.117 169.388
18.050 5.467 -0.084 0.117 169.393
18.100 5.245 -0.087 0.117 169.400
18.150 4.567 -0.082 0.117 169.410
18.200 3.507 -0.070 0.117 169.431
18.250 2.153 -0.059 0.117 169.444
18.300 0.629 -0.047 0.117 169.438
18.350 -0.946 -0.030 0.117 169.443
18.400 -2.443 -0.012 0.117 169.455
18.450 -3.740 0.002 0.117 169.450
18.500 -4.727 0.012 0.117 169.440
18.550 -5.322 0.024 0.117 169.444
18.600 -5.466 0.029 0.117 169.448
18.650 -5.139 0.028 0.117 169.459
18.700 -4.369 0.020 0.117 169.474
18.750 -3.228 0.012 0.117 169.480
18.800 -1.816 -0.001 0.117 169.485
18.850 -0.258 -0.016 0.117 169.499
18.900 1.321 -0.035 0.117 169.512
18.950 2.790 -0.047 0.117 169.500
19.000 4.032 -0.062 0.117 169.493
19.050 4.927 -0.075 0.117 169.497
19.100 5.402 -0.084 0.117 169.502
19.150 5.418 -0.086 0.117 169.510
19.200 4.970 -0.084 0.117 169.524
19.250 4.095 -0.076 0.117 169.534
19.300 2.879 -0.069 0.117 169.542
19.350 1.425 -0.053 0.117 169.562
19.400 -0.141 -0.036 0.117 169.579
19.450 -1.693 -0.022 0.117 169.575
19.500 -3.107 -0.008 0.117 169.570
19.550 -4.265 0.009 0.117 169.578
19.600 -5.071 0.020 0.117 169.585
19.650 -5.451 0.025 0.117 169.589
19.700 -5.365 0.027 0.117 169.600
19.750 -4.814 0.027 0.117 169.608
19.800 -3.852 0.018 0.117 169.620
19.850 -2.567 0.004 0.117 169.641
19.900 -1.070 -0.010 0.117 169.655
19.950 0.514 -0.022 0.117 169.650
20.000 2.060 -0.040 0.117 169.653
20.050 3.432 -0.057 0.117 169.661
20.100 4.517 -0.070 0.117 169.663
20.150 5.215 -0.078 0.117 169.662
20.200 5.468 -0.084 0.117 169.667
20.250 5.260 -0.087 0.117 169.674
20.300 4.592 -0.083 0.117 169.683
20.350 3.537 -0.070 0.117 169.704
20.400 2.193 -0.059 0.117 169.719
20.450 0.667 -0.047 0.117 169.714
20.500 -0.907 -0.031 0.117 169.714
20.550 -2.407 -0.013 0.117 169.722
20.600 -3.708 0.001 0.116 169.710
20.650 -4.705 0.013 0.116 169.694
20.700 -5.312 0.022 0.116 169.691
20.750 -5.468 0.030 0.117 169.692
20.800 -5.153 0.028 0.117 169.695
20.850 -4.393 0.021 0.117 169.706
20.900 -3.263 0.012 0.117 169.707
20.950 -1.859 0.000 0.117 169.702
21.000 -0.302 -0.017 0.117 169.709
21.050 1.281 -0.032 0.117 169.706
21.100 2.757 -0.049 0.117 169.692
21.150 4.002 -0.060 0.117 169.672
21.200 4.910 -0.073 0.117 169.660
21.250 5.396 -0.084 0.117 169.655
21.300 5.426 -0.086 0.117 169.651
21.350 4.985 -0.082 0.117 169.653
21.400 4.125 -0.077 0.117 169.648
21.450 2.914 -0.068 0.117 169.640
21.500 1.467 -0.054 0.117 169.643
21.550 -0.097 -0.037 0.117 169.642
21.600 -1.650 -0.023 0.117 169.621
21.650 -3.070 -0.008 0.117 169.600
21.700 -4.237 0.008 0.117 169.593
21.750 -5.054 0.020 0.117 169.583
21.800 -5.447 0.026 0.117 169.573
21.850 -5.374 0.028 0.117 169.569
21.900 -4.836 0.026 0.117 169.563
21.950 -3.885 0.020 0.117 169.555
22.000 -2.606 0.005 0.117 169.560
22.050 -1.110 -0.008 0.117 169.555
22.100 0.474 -0.022 0.117 169.528
22.150 2.021 -0.039 0.117 169.517
22.200 3.397 -0.055 0.117 169.505
22.250 4.491 -0.069 0.117 169.489
22.300 5.203 -0.078 0.117 169.471
22.350 5.469 -0.083 0.117 169.460
22.400 5.269 -0.086 0.117 169.453
22.450 4.617 -0.083 0.117 169.442
22.500 3.573 -0.072 0.117 169.447
22.550 2.235 -0.060 0.117 169.445
22.600 0.713 -0.047 0.117 169.425
22.650 -0.862 -0.032 0.117 169.404
22.700 -2.367 -0.014 0.117 169.396
22.750 -3.676 0.001 0.116 169.375
22.800 -4.684 0.013 0.116 169.352
22.850 -5.301 0.023 0.116 169.339
22.900 -5.471 0.030 0.116 169.330
22.950 -5.168 0.028 0.116 169.324
23.000 -4.419 0.020 0.116 169.324
23.050 -3.295 0.012 0.116 169.316
23.100 -1.898 0.001 0.116 169.299
23.150 -0.345 -0.015 0.116 169.297
23.200 1.236 -0.032 0.116 169.294
23.250 2.719 -0.048 0.116 169.276
23.300 3.972 -0.060 0.116 169.250
23.350 4.890 -0.072 0.116 169.236
23.400 5.388 -0.082 0.116 169.229
23.450 5.430 -0.085 0.116 169.225
23.500 5.004 -0.083 0.116 169.229
23.550 4.151 -0.077 0.116 169.225
23.600 2.948 -0.069 0.116 169.216
23.650 1.506 -0.055 0.116 169.217
23.700 -0.057 -0.038 0.116 169.223
23.750 -1.613 -0.023 0.116 169.210
23.800 -3.037 -0.009 0.116 169.194
23.850 -4.211 0.008 0.116 169.188
23.900 -5.037 0.021 0.116 169.187
23.950 -5.442 0.026 0.116 169.181
24.000 -5.382 0.027 0.116 169.182
24.050 -4.855 0.026 0.116 169.183
24.100 -3.915 0.021 0.116 169.179
24.150 -2.645 0.006 0.116 169.190
24.200 -1.156 -0.009 0.116 169.195
24.250 0.431 -0.022 0.116 169.187
24.300 1.980 -0.038 0.116 169.174
24.350 3.365 -0.055 0.116 169.177
24.400 4.465 -0.069 0.116 169.175
24.450 5.190 -0.077 0.116 169.166
24.500 5.465 -0.082 0.116 169.165
24.550 5.280 -0.085 0.116 169.167
24.600 4.637 -0.083 0.116 169.170
24.650 3.604 -0.072 0.116 169.183
24.700 2.270 -0.060 0.116 169.196
24.750 0.755 -0.048 0.116 169.189
24.800 -0.820 -0.033 0.116 169.182
24.850 -2.328 -0.014 0.116 169.185
24.900 -3.645 0.001 0.115 169.183
24.950 -4.661 0.012 0.115 169.170
25.000 -5.290 0.021 0.115 169.165
25.050 -5.472 0.029 0.115 169.168
25.100 -5.182 0.029 0.115 169.172
25.150 -4.446 0.021 0.115 169.185
25.200 -3.333 0.012 0.115 169.190
25.250 -1.938 0.001 0.115 169.191
25.300 -0.386 -0.014 0.115 169.196
25.350 1.197 -0.032 0.115 169.201
25.400 2.680 -0.047 0.114 169.196
25.450 3.942 -0.060 0.114 169.184
25.500 4.868 -0.072 0.114 169.178
25.550 5.378 -0.082 0.114 169.180
25.600 5.434 -0.086 0.116 169.183
25.650 5.022 -0.082 0.116 169.195
25.700 4.180 -0.077 0.116 169.203
25.750 2.988 -0.069 0.116 169.201
25.800 1.550 -0.055 0.116 169.209
25.850 -0.012 -0.039 0.116 169.220
25.900 -1.570 -0.023 0.116 169.217
25.950 -2.999 -0.009 0.116 169.206
26.000 -4.183 0.006 0.116 169.202
26.050 -5.020 0.019 0.116 169.201
26.100 -5.438 0.026 0.116 169.199
26.150 -5.390 0.027 0.116 169.204
26.200 -4.876 0.026 0.116 169.207
26.250 -3.943 0.019 0.116 169.210
26.300 -2.680 0.007 0.116 169.222
26.350 -1.196 -0.008 0.116 169.231
26.400 0.385 -0.022 0.116 169.223
26.450 1.938 -0.037 0.116 169.209
26.500 3.329 -0.054 0.116 169.208
26.550 4.441 -0.069 0.116 169.206
26.600 5.175 -0.078 0.116 169.200
26.650 5.463 -0.083 0.116 169.196
26.700 5.291 -0.086 0.116 169.195
26.750 4.660 -0.084 0.116 169.193
26.800 3.636 -0.073 0.116 169.203
26.850 2.309 -0.061 0.116 169.209
26.900 0.795 -0.048 0.116 169.199
26.950 -0.780 -0.034 0.116 169.183
27.000 -2.291 -0.015 0.116 169.182
27.050 -3.614 0.000 0.116 169.171
27.100 -4.639 0.012 0.116 169.152
27.150 -5.279 0.020 0.116 169.140
27.200 -5.473 0.029 0.116 169.136
27.250 -5.195 0.028 0.116 169.133
27.300 -4.470 0.022 0.116 169.140
27.350 -3.365 0.012 0.116 169.142
27.400 -1.980 0.002 0.116 169.128
27.450 -0.431 -0.014 0.116 169.122
27.500 1.153 -0.031 0.116 169.118
27.550 2.644 -0.046 0.116 169.104
27.600 3.912 -0.059 0.115 169.079
27.650 4.850 -0.072 0.115 169.064
27.700 5.371 -0.083 0.115 169.058
27.750 5.440 -0.086 0.115 169.050
27.800 5.037 -0.083 0.115 169.050
27.850 4.207 -0.076 0.115 169.048
27.900 3.022 -0.069 0.115 169.037
27.950 1.590 -0.057 0.115 169.030
28.000 0.031 -0.040 0.115 169.031
28.050 -1.529 -0.023 0.115 169.020
28.100 -2.964 -0.010 0.115 168.992
28.150 -4.154 0.005 0.115 168.976
28.200 -5.003 0.018 0.115 168.968
28.250 -5.432 0.026 0.115 168.959
28.300 -5.397 0.028 0.115 168.955
28.350 -4.895 0.026 0.115 168.951
28.400 -3.977 0.020 0.115 168.943
28.450 -2.720 0.008 0.115 168.943
28.500 -1.237 -0.007 0.115 168.945
28.550 0.346 -0.022 0.115 168.932
28.600 1.899 -0.036 0.115 168.908
28.650 3.298 -0.054 0.115 168.901
28.700 4.414 -0.069 0.115 168.896
28.750 5.162 -0.077 0.115 168.883
28.800 5.459 -0.082 0.115 168.874
28.850 5.303 -0.086 0.115 168.870
28.900 4.683 -0.084 0.115 168.863
28.950 3.672 -0.074 0.115 168.866
29.000 2.350 -0.060 0.115 168.875
29.050 0.842 -0.048 0.115 168.869
29.100 -0.735 -0.034 0.115 168.851
29.150 -2.249 -0.017 0.115 168.843
29.200 -3.580 0.000 0.115 168.837
29.250 -4.615 0.012 0.115 168.824
29.300 -5.267 0.021 0.115 168.816
29.350 -5.474 0.029 0.115 168.814
29.400 -5.210 0.030 0.116 168.814
29.450 -4.495 0.023 0.116 168.820
29.500 -3.399 0.014 0.116 168.824
29.550 -2.016 0.002 0.116 168.817
29.600 -0.472 -0.012 0.116 168.810
29.650 1.112 -0.030 0.116 168.815
29.700 2.604 -0.046 0.116 168.809
29.750 3.884 -0.059 0.116 168.791
29.800 4.830 -0.070 0.116 168.777
29.850 5.363 -0.081 0.116 168.774
29.900 5.443 -0.085 0.116 168.773
29.950 5.056 -0.082 0.116 168.779
30.000 4.234 -0.077 0.116 168.784
30.050 3.059 -0.070 0.116 168.779
30.100 1.629 -0.057 0.116 168.777
30.150 0.073 -0.040 0.116 168.784
30.200 -1.490 -0.023 0.116 168.781
30.250 -2.929 -0.010 0.115 168.761
30.300 -4.128 0.005 0.115 168.748
30.350 -4.985 0.019 0.115 168.747
30.400 -5.426 0.027 0.115 168.741
30.450 -5.404 0.027 0.115 168.740
30.500 -4.914 0.026 0.115 168.741
30.550 -4.003 0.021 0.115 168.734
30.600 -2.756 0.007 0.115 168.742
