0.000  -5.266  0.052  0.161  165.788
0.050  -4.595  0.047  0.161  165.797
0.100  -3.525  0.038  0.161  165.804
0.150  -2.151  0.019  0.161  165.822
0.200  -0.601  -0.002  0.161  165.839
0.250  1.001  -0.024  0.161  165.847
0.300  2.519  -0.047  0.161  165.862
0.350  3.825  -0.070  0.161  165.882
0.400  4.797  -0.087  0.161  165.894
0.450  5.353  -0.099  0.161  165.902
0.500  5.441  -0.106  0.161  165.911
0.550  5.056  -0.107  0.161  165.920
0.600  4.225  -0.100  0.161  165.928
0.650  3.034  -0.086  0.161  165.940
0.700  1.587  -0.068  0.161  165.953
0.750  0.013  -0.048  0.161  165.961
0.800  -1.563  -0.024  0.161  165.977
0.850  -3.007  -0.002  0.161  165.993
0.900  -4.199  0.019  0.161  166.002
0.950  -5.035  0.036  0.161  166.013
1.000  -5.441  0.050  0.161  166.026
1.050  -5.373  0.053  0.161  166.036
1.100  -4.828  0.049  0.161  166.045
1.150  -3.863  0.040  0.161  166.055
1.200  -2.566  0.026  0.161  166.057
1.250  -1.054  0.005  0.161  166.064
1.300  0.548  -0.018  0.161  166.078
1.350  2.107  -0.041  0.161  166.092
1.400  3.484  -0.062  0.161  166.103
1.450  4.562  -0.082  0.161  166.115
1.500  5.242  -0.098  0.161  166.126
1.550  5.466  -0.104  0.161  166.133
1.600  5.212  -0.106  0.161  166.140
1.650  4.501  -0.102  0.161  166.146
1.700  3.402  -0.090  0.161  166.152
1.750  2.016  -0.073  0.161  166.163
1.800  0.463  -0.053  0.161  166.172
1.850  -1.123  -0.031  0.161  166.183
1.900  -2.617  -0.008  0.161  166.191
1.950  -3.892  0.014  0.160  166.200
2.000  -4.838  0.032  0.160  166.209
2.050  -5.373  0.044  0.160  166.216
2.100  -5.441  0.053  0.160  166.222
2.150  -5.030  0.052  0.160  166.227
2.200  -4.176  0.044  0.160  166.234
2.250  -2.962  0.027  0.160  166.241
2.300  -1.496  0.011  0.160  166.244
2.350  0.097  -0.010  0.160  166.250
2.400  1.678  -0.033  0.160  166.257
2.450  3.119  -0.057  0.160  166.264
2.500  4.292  -0.076  0.160  166.270
2.550  5.096  -0.093  0.160  166.279
2.600  5.450  -0.102  0.160  166.284
2.650  5.335  -0.107  0.160  166.288
2.700  4.746  -0.103  0.160  166.292
2.750  3.751  -0.094  0.160  166.295
2.800  2.433  -0.079  0.160  166.300
2.850  0.917  -0.059  0.160  166.306
2.900  -0.676  -0.037  0.160  166.307
2.950  -2.210  -0.015  0.160  166.312
3.000  -3.559  0.007  0.160  166.318
3.050  -4.608  0.027  0.160  166.322
3.100  -5.267  0.042  0.160  166.322
3.150  -5.471  0.050  0.160  166.323
3.200  -5.193  0.052  0.160  166.323
3.250  -4.459  0.046  0.160  166.321
3.300  -3.336  0.034  0.160  166.323
3.350  -1.927  0.015  0.160  166.322
3.400  -0.360  -0.005  0.160  166.320
3.450  1.237  -0.027  0.160  166.319
3.500  2.732  -0.049  0.160  166.314
3.550  3.995  -0.073  0.159  166.315
3.600  4.910  -0.089  0.159  166.314
3.650  5.398  -0.099  0.159  166.311
3.700  5.416  -0.106  0.159  166.308
3.750  4.962  -0.106  0.159  166.303
3.800  4.069  -0.097  0.159  166.300
3.850  2.832  -0.083  0.159  166.294
3.900  1.358  -0.065  0.159  166.288
3.950  -0.226  -0.044  0.159  166.284
4.000  -1.789  -0.021  0.159  166.279
4.050  -3.203  0.000  0.159  166.273
4.100  -4.346  0.021  0.159  166.270
4.150  -5.125  0.039  0.159  166.268
4.200  -5.461  0.048  0.159  166.260
4.250  -5.321  0.050  0.159  166.254
4.300  -4.709  0.047  0.159  166.249
4.350  -3.687  0.038  0.159  166.241
4.400  -2.350  0.023  0.159  166.235
4.450  -0.815  -0.000  0.159  166.236
4.500  0.788  -0.021  0.159  166.231
4.550  2.328  -0.044  0.159  166.226
4.600  3.669  -0.065  0.159  166.225
4.650  4.691  -0.084  0.159  166.224
4.700  5.307  -0.098  0.159  166.222
4.750  5.460  -0.105  0.159  166.221
4.800  5.136  -0.107  0.160  166.218
4.850  4.360  -0.101  0.160  166.216
4.900  3.211  -0.088  0.160  166.212
4.950  1.790  -0.070  0.160  166.211
5.000  0.224  -0.051  0.160  166.205
5.050  -1.358  -0.028  0.160  166.203
5.100  -2.825  -0.005  0.160  166.203
5.150  -4.057  0.017  0.160  166.205
5.200  -4.946  0.032  0.160  166.204
5.250  -5.414  0.046  0.160  166.204
5.300  -5.410  0.052  0.160  166.203
5.350  -4.927  0.050  0.160  166.201
5.400  -4.014  0.039  0.160  166.200
5.450  -2.757  0.025  0.160  166.195
5.500  -1.264  0.007  0.160  166.194
5.550  0.335  -0.015  0.160  166.196
5.600  1.908  -0.039  0.160  166.201
5.650  3.315  -0.059  0.160  166.198
5.700  4.439  -0.079  0.160  166.200
5.750  5.177  -0.095  0.160  166.201
5.800  5.462  -0.105  0.160  166.202
5.850  5.276  -0.106  0.160  166.201
5.900  4.622  -0.101  0.160  166.201
5.950  3.569  -0.092  0.160  166.199
6.000  2.214  -0.077  0.160  166.196
6.050  0.677  -0.056  0.160  166.196
6.100  -0.914  -0.036  0.160  166.193
6.150  -2.427  -0.013  0.160  166.192
6.200  -3.737  0.009  0.160  166.197
6.250  -4.733  0.029  0.160  166.201
6.300  -5.328  0.042  0.160  166.203
6.350  -5.460  0.049  0.160  166.204
6.400  -5.111  0.051  0.160  166.204
6.450  -4.314  0.045  0.160  166.202
6.500  -3.143  0.029  0.160  166.206
6.550  -1.702  0.012  0.160  166.205
6.600  -0.118  -0.008  0.160  166.202
6.650  1.471  -0.031  0.160  166.202
6.700  2.938  -0.055  0.160  166.208
6.750  4.155  -0.074  0.160  166.204
6.800  5.013  -0.090  0.160  166.202
6.850  5.429  -0.100  0.160  166.202
6.900  5.377  -0.107  0.160  166.199
6.950  4.851  -0.103  0.160  166.196
7.000  3.905  -0.094  0.160  166.192
7.050  2.625  -0.079  0.160  166.190
7.100  1.126  -0.063  0.160  166.184
7.150  -0.463  -0.041  0.160  166.182
7.200  -2.012  -0.018  0.160  166.180
7.250  -3.393  0.004  0.160  166.180
7.300  -4.489  0.024  0.159  166.182
7.350  -5.205  0.040  0.159  166.181
7.400  -5.471  0.049  0.159  166.179
7.450  -5.259  0.051  0.159  166.177
7.500  -4.581  0.046  0.159  166.174
7.550  -3.507  0.036  0.159  166.170
7.600  -2.128  0.018  0.159  166.172
7.650  -0.576  -0.002  0.159  166.168
7.700  1.026  -0.024  0.159  166.166
7.750  2.544  -0.046  0.159  166.163
7.800  3.843  -0.067  0.158  166.163
7.850  4.809  -0.086  0.158  166.165
7.900  5.357  -0.097  0.158  166.162
7.950  5.441  -0.104  0.158  166.161
8.000  5.046  -0.105  0.158  166.159
8.050  4.209  -0.097  0.158  166.159
8.100  3.013  -0.085  0.158  166.156
8.150  1.564  -0.068  0.158  166.150
8.200  -0.014  -0.047  0.158  166.151
8.250  -1.586  -0.024  0.158  166.152
8.300  -3.027  -0.003  0.158  166.150
8.350  -4.214  0.018  0.158  166.145
8.400  -5.045  0.035  0.158  166.146
8.450  -5.444  0.047  0.158  166.145
8.500  -5.367  0.051  0.158  166.141
8.550  -4.816  0.049  0.158  166.137
8.600  -3.845  0.039  0.158  166.130
8.650  -2.543  0.024  0.158  166.121
8.700  -1.028  0.004  0.158  166.116
8.750  0.574  -0.018  0.158  166.110
8.800  2.130  -0.040  0.158  166.101
8.850  3.503  -0.061  0.158  166.095
8.900  4.575  -0.081  0.158  166.090
8.950  5.248  -0.095  0.158  166.082
9.000  5.466  -0.103  0.158  166.073
9.050  5.204  -0.104  0.158  166.065
9.100  4.487  -0.101  0.158  166.052
9.150  3.382  -0.089  0.158  166.041
9.200  1.992  -0.072  0.158  166.034
9.250  0.439  -0.053  0.158  166.022
9.300  -1.148  -0.031  0.158  166.013
9.350  -2.639  -0.010  0.158  166.005
9.400  -3.909  0.014  0.156  165.999
9.450  -4.850  0.031  0.156  165.989
9.500  -5.378  0.043  0.156  165.978
9.550  -5.438  0.050  0.156  165.968
9.600  -5.019  0.050  0.156  165.957
9.650  -4.160  0.043  0.156  165.947
9.700  -2.942  0.028  0.156  165.933
9.750  -1.473  0.011  0.156  165.919
9.800  0.122  -0.012  0.156  165.916
9.850  1.702  -0.034  0.156  165.910
9.900  3.140  -0.057  0.156  165.906
9.950  4.307  -0.075  0.156  165.899
10.000  5.105  -0.091  0.156  165.896
10.050  5.450  -0.102  0.156  165.894
10.100  5.328  -0.106  0.157  165.891
10.150  4.733  -0.101  0.157  165.889
10.200  3.732  -0.093  0.157  165.883
10.250  2.412  -0.078  0.157  165.877
10.300  0.891  -0.057  0.157  165.883
10.350  -0.700  -0.036  0.157  165.886
10.400  -2.232  -0.016  0.157  165.884
10.450  -3.578  0.006  0.157  165.887
10.500  -4.622  0.026  0.157  165.890
10.550  -5.274  0.041  0.157  165.893
10.600  -5.470  0.049  0.157  165.896
10.650  -5.186  0.051  0.157  165.899
10.700  -4.444  0.045  0.157  165.900
10.750  -3.317  0.033  0.157  165.903
10.800  -1.904  0.015  0.157  165.906
10.850  -0.335  -0.005  0.157  165.907
10.900  1.263  -0.027  0.157  165.910
10.950  2.752  -0.050  0.157  165.921
11.000  4.012  -0.071  0.157  165.931
11.050  4.920  -0.086  0.157  165.934
11.100  5.402  -0.098  0.157  165.940
11.150  5.413  -0.105  0.157  165.946
11.200  4.950  -0.104  0.157  165.949
11.250  4.054  -0.095  0.157  165.953
11.300  2.813  -0.082  0.157  165.957
11.350  1.335  -0.065  0.157  165.960
11.400  -0.250  -0.044  0.157  165.963
11.450  -1.812  -0.020  0.157  165.970
11.500  -3.223  -0.000  0.157  165.973
11.550  -4.362  0.022  0.157  165.981
11.600  -5.132  0.038  0.157  165.988
11.650  -5.463  0.049  0.157  165.993
11.700  -5.314  0.051  0.157  165.996
11.750  -4.696  0.046  0.157  165.998
11.800  -3.668  0.037  0.157  165.998
11.850  -2.327  0.022  0.157  165.998
11.900  -0.790  0.000  0.157  166.002
11.950  0.811  -0.020  0.157  166.002
12.000  2.350  -0.043  0.157  166.003
12.050  3.685  -0.063  0.157  166.004
12.100  4.706  -0.084  0.157  166.007
12.150  5.309  -0.097  0.157  166.010
12.200  5.459  -0.103  0.157  166.010
12.250  5.126  -0.104  0.157  166.008
12.300  4.346  -0.101  0.157  166.004
12.350  3.190  -0.088  0.157  165.998
12.400  1.768  -0.070  0.157  165.991
12.450  0.199  -0.051  0.157  165.984
12.500  -1.381  -0.029  0.157  165.978
12.550  -2.847  -0.006  0.157  165.975
12.600  -4.073  0.014  0.157  165.965
12.650  -4.957  0.031  0.157  165.956
12.700  -5.417  0.045  0.157  165.949
12.750  -5.406  0.051  0.157  165.939
12.800  -4.916  0.049  0.157  165.927
12.850  -3.998  0.041  0.157  165.913
12.900  -2.734  0.025  0.157  165.898
12.950  -1.240  0.008  0.157  165.882
13.000  0.361  -0.015  0.157  165.866
13.050  1.930  -0.037  0.157  165.851
13.100  3.336  -0.059  0.157  165.832
13.150  4.453  -0.078  0.157  165.819
13.200  5.188  -0.094  0.157  165.807
13.250  5.463  -0.102  0.157  165.790
13.300  5.270  -0.105  0.157  165.772
13.350  4.608  -0.101  0.157  165.753
13.400  3.551  -0.092  0.157  165.732
13.450  2.191  -0.076  0.157  165.711
13.500  0.653  -0.057  0.157  165.686
13.550  -0.938  -0.035  0.157  165.664
13.600  -2.448  -0.014  0.157  165.647
13.650  -3.755  0.009  0.156  165.634
13.700  -4.745  0.027  0.156  165.617
13.750  -5.334  0.041  0.156  165.600
13.800  -5.458  0.050  0.156  165.585
13.850  -5.102  0.050  0.156  165.568
13.900  -4.298  0.043  0.156  165.552
13.950  -3.123  0.030  0.156  165.538
14.000  -1.677  0.012  0.156  165.521
14.050  -0.094  -0.007  0.156  165.505
14.100  1.498  -0.030  0.156  165.494
14.150  2.958  -0.052  0.156  165.481
14.200  4.172  -0.073  0.156  165.469
14.250  5.021  -0.088  0.156  165.461
14.300  5.430  -0.101  0.156  165.455
14.350  5.371  -0.106  0.158  165.447
14.400  4.840  -0.103  0.158  165.439
14.450  3.885  -0.095  0.158  165.429
14.500  2.603  -0.082  0.158  165.417
14.550  1.102  -0.062  0.158  165.411
14.600  -0.488  -0.043  0.158  165.402
14.650  -2.035  -0.019  0.158  165.393
14.700  -3.412  0.002  0.158  165.391
14.750  -4.503  0.023  0.158  165.389
14.800  -5.212  0.039  0.158  165.387
14.850  -5.472  0.048  0.158  165.384
14.900  -5.252  0.050  0.158  165.381
14.950  -4.568  0.047  0.158  165.374
15.000  -3.485  0.035  0.158  165.369
15.050  -2.106  0.019  0.158  165.364
15.100  -0.550  -0.003  0.158  165.357
15.150  1.049  -0.023  0.158  165.349
15.200  2.564  -0.047  0.158  165.347
15.250  3.860  -0.068  0.156  165.350
15.300  4.824  -0.086  0.156  165.347
15.350  5.362  -0.098  0.156  165.341
15.400  5.439  -0.105  0.156  165.336
15.450  5.036  -0.106  0.156  165.329
15.500  4.195  -0.098  0.156  165.322
15.550  2.994  -0.085  0.156  165.316
15.600  1.542  -0.069  0.156  165.304
15.650  -0.038  -0.048  0.156  165.296
15.700  -1.610  -0.025  0.156  165.292
15.750  -3.049  -0.003  0.156  165.289
15.800  -4.229  0.017  0.156  165.287
15.850  -5.054  0.033  0.156  165.286
15.900  -5.446  0.046  0.156  165.282
15.950  -5.363  0.051  0.157  165.278
16.000  -4.804  0.048  0.157  165.273
16.050  -3.828  0.038  0.157  165.269
16.100  -2.521  0.024  0.157  165.261
16.150  -1.005  0.004  0.157  165.258
16.200  0.599  -0.019  0.157  165.258
16.250  2.152  -0.039  0.157  165.254
16.300  3.523  -0.061  0.157  165.254
16.350  4.588  -0.081  0.157  165.257
16.400  5.256  -0.097  0.157  165.259
16.450  5.465  -0.103  0.157  165.259
16.500  5.199  -0.105  0.157  165.259
16.550  4.472  -0.101  0.157  165.256
16.600  3.363  -0.091  0.157  165.253
16.650  1.967  -0.074  0.157  165.250
16.700  0.413  -0.054  0.157  165.250
16.750  -1.174  -0.033  0.157  165.247
16.800  -2.661  -0.010  0.157  165.252
16.850  -3.926  0.012  0.157  165.254
16.900  -4.861  0.029  0.157  165.257
16.950  -5.383  0.042  0.157  165.259
17.000  -5.435  0.050  0.157  165.259
17.050  -5.009  0.049  0.157  165.258
17.100  -4.143  0.041  0.157  165.257
17.150  -2.920  0.027  0.157  165.255
17.200  -1.448  0.009  0.157  165.253
17.250  0.144  -0.011  0.157  165.254
17.300  1.728  -0.035  0.157  165.258
17.350  3.160  -0.056  0.157  165.260
17.400  4.324  -0.075  0.157  165.262
17.450  5.112  -0.092  0.157  165.267
17.500  5.454  -0.103  0.157  165.269
17.550  5.322  -0.105  0.157  165.269
17.600  4.722  -0.102  0.157  165.268
17.650  3.711  -0.094  0.157  165.265
17.700  2.388  -0.081  0.157  165.262
17.750  0.866  -0.060  0.157  165.260
17.800  -0.724  -0.039  0.157  165.262
17.850  -2.256  -0.018  0.157  165.259
17.900  -3.596  0.005  0.157  165.263
17.950  -4.635  0.025  0.157  165.267
18.000  -5.281  0.039  0.157  165.268
18.050  -5.470  0.049  0.157  165.270
18.100  -5.177  0.050  0.157  165.268
18.150  -4.430  0.046  0.157  165.265
18.200  -3.297  0.033  0.157  165.260
18.250  -1.882  0.016  0.157  165.257
18.300  -0.309  -0.005  0.157  165.250
18.350  1.286  -0.026  0.157  165.247
18.400  2.776  -0.049  0.157  165.243
18.450  4.027  -0.072  0.156  165.243
18.500  4.934  -0.088  0.156  165.238
18.550  5.403  -0.099  0.156  165.233
18.600  5.410  -0.106  0.156  165.226
18.650  4.936  -0.105  0.156  165.217
18.700  4.038  -0.097  0.156  165.207
18.750  2.790  -0.084  0.156  165.193
18.800  1.311  -0.066  0.156  165.183
18.850  -0.275  -0.045  0.156  165.173
18.900  -1.835  -0.022  0.156  165.164
18.950  -3.243  0.000  0.156  165.158
19.000  -4.377  0.020  0.156  165.149
19.050  -5.142  0.036  0.156  165.142
19.100  -5.464  0.047  0.156  165.133
19.150  -5.309  0.050  0.156  165.123
19.200  -4.683  0.047  0.156  165.111
19.250  -3.651  0.037  0.156  165.099
19.300  -2.303  0.020  0.156  165.090
19.350  -0.764  0.001  0.156  165.082
19.400  0.839  -0.021  0.156  165.070
19.450  2.371  -0.043  0.156  165.067
19.500  3.705  -0.065  0.156  165.064
19.550  4.716  -0.085  0.156  165.065
19.600  5.320  -0.097  0.156  165.061
19.650  5.457  -0.103  0.156  165.058
19.700  5.118  -0.106  0.156  165.055
19.750  4.327  -0.101  0.156  165.051
19.800  3.172  -0.089  0.156  165.050
19.850  1.745  -0.071  0.156  165.049
19.900  0.176  -0.052  0.156  165.047
19.950  -1.404  -0.028  0.156  165.056
20.000  -2.867  -0.007  0.156  165.062
20.050  -4.091  0.015  0.156  165.069
20.100  -4.968  0.032  0.156  165.078
20.150  -5.421  0.045  0.156  165.089
20.200  -5.402  0.050  0.156  165.097
20.250  -4.905  0.049  0.156  165.104
20.300  -3.979  0.040  0.156  165.111
20.350  -2.711  0.027  0.156  165.114
20.400  -1.215  0.008  0.156  165.118
20.450  0.383  -0.014  0.156  165.128
20.500  1.953  -0.037  0.156  165.135
20.550  3.353  -0.057  0.156  165.142
20.600  4.468  -0.077  0.156  165.152
20.650  5.193  -0.095  0.156  165.164
20.700  5.466  -0.104  0.156  165.172
20.750  5.261  -0.105  0.156  165.177
20.800  4.595  -0.102  0.156  165.178
20.850  3.531  -0.092  0.156  165.177
20.900  2.169  -0.077  0.156  165.181
20.950  0.627  -0.056  0.156  165.182
21.000  -0.964  -0.036  0.156  165.179
21.050  -2.473  -0.014  0.156  165.180
21.100  -3.774  0.009  0.156  165.182
21.150  -4.758  0.028  0.156  165.181
21.200  -5.339  0.042  0.156  165.178
21.250  -5.456  0.051  0.156  165.172
21.300  -5.092  0.051  0.157  165.163
21.350  -4.282  0.045  0.157  165.154
21.400  -3.101  0.030  0.157  165.145
21.450  -1.656  0.014  0.157  165.130
21.500  -0.070  -0.007  0.157  165.117
21.550  1.520  -0.029  0.157  165.107
21.600  2.981  -0.054  0.157  165.102
21.650  4.187  -0.074  0.157  165.092
21.700  5.033  -0.090  0.157  165.083
21.750  5.431  -0.102  0.157  165.076
21.800  5.369  -0.107  0.158  165.065
21.850  4.827  -0.103  0.158  165.053
21.900  3.870  -0.095  0.158  165.038
21.950  2.580  -0.081  0.158  165.025
22.000  1.077  -0.063  0.158  165.014
22.050  -0.513  -0.040  0.158  165.010
22.100  -2.059  -0.019  0.158  165.002
22.150  -3.432  0.002  0.158  164.992
22.200  -4.517  0.023  0.158  164.990
22.250  -5.219  0.039  0.158  164.989
22.300  -5.472  0.049  0.158  164.986
22.350  -5.244  0.052  0.159  164.982
22.400  -4.553  0.046  0.159  164.977
22.450  -3.468  0.036  0.159  164.971
22.500  -2.082  0.019  0.159  164.968
22.550  -0.526  -0.003  0.159  164.971
22.600  1.076  -0.023  0.159  164.970
22.650  2.586  -0.046  0.159  164.973
22.700  3.880  -0.068  0.159  164.982
22.750  4.833  -0.086  0.159  164.987
22.800  5.369  -0.098  0.159  164.994
22.850  5.435  -0.105  0.159  165.001
22.900  5.028  -0.107  0.159  165.007
22.950  4.180  -0.099  0.159  165.013
23.000  2.974  -0.086  0.159  165.020
23.050  1.517  -0.069  0.159  165.024
23.100  -0.062  -0.049  0.159  165.032
23.150  -1.634  -0.026  0.159  165.038
23.200  -3.068  -0.003  0.159  165.048
23.250  -4.245  0.017  0.159  165.058
23.300  -5.064  0.034  0.159  165.069
23.350  -5.449  0.047  0.159  165.077
23.400  -5.357  0.052  0.160  165.084
23.450  -4.793  0.048  0.160  165.089
23.500  -3.809  0.038  0.160  165.091
23.550  -2.499  0.025  0.160  165.091
23.600  -0.979  0.005  0.160  165.093
23.650  0.622  -0.018  0.160  165.098
23.700  2.175  -0.040  0.160  165.101
23.750  3.540  -0.061  0.160  165.106
23.800  4.603  -0.081  0.160  165.112
23.850  5.262  -0.097  0.160  165.113
23.900  5.463  -0.103  0.160  165.111
23.950  5.190  -0.106  0.160  165.108
24.000  4.459  -0.102  0.160  165.103
24.050  3.342  -0.090  0.160  165.097
24.100  1.946  -0.074  0.160  165.091
24.150  0.388  -0.054  0.160  165.083
24.200  -1.198  -0.032  0.160  165.082
24.250  -2.684  -0.009  0.160  165.081
24.300  -3.944  0.013  0.159  165.080
24.350  -4.873  0.031  0.159  165.077
24.400  -5.387  0.044  0.159  165.074
24.450  -5.433  0.051  0.159  165.067
24.500  -4.998  0.051  0.159  165.059
24.550  -4.127  0.043  0.159  165.052
24.600  -2.899  0.029  0.159  165.042
24.650  -1.426  0.011  0.159  165.036
24.700  0.172  -0.010  0.159  165.030
24.750  1.750  -0.033  0.159  165.027
24.800  3.184  -0.055  0.159  165.021
24.850  4.337  -0.075  0.159  165.015
24.900  5.123  -0.092  0.159  165.016
24.950  5.456  -0.103  0.159  165.014
25.000  5.316  -0.106  0.159  165.010
25.050  4.706  -0.102  0.159  165.006
25.100  3.693  -0.094  0.159  165.001
25.150  2.362  -0.079  0.159  164.996
25.200  0.841  -0.060  0.159  164.992
25.250  -0.750  -0.038  0.159  164.985
25.300  -2.278  -0.016  0.159  164.982
25.350  -3.615  0.006  0.159  164.986
25.400  -4.648  0.026  0.159  164.987
25.450  -5.287  0.041  0.159  164.986
25.500  -5.469  0.049  0.159  164.984
25.550  -5.169  0.052  0.159  164.981
25.600  -4.414  0.047  0.159  164.975
25.650  -3.279  0.033  0.159  164.973
25.700  -1.859  0.016  0.159  164.969
25.750  -0.286  -0.004  0.159  164.960
25.800  1.314  -0.026  0.159  164.956
25.850  2.797  -0.051  0.159  164.961
25.900  4.046  -0.071  0.159  164.959
25.950  4.943  -0.087  0.159  164.958
26.000  5.410  -0.099  0.159  164.956
26.050  5.404  -0.106  0.159  164.954
26.100  4.928  -0.105  0.159  164.950
26.150  4.020  -0.096  0.159  164.945
26.200  2.770  -0.084  0.159  164.938
26.250  1.286  -0.066  0.159  164.932
26.300  -0.299  -0.045  0.159  164.928
26.350  -1.858  -0.021  0.159  164.929
26.400  -3.263  -0.000  0.159  164.927
26.450  -4.391  0.021  0.159  164.929
26.500  -5.150  0.037  0.159  164.929
26.550  -5.466  0.049  0.159  164.928
26.600  -5.302  0.051  0.159  164.925
26.650  -4.670  0.048  0.159  164.920
26.700  -3.632  0.037  0.159  164.915
26.750  -2.281  0.021  0.159  164.914
26.800  -0.739  0.001  0.159  164.916
26.850  0.862  -0.021  0.159  164.916
26.900  2.395  -0.044  0.159  164.918
26.950  3.721  -0.064  0.159  164.923
27.000  4.732  -0.085  0.159  164.933
27.050  5.322  -0.098  0.159  164.937
27.100  5.458  -0.104  0.159  164.942
27.150  5.107  -0.106  0.159  164.945
27.200  4.317  -0.102  0.159  164.948
27.250  3.149  -0.088  0.159  164.953
27.300  1.722  -0.071  0.159  164.957
27.350  0.150  -0.052  0.159  164.960
27.400  -1.429  -0.029  0.159  164.968
27.450  -2.889  -0.006  0.159  164.979
27.500  -4.105  0.016  0.159  164.991
27.550  -4.978  0.033  0.159  165.001
27.600  -5.423  0.046  0.159  165.011
27.650  -5.398  0.052  0.159  165.019
27.700  -4.894  0.049  0.159  165.027
27.750  -3.963  0.040  0.159  165.033
27.800  -2.690  0.026  0.159  165.039
27.850  -1.192  0.008  0.159  165.045
27.900  0.410  -0.015  0.159  165.056
27.950  1.975  -0.038  0.159  165.070
28.000  3.376  -0.059  0.159  165.079
28.050  4.482  -0.078  0.159  165.091
28.100  5.203  -0.095  0.159  165.101
28.150  5.465  -0.104  0.159  165.108
28.200  5.256  -0.105  0.159  165.114
28.250  4.579  -0.102  0.159  165.118
28.300  3.512  -0.092  0.159  165.121
28.350  2.145  -0.077  0.159  165.124
28.400  0.602  -0.056  0.159  165.129
28.450  -0.988  -0.036  0.159  165.133
28.500  -2.494  -0.013  0.159  165.139
28.550  -3.792  0.010  0.158  165.146
28.600  -4.770  0.029  0.158  165.153
28.650  -5.345  0.043  0.158  165.158
28.700  -5.454  0.049  0.158  165.160
28.750  -5.083  0.051  0.158  165.160
28.800  -4.266  0.044  0.158  165.161
28.850  -3.082  0.029  0.158  165.161
28.900  -1.630  0.012  0.158  165.162
28.950  -0.046  -0.008  0.158  165.161
29.000  1.546  -0.032  0.158  165.169
29.050  3.002  -0.054  0.158  165.169
29.100  4.205  -0.074  0.158  165.173
29.150  5.042  -0.090  0.158  165.175
29.200  5.438  -0.102  0.158  165.178
29.250  5.363  -0.107  0.159  165.177
29.300  4.815  -0.104  0.159  165.176
29.350  3.849  -0.096  0.159  165.173
29.400  2.560  -0.082  0.159  165.171
29.450  1.052  -0.063  0.159  165.172
29.500  -0.537  -0.041  0.159  165.177
29.550  -2.080  -0.019  0.159  165.177
29.600  -3.451  0.003  0.159  165.184
29.650  -4.531  0.024  0.159  165.192
29.700  -5.228  0.040  0.159  165.199
29.750  -5.472  0.049  0.159  165.203
29.800  -5.237  0.050  0.159  165.207
29.850  -4.541  0.047  0.159  165.209
29.900  -3.447  0.035  0.159  165.211
29.950  -2.059  0.018  0.159  165.217
30.000  -0.500  -0.002  0.159  165.221
30.050  1.099  -0.023  0.159  165.219
30.100  2.610  -0.047  0.159  165.228
30.150  3.895  -0.069  0.158  165.240
30.200  4.847  -0.087  0.158  165.245
30.250  5.371  -0.098  0.158  165.248
30.300  5.434  -0.105  0.158  165.253
30.350  5.016  -0.106  0.158  165.255
30.400  4.164  -0.099  0.158  165.258
30.450  2.951  -0.085  0.158  165.259
30.500  1.495  -0.068  0.158  165.260
30.550  -0.086  -0.047  0.158  165.264
30.600  -1.655  -0.025  0.158  165.267
30.650  -3.089  -0.002  0.158  165.273
30.700  -4.260  0.018  0.158  165.273
30.750  -5.073  0.036  0.158  165.277
30.800  -5.451  0.047  0.158  165.278
30.850  -5.353  0.052  0.158  165.277
30.900  -4.779  0.048  0.158  165.275
30.950  -3.792  0.039  0.158  165.272
31.000  -2.476  0.024  0.158  165.267
31.050  -0.954  0.005  0.158  165.264
