0.000  -2.854  0.070  0.241  157.878
0.050  -1.360  0.045  0.241  157.850
0.100  0.252  0.013  0.241  157.828
0.150  1.842  -0.023  0.241  157.816
0.200  3.276  -0.058  0.241  157.816
0.250  4.419  -0.091  0.241  157.827
0.300  5.171  -0.118  0.241  157.835
0.350  5.460  -0.137  0.241  157.836
0.400  5.267  -0.146  0.241  157.825
0.450  4.595  -0.145  0.241  157.803
0.500  3.523  -0.133  0.241  157.772
0.550  2.142  -0.114  0.241  157.736
0.600  0.582  -0.086  0.241  157.708
0.650  -1.024  -0.054  0.241  157.687
0.700  -2.543  -0.018  0.241  157.678
0.750  -3.843  0.017  0.241  157.680
0.800  -4.813  0.049  0.241  157.688
0.850  -5.364  0.074  0.241  157.692
0.900  -5.439  0.090  0.241  157.687
0.950  -5.024  0.095  0.241  157.669
1.000  -4.157  0.089  0.241  157.640
1.050  -2.926  0.071  0.241  157.607
1.100  -1.439  0.046  0.241  157.573
1.150  0.169  0.015  0.241  157.547
1.200  1.765  -0.022  0.241  157.534
1.250  3.209  -0.055  0.241  157.531
1.300  4.370  -0.088  0.241  157.537
1.350  5.145  -0.116  0.241  157.544
1.400  5.458  -0.137  0.241  157.545
1.450  5.286  -0.146  0.241  157.535
1.500  4.641  -0.145  0.241  157.513
1.550  3.583  -0.134  0.241  157.482
1.600  2.216  -0.115  0.241  157.449
1.650  0.662  -0.087  0.241  157.421
1.700  -0.945  -0.055  0.241  157.402
1.750  -2.470  -0.020  0.241  157.399
1.800  -3.783  0.015  0.241  157.406
1.850  -4.773  0.048  0.241  157.421
1.900  -5.347  0.074  0.241  157.432
1.950  -5.447  0.090  0.241  157.432
2.000  -5.056  0.095  0.241  157.421
2.050  -4.213  0.089  0.241  157.400
2.100  -2.996  0.072  0.241  157.372
2.150  -1.520  0.049  0.241  157.345
2.200  0.088  0.016  0.241  157.331
2.250  1.688  -0.018  0.241  157.325
2.300  3.143  -0.054  0.241  157.330
2.350  4.318  -0.087  0.241  157.343
2.400  5.117  -0.115  0.241  157.362
2.450  5.451  -0.135  0.241  157.373
2.500  5.308  -0.146  0.241  157.372
2.550  4.681  -0.145  0.241  157.359
2.600  3.646  -0.135  0.241  157.337
2.650  2.291  -0.115  0.241  157.313
2.700  0.745  -0.090  0.241  157.292
2.750  -0.864  -0.057  0.241  157.281
2.800  -2.395  -0.022  0.241  157.284
2.850  -3.725  0.013  0.241  157.298
2.900  -4.732  0.046  0.241  157.320
2.950  -5.329  0.072  0.241  157.340
3.000  -5.453  0.089  0.241  157.347
3.050  -5.089  0.096  0.242  157.341
3.100  -4.265  0.090  0.242  157.324
3.150  -3.066  0.074  0.242  157.301
3.200  -1.597  0.050  0.242  157.278
3.250  0.008  0.020  0.242  157.262
3.300  1.611  -0.016  0.242  157.258
3.350  3.071  -0.052  0.242  157.267
3.400  4.269  -0.086  0.242  157.286
3.450  5.085  -0.112  0.242  157.302
3.500  5.447  -0.134  0.242  157.314
3.550  5.325  -0.145  0.242  157.315
3.600  4.726  -0.146  0.242  157.303
3.650  3.708  -0.136  0.242  157.281
3.700  2.368  -0.117  0.242  157.254
3.750  0.826  -0.091  0.242  157.232
3.800  -0.782  -0.060  0.242  157.217
3.850  -2.322  -0.024  0.242  157.218
3.900  -3.664  0.011  0.242  157.228
3.950  -4.690  0.044  0.242  157.246
4.000  -5.310  0.070  0.242  157.259
4.050  -5.460  0.088  0.242  157.263
4.100  -5.118  0.095  0.242  157.253
4.150  -4.317  0.092  0.242  157.231
4.200  -3.132  0.075  0.242  157.202
4.250  -1.674  0.051  0.242  157.173
4.300  -0.075  0.022  0.242  157.149
4.350  1.529  -0.014  0.242  157.139
4.400  3.005  -0.050  0.242  157.138
4.450  4.215  -0.084  0.242  157.151
4.500  5.056  -0.112  0.242  157.164
4.550  5.438  -0.133  0.242  157.170
4.600  5.346  -0.146  0.242  157.165
4.650  4.766  -0.146  0.242  157.148
4.700  3.770  -0.138  0.242  157.119
4.750  2.441  -0.119  0.242  157.087
4.800  0.907  -0.094  0.242  157.057
4.850  -0.702  -0.062  0.242  157.037
4.900  -2.248  -0.027  0.242  157.030
4.950  -3.604  0.009  0.242  157.036
5.000  -4.648  0.043  0.242  157.051
5.050  -5.290  0.070  0.242  157.063
5.100  -5.464  0.089  0.242  157.065
5.150  -5.148  0.096  0.243  157.054
5.200  -4.366  0.091  0.243  157.031
5.250  -3.199  0.077  0.243  157.000
5.300  -1.752  0.054  0.243  156.968
5.350  -0.159  0.023  0.243  156.946
5.400  1.452  -0.012  0.243  156.935
5.450  2.935  -0.047  0.243  156.936
5.500  4.164  -0.083  0.243  156.948
5.550  5.023  -0.111  0.243  156.962
5.600  5.432  -0.133  0.243  156.972
5.650  5.363  -0.145  0.243  156.970
5.700  4.807  -0.147  0.244  156.956
5.750  3.826  -0.138  0.244  156.931
5.800  2.513  -0.121  0.244  156.901
5.850  0.984  -0.095  0.244  156.872
5.900  -0.621  -0.064  0.244  156.855
5.950  -2.175  -0.029  0.244  156.850
6.000  -3.542  0.007  0.244  156.859
6.050  -4.604  0.042  0.244  156.879
6.100  -5.268  0.068  0.244  156.894
6.150  -5.467  0.087  0.244  156.899
6.200  -5.174  0.096  0.244  156.892
6.250  -4.415  0.093  0.244  156.872
6.300  -3.266  0.077  0.244  156.845
6.350  -1.832  0.054  0.244  156.817
6.400  -0.241  0.026  0.244  156.794
6.450  1.369  -0.010  0.244  156.786
6.500  2.868  -0.047  0.244  156.792
6.550  4.109  -0.081  0.244  156.805
6.600  4.992  -0.110  0.244  156.820
6.650  5.420  -0.131  0.244  156.832
6.700  5.378  -0.146  0.244  156.833
6.750  4.844  -0.147  0.244  156.821
6.800  3.886  -0.139  0.244  156.798
6.850  2.583  -0.122  0.244  156.769
6.900  1.066  -0.097  0.244  156.743
6.950  -0.542  -0.064  0.244  156.728
7.000  -2.099  -0.031  0.244  156.725
7.050  -3.479  0.006  0.244  156.736
7.100  -4.559  0.039  0.244  156.757
7.150  -5.245  0.068  0.244  156.776
7.200  -5.468  0.087  0.244  156.786
7.250  -5.200  0.096  0.244  156.782
7.300  -4.464  0.094  0.244  156.766
7.350  -3.333  0.080  0.244  156.741
7.400  -1.910  0.057  0.244  156.716
7.450  -0.324  0.028  0.244  156.694
7.500  1.295  -0.008  0.244  156.690
7.550  2.797  -0.044  0.244  156.698
7.600  4.056  -0.079  0.244  156.715
7.650  4.957  -0.107  0.244  156.731
7.700  5.414  -0.131  0.244  156.747
7.750  5.390  -0.145  0.244  156.752
7.800  4.885  -0.148  0.245  156.743
7.850  3.943  -0.140  0.245  156.723
7.900  2.658  -0.124  0.245  156.697
7.950  1.146  -0.098  0.245  156.672
8.000  -0.458  -0.067  0.245  156.660
8.050  -2.022  -0.032  0.245  156.659
8.100  -3.415  0.003  0.245  156.670
8.150  -4.512  0.038  0.245  156.692
8.200  -5.221  0.066  0.245  156.710
8.250  -5.469  0.087  0.245  156.720
8.300  -5.226  0.095  0.245  156.716
8.350  -4.512  0.094  0.245  156.699
8.400  -3.399  0.081  0.245  156.674
8.450  -1.986  0.058  0.245  156.647
8.500  -0.402  0.029  0.245  156.627
8.550  1.213  -0.006  0.245  156.619
8.600  2.725  -0.043  0.245  156.623
8.650  3.998  -0.077  0.245  156.638
8.700  4.921  -0.108  0.245  156.655
8.750  5.400  -0.129  0.245  156.668
8.800  5.405  -0.145  0.245  156.671
8.850  4.920  -0.148  0.245  156.661
8.900  4.001  -0.141  0.245  156.639
8.950  2.729  -0.124  0.245  156.611
9.000  1.229  -0.100  0.245  156.586
9.050  -0.377  -0.068  0.245  156.571
9.100  -1.947  -0.034  0.245  156.568
9.150  -3.350  0.002  0.245  156.580
9.200  -4.466  0.036  0.245  156.600
9.250  -5.196  0.066  0.245  156.618
9.300  -5.468  0.086  0.245  156.630
9.350  -5.250  0.096  0.245  156.628
9.400  -4.559  0.094  0.245  156.613
9.450  -3.462  0.082  0.245  156.590
9.500  -2.060  0.059  0.245  156.565
9.550  -0.486  0.031  0.245  156.545
9.600  1.133  -0.004  0.245  156.541
9.650  2.650  -0.039  0.245  156.548
9.700  3.942  -0.077  0.245  156.567
9.750  4.882  -0.105  0.244  156.588
9.800  5.388  -0.129  0.244  156.605
9.850  5.414  -0.144  0.244  156.615
9.900  4.957  -0.149  0.245  156.610
9.950  4.056  -0.141  0.245  156.593
10.000  2.801  -0.126  0.245  156.571
10.050  1.305  -0.102  0.245  156.549
10.100  -0.295  -0.071  0.245  156.536
10.150  -1.870  -0.036  0.245  156.535
10.200  -3.286  -0.001  0.245  156.550
10.250  -4.419  0.035  0.245  156.573
10.300  -5.170  0.063  0.245  156.594
10.350  -5.467  0.085  0.245  156.607
10.400  -5.274  0.094  0.245  156.607
10.450  -4.603  0.095  0.245  156.593
10.500  -3.525  0.083  0.245  156.570
10.550  -2.138  0.061  0.245  156.546
10.600  -0.568  0.031  0.245  156.527
10.650  1.050  -0.002  0.245  156.520
10.700  2.580  -0.038  0.245  156.524
10.750  3.883  -0.075  0.245  156.541
10.800  4.846  -0.105  0.245  156.560
10.850  5.370  -0.128  0.245  156.576
10.900  5.425  -0.145  0.245  156.581
10.950  4.988  -0.150  0.245  156.573
11.000  4.110  -0.143  0.245  156.553
11.050  2.868  -0.128  0.245  156.525
11.100  1.384  -0.104  0.245  156.499
11.150  -0.216  -0.073  0.245  156.480
11.200  -1.796  -0.039  0.245  156.475
11.250  -3.221  -0.003  0.245  156.484
11.300  -4.370  0.032  0.245  156.503
11.350  -5.142  0.063  0.245  156.523
11.400  -5.463  0.084  0.245  156.535
11.450  -5.295  0.096  0.245  156.533
11.500  -4.646  0.094  0.245  156.517
11.550  -3.589  0.085  0.245  156.492
11.600  -2.214  0.062  0.245  156.465
11.650  -0.651  0.034  0.245  156.444
11.700  0.970  -0.002  0.245  156.437
11.750  2.508  -0.036  0.245  156.440
11.800  3.827  -0.073  0.245  156.454
11.850  4.806  -0.103  0.245  156.472
11.900  5.358  -0.128  0.245  156.487
11.950  5.434  -0.143  0.245  156.494
12.000  5.024  -0.150  0.246  156.487
12.050  4.161  -0.145  0.246  156.468
12.100  2.939  -0.129  0.246  156.441
12.150  1.462  -0.105  0.246  156.416
12.200  -0.135  -0.075  0.246  156.400
12.250  -1.718  -0.040  0.246  156.396
12.300  -3.154  -0.005  0.246  156.405
12.350  -4.320  0.031  0.246  156.427
12.400  -5.114  0.062  0.246  156.451
12.450  -5.458  0.084  0.246  156.466
12.500  -5.314  0.096  0.246  156.467
12.550  -4.691  0.095  0.246  156.455
12.600  -3.651  0.085  0.246  156.433
12.650  -2.291  0.064  0.246  156.410
12.700  -0.732  0.034  0.246  156.393
12.750  0.891  0.001  0.246  156.389
12.800  2.436  -0.035  0.246  156.396
12.850  3.765  -0.071  0.246  156.416
12.900  4.768  -0.104  0.246  156.440
12.950  5.341  -0.127  0.246  156.461
13.000  5.444  -0.143  0.246  156.474
13.050  5.055  -0.149  0.246  156.473
13.100  4.217  -0.146  0.246  156.459
13.150  3.009  -0.130  0.246  156.438
13.200  1.543  -0.108  0.246  156.418
13.250  -0.051  -0.077  0.246  156.407
13.300  -1.638  -0.043  0.246  156.408
13.350  -3.087  -0.007  0.246  156.423
13.400  -4.269  0.028  0.246  156.450
13.450  -5.084  0.060  0.246  156.477
13.500  -5.453  0.083  0.246  156.499
13.550  -5.334  0.095  0.246  156.506
13.600  -4.733  0.095  0.246  156.499
13.650  -3.713  0.086  0.246  156.482
13.700  -2.363  0.065  0.246  156.461
13.750  -0.811  0.036  0.246  156.447
13.800  0.811  0.002  0.246  156.443
13.850  2.359  -0.034  0.246  156.452
13.900  3.707  -0.070  0.246  156.473
13.950  4.725  -0.104  0.245  156.499
14.000  5.325  -0.127  0.245  156.521
14.050  5.449  -0.142  0.245  156.533
14.100  5.089  -0.150  0.245  156.531
14.150  4.271  -0.146  0.245  156.517
14.200  3.080  -0.132  0.245  156.494
14.250  1.622  -0.109  0.245  156.472
14.300  0.032  -0.080  0.245  156.458
14.350  -1.561  -0.043  0.245  156.459
14.400  -3.018  -0.008  0.245  156.472
14.450  -4.218  0.028  0.245  156.497
14.500  -5.053  0.058  0.245  156.522
14.550  -5.446  0.082  0.245  156.540
14.600  -5.352  0.095  0.245  156.545
14.650  -4.775  0.097  0.247  156.537
14.700  -3.771  0.086  0.247  156.517
14.750  -2.436  0.067  0.247  156.495
14.800  -0.891  0.038  0.247  156.477
14.850  0.727  0.004  0.247  156.472
14.900  2.286  -0.031  0.247  156.475
14.950  3.644  -0.068  0.247  156.495
15.000  4.685  -0.101  0.247  156.521
15.050  5.305  -0.125  0.247  156.543
15.100  5.457  -0.143  0.247  156.555
15.150  5.116  -0.149  0.247  156.554
15.200  4.322  -0.148  0.247  156.540
15.250  3.145  -0.133  0.247  156.519
15.300  1.700  -0.110  0.247  156.497
15.350  0.110  -0.080  0.247  156.482
15.400  -1.482  -0.046  0.247  156.480
15.450  -2.951  -0.010  0.247  156.491
15.500  -4.165  0.025  0.247  156.513
15.550  -5.021  0.058  0.247  156.540
15.600  -5.436  0.082  0.247  156.557
15.650  -5.369  0.095  0.247  156.562
15.700  -4.813  0.096  0.247  156.553
15.750  -3.830  0.088  0.247  156.533
15.800  -2.509  0.069  0.247  156.508
15.850  -0.976  0.041  0.247  156.487
15.900  0.646  0.005  0.247  156.478
15.950  2.209  -0.030  0.247  156.481
16.000  3.584  -0.066  0.247  156.495
16.050  4.640  -0.099  0.247  156.517
16.100  5.286  -0.126  0.247  156.536
16.150  5.458  -0.142  0.247  156.545
16.200  5.145  -0.149  0.247  156.541
16.250  4.369  -0.147  0.247  156.524
16.300  3.208  -0.134  0.247  156.499
16.350  1.775  -0.112  0.247  156.471
16.400  0.192  -0.082  0.247  156.453
16.450  -1.406  -0.047  0.247  156.448
16.500  -2.883  -0.011  0.247  156.456
16.550  -4.112  0.024  0.247  156.474
16.600  -4.988  0.056  0.247  156.497
16.650  -5.427  0.081  0.247  156.514
16.700  -5.383  0.095  0.247  156.518
16.750  -4.852  0.097  0.247  156.507
16.800  -3.889  0.088  0.247  156.486
16.850  -2.585  0.070  0.247  156.462
16.900  -1.056  0.041  0.247  156.443
16.950  0.563  0.007  0.247  156.434
17.000  2.136  -0.029  0.247  156.438
17.050  3.520  -0.063  0.247  156.453
17.100  4.598  -0.098  0.247  156.478
17.150  5.263  -0.125  0.246  156.498
17.200  5.463  -0.141  0.246  156.511
17.250  5.171  -0.149  0.246  156.513
17.300  4.418  -0.149  0.246  156.502
17.350  3.274  -0.135  0.246  156.483
17.400  1.852  -0.113  0.246  156.462
17.450  0.273  -0.083  0.246  156.450
17.500  -1.327  -0.051  0.246  156.449
17.550  -2.812  -0.013  0.246  156.460
17.600  -4.057  0.022  0.246  156.484
17.650  -4.954  0.055  0.246  156.510
17.700  -5.416  0.078  0.246  156.531
17.750  -5.397  0.094  0.246  156.539
17.800  -4.891  0.097  0.247  156.533
17.850  -3.949  0.090  0.247  156.516
17.900  -2.657  0.071  0.247  156.494
17.950  -1.137  0.044  0.247  156.476
18.000  0.485  0.009  0.247  156.468
18.050  2.059  -0.027  0.247  156.472
18.100  3.458  -0.063  0.247  156.489
18.150  4.549  -0.095  0.247  156.510
18.200  5.242  -0.123  0.247  156.529
18.250  5.461  -0.141  0.247  156.541
18.300  5.198  -0.149  0.247  156.539
18.350  4.465  -0.147  0.247  156.525
18.400  3.344  -0.136  0.247  156.502
18.450  1.930  -0.114  0.247  156.477
18.500  0.356  -0.085  0.247  156.458
18.550  -1.245  -0.051  0.247  156.452
18.600  -2.741  -0.014  0.247  156.462
18.650  -4.002  0.023  0.247  156.484
18.700  -4.918  0.053  0.247  156.509
18.750  -5.405  0.079  0.247  156.524
18.800  -5.410  0.094  0.247  156.530
18.850  -4.929  0.097  0.247  156.522
18.900  -4.005  0.090  0.247  156.503
18.950  -2.729  0.073  0.247  156.479
19.000  -1.214  0.046  0.247  156.459
19.050  0.401  0.011  0.247  156.453
19.100  1.982  -0.026  0.247  156.456
19.150  3.391  -0.060  0.247  156.472
19.200  4.506  -0.095  0.247  156.499
19.250  5.215  -0.122  0.247  156.521
19.300  5.463  -0.141  0.247  156.536
19.350  5.223  -0.149  0.247  156.540
19.400  4.516  -0.149  0.247  156.532
19.450  3.409  -0.136  0.247  156.515
19.500  2.007  -0.116  0.247  156.496
19.550  0.438  -0.087  0.247  156.486
19.600  -1.166  -0.054  0.247  156.485
19.650  -2.671  -0.017  0.247  156.498
19.700  -3.946  0.019  0.247  156.523
19.750  -4.881  0.052  0.247  156.554
19.800  -5.391  0.077  0.247  156.578
19.850  -5.422  0.094  0.247  156.591
19.900  -4.963  0.098  0.247  156.589
19.950  -4.061  0.091  0.247  156.576
20.000  -2.798  0.072  0.247  156.559
20.050  -1.296  0.048  0.247  156.541
20.100  0.318  0.013  0.247  156.535
20.150  1.903  -0.023  0.247  156.539
20.200  3.329  -0.060  0.247  156.558
20.250  4.457  -0.092  0.247  156.584
20.300  5.193  -0.121  0.247  156.607
20.350  5.461  -0.140  0.247  156.622
20.400  5.248  -0.150  0.247  156.625
20.450  4.561  -0.149  0.247  156.614
20.500  3.472  -0.137  0.247  156.594
20.550  2.081  -0.117  0.247  156.571
20.600  0.519  -0.088  0.247  156.554
20.650  -1.089  -0.054  0.247  156.547
20.700  -2.600  -0.018  0.247  156.557
20.750  -3.890  0.018  0.247  156.577
20.800  -4.844  0.050  0.247  156.599
20.850  -5.377  0.077  0.247  156.617
20.900  -5.432  0.094  0.247  156.626
20.950  -4.998  0.098  0.248  156.618
21.000  -4.114  0.091  0.248  156.599
21.050  -2.869  0.074  0.248  156.576
21.100  -1.376  0.047  0.248  156.555
21.150  0.234  0.015  0.248  156.545
21.200  1.829  -0.023  0.248  156.549
21.250  3.261  -0.057  0.248  156.563
21.300  4.408  -0.092  0.248  156.587
21.350  5.166  -0.120  0.248  156.612
21.400  5.462  -0.141  0.248  156.630
21.450  5.270  -0.150  0.249  156.636
21.500  4.605  -0.148  0.249  156.629
21.550  3.533  -0.138  0.249  156.613
21.600  2.157  -0.119  0.249  156.595
21.650  0.597  -0.090  0.249  156.584
21.700  -1.009  -0.056  0.249  156.586
21.750  -2.529  -0.020  0.249  156.601
21.800  -3.831  0.015  0.249  156.626
21.850  -4.805  0.049  0.249  156.656
21.900  -5.361  0.074  0.249  156.683
21.950  -5.441  0.092  0.249  156.700
22.000  -5.030  0.096  0.249  156.703
22.050  -4.169  0.092  0.249  156.694
22.100  -2.941  0.074  0.249  156.681
22.150  -1.457  0.050  0.249  156.669
22.200  0.155  0.016  0.249  156.668
22.250  1.751  -0.020  0.249  156.676
22.300  3.198  -0.057  0.249  156.696
22.350  4.360  -0.090  0.249  156.724
22.400  5.141  -0.119  0.249  156.750
22.450  5.455  -0.139  0.249  156.771
22.500  5.294  -0.151  0.249  156.779
22.550  4.648  -0.151  0.249  156.773
22.600  3.597  -0.139  0.249  156.757
22.650  2.230  -0.119  0.249  156.737
22.700  0.681  -0.092  0.249  156.722
22.750  -0.928  -0.058  0.249  156.719
22.800  -2.454  -0.022  0.249  156.729
22.850  -3.772  0.014  0.249  156.749
22.900  -4.765  0.048  0.249  156.776
22.950  -5.344  0.074  0.249  156.796
23.000  -5.449  0.093  0.249  156.807
23.050  -5.063  0.098  0.249  156.802
23.100  -4.223  0.092  0.249  156.785
23.150  -3.011  0.075  0.249  156.764
23.200  -1.533  0.052  0.249  156.740
23.250  0.073  0.019  0.249  156.730
23.300  1.675  -0.019  0.249  156.732
23.350  3.128  -0.055  0.249  156.745
23.400  4.311  -0.088  0.249  156.763
23.450  5.110  -0.117  0.249  156.784
23.500  5.454  -0.140  0.249  156.799
23.550  5.311  -0.150  0.249  156.802
23.600  4.694  -0.149  0.249  156.792
23.650  3.658  -0.140  0.249  156.772
23.700  2.309  -0.122  0.249  156.747
23.750  0.761  -0.093  0.249  156.728
23.800  -0.846  -0.061  0.249  156.720
23.850  -2.380  -0.025  0.249  156.724
23.900  -3.713  0.010  0.249  156.737
23.950  -4.724  0.046  0.249  156.760
24.000  -5.325  0.073  0.249  156.781
24.050  -5.455  0.089  0.249  156.788
24.100  -5.095  0.094  0.249  156.782
24.150  -4.276  0.091  0.249  156.765
24.200  -3.077  0.076  0.249  156.741
24.250  -1.612  0.051  0.249  156.720
24.300  -0.008  0.017  0.249  156.709
24.350  1.593  -0.019  0.249  156.712
24.400  3.060  -0.055  0.249  156.723
24.450  4.257  -0.088  0.249  156.743
24.500  5.082  -0.118  0.249  156.764
24.550  5.444  -0.138  0.249  156.778
24.600  5.332  -0.150  0.249  156.781
24.650  4.734  -0.152  0.250  156.772
24.700  3.722  -0.142  0.250  156.753
24.750  2.381  -0.122  0.250  156.732
24.800  0.844  -0.095  0.250  156.718
24.850  -0.765  -0.062  0.250  156.713
24.900  -2.308  -0.027  0.250  156.720
24.950  -3.652  0.011  0.250  156.743
25.000  -4.681  0.044  0.250  156.773
25.050  -5.307  0.073  0.250  156.801
25.100  -5.461  0.091  0.250  156.821
25.150  -5.124  0.100  0.251  156.826
25.200  -4.326  0.093  0.251  156.818
25.250  -3.145  0.077  0.251  156.806
25.300  -1.689  0.053  0.251  156.792
25.350  -0.094  0.023  0.251  156.789
25.400  1.515  -0.014  0.251  156.797
25.450  2.990  -0.052  0.251  156.821
25.500  4.207  -0.087  0.251  156.852
25.550  5.046  -0.115  0.251  156.884
25.600  5.438  -0.138  0.251  156.911
25.650  5.347  -0.150  0.251  156.926
25.700  4.775  -0.151  0.251  156.927
25.750  3.777  -0.140  0.251  156.918
25.800  2.455  -0.124  0.251  156.903
25.850  0.921  -0.097  0.251  156.890
25.900  -0.687  -0.065  0.251  156.889
25.950  -2.234  -0.027  0.251  156.902
26.000  -3.592  0.009  0.251  156.926
26.050  -4.639  0.043  0.251  156.957
26.100  -5.285  0.071  0.251  156.982
26.150  -5.465  0.091  0.251  156.999
26.200  -5.152  0.099  0.251  156.999
26.250  -4.376  0.095  0.251  156.986
26.300  -3.213  0.078  0.251  156.966
26.350  -1.770  0.054  0.251  156.945
26.400  -0.175  0.023  0.251  156.933
26.450  1.435  -0.012  0.251  156.930
26.500  2.923  -0.050  0.251  156.938
26.550  4.153  -0.084  0.251  156.954
26.600  5.018  -0.114  0.251  156.973
26.650  5.427  -0.135  0.251  156.984
26.700  5.363  -0.150  0.251  156.984
26.750  4.812  -0.151  0.251  156.969
26.800  3.838  -0.143  0.251  156.944
26.850  2.525  -0.124  0.251  156.913
26.900  1.001  -0.098  0.251  156.887
26.950  -0.606  -0.065  0.251  156.871
27.000  -2.160  -0.030  0.251  156.867
27.050  -3.530  0.007  0.251  156.879
27.100  -4.595  0.042  0.251  156.899
27.150  -5.264  0.070  0.251  156.914
27.200  -5.468  0.089  0.251  156.920
27.250  -5.179  0.098  0.251  156.913
27.300  -4.425  0.094  0.251  156.893
27.350  -3.280  0.080  0.251  156.866
27.400  -1.847  0.056  0.251  156.841
27.450  -0.258  0.026  0.251  156.821
27.500  1.357  -0.011  0.251  156.814
27.550  2.852  -0.049  0.251  156.820
27.600  4.099  -0.084  0.251  156.839
27.650  4.982  -0.112  0.250  156.858
27.700  5.421  -0.135  0.250  156.874
27.750  5.378  -0.149  0.250  156.880
27.800  4.854  -0.152  0.251  156.873
27.850  3.895  -0.142  0.251  156.857
27.900  2.600  -0.126  0.251  156.835
27.950  1.082  -0.099  0.251  156.816
28.000  -0.524  -0.068  0.251  156.806
28.050  -2.084  -0.031  0.251  156.812
28.100  -3.465  0.004  0.251  156.828
28.150  -4.550  0.040  0.251  156.854
28.200  -5.241  0.068  0.251  156.877
28.250  -5.469  0.090  0.251  156.892
28.300  -5.206  0.097  0.251  156.893
28.350  -4.475  0.095  0.251  156.881
28.400  -3.346  0.080  0.251  156.863
28.450  -1.925  0.056  0.251  156.843
28.500  -0.337  0.026  0.251  156.831
28.550  1.280  -0.009  0.251  156.834
28.600  2.782  -0.047  0.251  156.849
28.650  4.042  -0.082  0.251  156.870
28.700  4.949  -0.112  0.250  156.894
28.750  5.409  -0.134  0.250  156.915
28.800  5.395  -0.149  0.250  156.924
28.850  4.889  -0.151  0.250  156.921
28.900  3.956  -0.144  0.250  156.907
28.950  2.673  -0.126  0.250  156.888
29.000  1.164  -0.101  0.250  156.872
29.050  -0.441  -0.069  0.250  156.868
29.100  -2.007  -0.033  0.250  156.877
29.150  -3.403  0.004  0.250  156.897
29.200  -4.504  0.040  0.250  156.927
29.250  -5.217  0.069  0.250  156.955
29.300  -5.469  0.087  0.250  156.972
29.350  -5.231  0.097  0.250  156.976
29.400  -4.521  0.096  0.250  156.968
29.450  -3.411  0.082  0.250  156.953
29.500  -1.998  0.057  0.250  156.938
29.550  -0.419  0.028  0.250  156.928
29.600  1.196  -0.007  0.250  156.931
29.650  2.709  -0.044  0.250  156.946
29.700  3.989  -0.080  0.250  156.971
29.750  4.912  -0.111  0.250  156.999
29.800  5.399  -0.134  0.250  157.022
29.850  5.406  -0.148  0.250  157.035
29.900  4.930  -0.152  0.250  157.034
29.950  4.011  -0.144  0.250  157.023
30.000  2.746  -0.128  0.250  157.005
30.050  1.244  -0.102  0.250  156.990
30.100  -0.360  -0.071  0.250  156.984
30.150  -1.932  -0.034  0.250  156.992
30.200  -3.337  0.001  0.250  157.011
30.250  -4.458  0.037  0.250  157.039
30.300  -5.191  0.067  0.249  157.067
30.350  -5.468  0.087  0.249  157.084
30.400  -5.254  0.097  0.249  157.087
30.450  -4.567  0.096  0.249  157.078
30.500  -3.473  0.082  0.249  157.060
30.550  -2.074  0.060  0.249  157.042
30.600  -0.503  0.029  0.249  157.031
30.650  1.115  -0.006  0.249  157.033
30.700  2.639  -0.042  0.249  157.042
30.750  3.930  -0.078  0.249  157.061
30.800  4.877  -0.109  0.249  157.083
30.850  5.385  -0.132  0.249  157.102
30.900  5.418  -0.148  0.249  157.111
30.950  4.963  -0.152  0.249  157.107
31.000  4.066  -0.146  0.249  157.091
31.050  2.814  -0.129  0.249  157.068
31.100  1.321  -0.104  0.249  157.048
31.150  -0.282  -0.071  0.249  157.038
31.200  -1.856  -0.036  0.249  157.040
31.250  -3.274  -0.000  0.249  157.053
31.300  -4.410  0.035  0.249  157.078
31.350  -5.164  0.065  0.249  157.098
31.400  -5.466  0.086  0.249  157.111
31.450  -5.277  0.097  0.249  157.111
31.500  -4.611  0.095  0.249  157.097
31.550  -3.538  0.083  0.249  157.076
31.600  -2.153  0.060  0.249  157.053
31.650  -0.586  0.032  0.249  157.034
31.700  1.035  -0.005  0.249  157.031
31.750  2.567  -0.040  0.249  157.036
31.800  3.874  -0.077  0.249  157.054
31.850  4.838  -0.108  0.249  157.076
31.900  5.372  -0.131  0.249  157.091
31.950  5.427  -0.147  0.249  157.099
32.000  4.997  -0.153  0.250  157.094
32.050  4.120  -0.146  0.250  157.077
32.100  2.883  -0.130  0.250  157.054
32.150  1.398  -0.104  0.250  157.033
32.200  -0.201  -0.074  0.250  157.021
32.250  -1.780  -0.037  0.250  157.024
32.300  -3.208  -0.002  0.250  157.039
32.350  -4.361  0.034  0.250  157.063
32.400  -5.137  0.064  0.250  157.085
32.450  -5.462  0.085  0.250  157.100
32.500  -5.298  0.096  0.250  157.103
32.550  -4.656  0.097  0.250  157.093
32.600  -3.601  0.085  0.250  157.075
32.650  -2.231  0.062  0.250  157.056
32.700  -0.667  0.033  0.250  157.040
32.750  0.955  -0.002  0.250  157.037
32.800  2.495  -0.038  0.250  157.046
32.850  3.813  -0.074  0.250  157.067
32.900  4.799  -0.107  0.250  157.091
32.950  5.355  -0.130  0.250  157.109
33.000  5.437  -0.146  0.250  157.120
33.050  5.028  -0.151  0.250  157.117
33.100  4.174  -0.147  0.250  157.103
33.150  2.951  -0.130  0.250  157.083
33.200  1.479  -0.106  0.250  157.064
33.250  -0.117  -0.075  0.250  157.054
33.300  -1.702  -0.040  0.250  157.056
33.350  -3.142  -0.002  0.250  157.071
33.400  -4.310  0.032  0.250  157.096
33.450  -5.108  0.063  0.250  157.121
33.500  -5.458  0.085  0.250  157.136
33.550  -5.318  0.097  0.250  157.140
33.600  -4.699  0.096  0.250  157.130
33.650  -3.665  0.086  0.250  157.111
33.700  -2.304  0.064  0.250  157.090
33.750  -0.747  0.035  0.250  157.074
33.800  0.876  -0.001  0.250  157.068
33.850  2.419  -0.036  0.250  157.075
33.900  3.755  -0.073  0.250  157.094
33.950  4.757  -0.105  0.250  157.119
34.000  5.337  -0.130  0.250  157.139
34.050  5.442  -0.144  0.250  157.149
34.100  5.062  -0.152  0.250  157.147
34.150  4.225  -0.146  0.250  157.133
34.200  3.023  -0.131  0.250  157.114
34.250  1.558  -0.106  0.250  157.096
34.300  -0.035  -0.078  0.250  157.083
34.350  -1.623  -0.041  0.250  157.083
34.400  -3.073  -0.005  0.250  157.098
34.450  -4.259  0.031  0.250  157.123
34.500  -5.077  0.061  0.250  157.148
34.550  -5.451  0.085  0.250  157.166
34.600  -5.337  0.096  0.250  157.172
34.650  -4.743  0.097  0.250  157.164
34.700  -3.724  0.086  0.250  157.146
34.750  -2.378  0.066  0.250  157.126
34.800  -0.827  0.036  0.250  157.110
34.850  0.793  0.001  0.250  157.110
34.900  2.345  -0.036  0.250  157.118
34.950  3.693  -0.071  0.250  157.138
35.000  4.719  -0.104  0.250  157.162
35.050  5.319  -0.128  0.249  157.182
35.100  5.452  -0.145  0.249  157.195
35.150  5.091  -0.151  0.249  157.195
35.200  4.281  -0.146  0.249  157.183
35.250  3.090  -0.131  0.249  157.166
35.300  1.638  -0.109  0.249  157.148
35.350  0.048  -0.078  0.249  157.137
35.400  -1.546  -0.043  0.249  157.140
