0.000  5.009  -0.093  0.467  128.821
0.050  5.427  -0.154  0.467  128.904
0.100  5.358  -0.206  0.467  128.970
0.150  4.793  -0.237  0.467  128.999
0.200  3.795  -0.252  0.469  128.981
0.250  2.459  -0.247  0.469  128.924
0.300  0.911  -0.226  0.469  128.849
0.350  -0.714  -0.188  0.469  128.783
0.400  -2.274  -0.133  0.469  128.751
0.450  -3.635  -0.066  0.469  128.769
0.500  -4.678  0.004  0.469  128.833
0.550  -5.307  0.075  0.469  128.925
0.600  -5.456  0.136  0.469  129.011
0.650  -5.104  0.184  0.469  129.064
0.700  -4.282  0.212  0.469  129.067
0.750  -3.076  0.215  0.469  129.024
0.800  -1.595  0.198  0.469  128.952
0.850  0.024  0.160  0.469  128.881
0.900  1.645  0.102  0.469  128.840
0.950  3.115  0.036  0.469  128.845
1.000  4.307  -0.036  0.469  128.897
1.050  5.117  -0.104  0.469  128.977
1.100  5.453  -0.166  0.469  129.064
1.150  5.294  -0.213  0.468  129.129
1.200  4.652  -0.241  0.468  129.152
1.250  3.586  -0.251  0.468  129.128
1.300  2.206  -0.245  0.468  129.069
1.350  0.633  -0.222  0.468  128.995
1.400  -0.989  -0.180  0.468  128.934
1.450  -2.525  -0.121  0.468  128.914
1.500  -3.840  -0.053  0.468  128.944
1.550  -4.817  0.016  0.468  129.014
1.600  -5.368  0.086  0.468  129.106
1.650  -5.430  0.148  0.468  129.189
1.700  -4.993  0.191  0.468  129.234
1.750  -4.100  0.215  0.468  129.229
1.800  -2.838  0.215  0.468  129.178
1.850  -1.324  0.194  0.468  129.104
1.900  0.309  0.152  0.468  129.035
1.950  1.912  0.091  0.468  128.998
2.000  3.346  0.023  0.468  129.011
2.050  4.479  -0.048  0.468  129.068
2.100  5.209  -0.116  0.468  129.148
2.150  5.460  -0.176  0.468  129.232
2.200  5.218  -0.219  0.467  129.287
2.250  4.495  -0.245  0.467  129.298
2.300  3.369  -0.253  0.468  129.263
2.350  1.945  -0.244  0.468  129.197
2.400  0.357  -0.216  0.468  129.121
2.450  -1.262  -0.170  0.468  129.064
2.500  -2.769  -0.110  0.468  129.048
2.550  -4.034  -0.042  0.468  129.082
2.600  -4.945  0.030  0.468  129.156
2.650  -5.414  0.100  0.468  129.245
2.700  -5.391  0.158  0.468  129.320
2.750  -4.870  0.197  0.468  129.354
2.800  -3.907  0.216  0.469  129.337
2.850  -2.592  0.214  0.469  129.278
2.900  -1.045  0.188  0.469  129.200
2.950  0.591  0.141  0.469  129.134
3.000  2.175  0.081  0.469  129.103
3.050  3.564  0.011  0.469  129.123
3.100  4.638  -0.061  0.469  129.182
3.150  5.285  -0.128  0.469  129.264
3.200  5.456  -0.185  0.469  129.343
3.250  5.125  -0.225  0.469  129.391
3.300  4.329  -0.249  0.469  129.393
3.350  3.142  -0.253  0.469  129.353
3.400  1.682  -0.238  0.469  129.283
3.450  0.076  -0.208  0.469  129.210
3.500  -1.532  -0.160  0.469  129.159
3.550  -3.008  -0.099  0.469  129.153
3.600  -4.218  -0.029  0.469  129.197
3.650  -5.058  0.044  0.469  129.277
3.700  -5.446  0.111  0.469  129.368
3.750  -5.337  0.166  0.469  129.439
3.800  -4.735  0.203  0.469  129.467
3.850  -3.703  0.218  0.471  129.444
3.900  -2.335  0.210  0.471  129.382
3.950  -0.766  0.180  0.471  129.308
4.000  0.871  0.131  0.471  129.251
4.050  2.429  0.070  0.471  129.232
4.100  3.776  -0.004  0.471  129.264
4.150  4.779  -0.074  0.471  129.334
4.200  5.349  -0.139  0.471  129.421
4.250  5.433  -0.195  0.471  129.502
4.300  5.021  -0.231  0.471  129.545
4.350  4.150  -0.251  0.471  129.544
4.400  2.908  -0.252  0.471  129.502
4.450  1.411  -0.235  0.471  129.435
4.500  -0.203  -0.201  0.471  129.368
4.550  -1.799  -0.150  0.471  129.329
4.600  -3.238  -0.088  0.471  129.337
4.650  -4.392  -0.015  0.471  129.392
4.700  -5.159  0.056  0.471  129.478
4.750  -5.463  0.122  0.471  129.573
4.800  -5.267  0.175  0.471  129.641
4.850  -4.584  0.207  0.471  129.661
4.900  -3.486  0.220  0.472  129.632
4.950  -2.076  0.209  0.472  129.567
5.000  -0.486  0.173  0.472  129.495
5.050  1.146  0.123  0.472  129.444
5.100  2.680  0.057  0.472  129.436
5.150  3.975  -0.018  0.472  129.477
5.200  4.912  -0.085  0.472  129.550
5.250  5.397  -0.149  0.472  129.636
5.300  5.399  -0.202  0.472  129.708
5.350  4.900  -0.236  0.472  129.741
5.400  3.958  -0.253  0.473  129.729
5.450  2.663  -0.250  0.473  129.678
5.500  1.138  -0.230  0.473  129.605
5.550  -0.485  -0.196  0.473  129.536
5.600  -2.062  -0.140  0.473  129.499
5.650  -3.461  -0.073  0.473  129.512
5.700  -4.555  -0.003  0.473  129.567
5.750  -5.247  0.069  0.473  129.652
5.800  -5.465  0.132  0.473  129.737
5.850  -5.182  0.182  0.473  129.790
5.900  -4.423  0.212  0.473  129.795
5.950  -3.263  0.219  0.473  129.752
6.000  -1.812  0.201  0.473  129.678
6.050  -0.207  0.166  0.473  129.602
6.100  1.422  0.113  0.473  129.550
6.150  2.923  0.043  0.473  129.543
6.200  4.166  -0.028  0.473  129.583
6.250  5.027  -0.098  0.473  129.655
6.300  5.433  -0.162  0.473  129.736
6.350  5.345  -0.210  0.473  129.798
6.400  4.768  -0.241  0.473  129.819
6.450  3.755  -0.253  0.473  129.794
6.500  2.412  -0.248  0.473  129.733
6.550  0.859  -0.227  0.473  129.655
6.600  -0.765  -0.186  0.473  129.586
6.650  -2.320  -0.130  0.473  129.553
6.700  -3.674  -0.060  0.473  129.572
6.750  -4.704  0.010  0.473  129.634
6.800  -5.319  0.080  0.473  129.719
6.850  -5.452  0.142  0.473  129.798
6.900  -5.084  0.189  0.473  129.844
6.950  -4.249  0.216  0.473  129.842
7.000  -3.032  0.217  0.473  129.793
7.050  -1.546  0.197  0.473  129.719
7.100  0.077  0.158  0.473  129.646
7.150  1.693  0.100  0.473  129.603
7.200  3.161  0.031  0.473  129.606
7.250  4.342  -0.041  0.473  129.657
7.300  5.134  -0.110  0.473  129.732
7.350  5.453  -0.172  0.473  129.814
7.400  5.282  -0.218  0.472  129.874
7.450  4.621  -0.246  0.472  129.890
7.500  3.547  -0.255  0.474  129.861
7.550  2.156  -0.245  0.474  129.799
7.600  0.582  -0.222  0.474  129.723
7.650  -1.041  -0.177  0.474  129.662
7.700  -2.571  -0.117  0.474  129.642
7.750  -3.877  -0.048  0.474  129.672
7.800  -4.842  0.022  0.474  129.741
7.850  -5.377  0.093  0.474  129.830
7.900  -5.424  0.153  0.474  129.909
7.950  -4.972  0.197  0.474  129.949
8.000  -4.065  0.217  0.474  129.939
8.050  -2.794  0.215  0.474  129.886
8.100  -1.271  0.193  0.474  129.811
8.150  0.360  0.148  0.474  129.745
8.200  1.963  0.088  0.474  129.712
8.250  3.386  0.019  0.474  129.727
8.300  4.510  -0.054  0.474  129.784
8.350  5.222  -0.122  0.474  129.863
8.400  5.462  -0.181  0.474  129.945
8.450  5.200  -0.224  0.472  129.999
8.500  4.466  -0.247  0.472  130.008
8.550  3.327  -0.255  0.472  129.974
8.600  1.898  -0.244  0.472  129.909
8.650  0.304  -0.213  0.472  129.835
8.700  -1.313  -0.167  0.472  129.782
8.750  -2.814  -0.105  0.472  129.774
8.800  -4.069  -0.037  0.472  129.812
8.850  -4.966  0.034  0.472  129.885
8.900  -5.421  0.105  0.472  129.977
8.950  -5.382  0.163  0.472  130.052
9.000  -4.846  0.201  0.472  130.085
9.050  -3.870  0.219  0.474  130.067
9.100  -2.543  0.214  0.474  130.010
9.150  -0.993  0.186  0.474  129.935
9.200  0.645  0.137  0.474  129.874
9.250  2.221  0.077  0.474  129.849
9.300  3.606  0.006  0.474  129.874
9.350  4.663  -0.066  0.474  129.936
9.400  5.299  -0.134  0.474  130.020
9.450  5.451  -0.189  0.474  130.098
9.500  5.108  -0.229  0.474  130.142
9.550  4.295  -0.252  0.474  130.144
9.600  3.101  -0.257  0.476  130.104
9.650  1.632  -0.239  0.476  130.035
9.700  0.025  -0.206  0.476  129.963
9.750  -1.582  -0.156  0.476  129.917
9.800  -3.050  -0.096  0.476  129.914
9.850  -4.251  -0.025  0.476  129.958
9.900  -5.078  0.049  0.476  130.036
9.950  -5.451  0.117  0.476  130.126
10.000  -5.325  0.171  0.476  130.193
10.050  -4.708  0.205  0.476  130.215
10.100  -3.662  0.219  0.477  130.187
10.150  -2.288  0.211  0.477  130.123
10.200  -0.712  0.178  0.477  130.046
10.250  0.921  0.130  0.477  129.986
10.300  2.478  0.065  0.477  129.967
10.350  3.812  -0.008  0.477  129.997
10.400  4.808  -0.080  0.477  130.064
10.450  5.359  -0.143  0.477  130.145
10.500  5.430  -0.197  0.477  130.215
10.550  4.998  -0.234  0.477  130.249
10.600  4.117  -0.253  0.477  130.239
10.650  2.863  -0.252  0.477  130.189
10.700  1.362  -0.235  0.477  130.115
10.750  -0.256  -0.201  0.477  130.041
10.800  -1.848  -0.147  0.477  129.999
10.850  -3.280  -0.083  0.477  130.001
10.900  -4.423  -0.011  0.477  130.048
10.950  -5.177  0.062  0.477  130.127
11.000  -5.464  0.126  0.477  130.211
11.050  -5.252  0.177  0.477  130.266
11.100  -4.555  0.210  0.477  130.276
11.150  -3.445  0.219  0.477  130.237
11.200  -2.026  0.206  0.477  130.165
11.250  -0.435  0.171  0.477  130.087
11.300  1.199  0.118  0.477  130.031
11.350  2.725  0.051  0.477  130.018
11.400  4.013  -0.021  0.477  130.051
11.450  4.933  -0.090  0.477  130.118
11.500  5.407  -0.155  0.477  130.196
11.550  5.389  -0.206  0.477  130.259
11.600  4.878  -0.241  0.477  130.286
11.650  3.922  -0.255  0.477  130.267
11.700  2.618  -0.253  0.477  130.210
11.750  1.085  -0.229  0.477  130.134
11.800  -0.537  -0.192  0.477  130.064
11.850  -2.111  -0.136  0.477  130.027
11.900  -3.501  -0.069  0.477  130.038
11.950  -4.583  0.002  0.477  130.094
12.000  -5.261  0.073  0.477  130.177
12.050  -5.464  0.138  0.477  130.262
12.100  -5.165  0.185  0.475  130.313
12.150  -4.391  0.214  0.475  130.316
12.200  -3.220  0.218  0.475  130.273
12.250  -1.764  0.202  0.475  130.201
12.300  -0.153  0.164  0.475  130.129
12.350  1.470  0.108  0.475  130.083
12.400  2.969  0.039  0.475  130.082
12.450  4.198  -0.033  0.475  130.128
12.500  5.051  -0.103  0.475  130.205
12.550  5.436  -0.166  0.475  130.289
12.600  5.336  -0.215  0.475  130.353
12.650  4.739  -0.244  0.475  130.377
12.700  3.719  -0.255  0.475  130.355
12.750  2.364  -0.250  0.475  130.299
12.800  0.808  -0.225  0.475  130.228
12.850  -0.817  -0.183  0.475  130.167
12.900  -2.367  -0.126  0.475  130.142
12.950  -3.712  -0.056  0.475  130.168
13.000  -4.730  0.014  0.475  130.236
13.050  -5.331  0.085  0.475  130.326
13.100  -5.448  0.147  0.475  130.408
13.150  -5.064  0.193  0.475  130.455
13.200  -4.215  0.217  0.475  130.454
13.250  -2.988  0.217  0.475  130.407
13.300  -1.495  0.198  0.475  130.336
13.350  0.129  0.156  0.475  130.268
13.400  1.745  0.095  0.475  130.231
13.450  3.203  0.026  0.475  130.242
13.500  4.376  -0.045  0.475  130.295
13.550  5.150  -0.115  0.475  130.373
13.600  5.454  -0.176  0.475  130.453
13.650  5.265  -0.220  0.474  130.511
13.700  4.594  -0.248  0.474  130.527
13.750  3.505  -0.255  0.474  130.496
13.800  2.109  -0.246  0.474  130.433
13.850  0.529  -0.219  0.474  130.359
13.900  -1.091  -0.175  0.474  130.299
13.950  -2.616  -0.112  0.474  130.283
14.000  -3.913  -0.045  0.474  130.313
14.050  -4.866  0.026  0.474  130.381
14.100  -5.386  0.098  0.474  130.469
14.150  -5.418  0.157  0.473  130.543
14.200  -4.950  0.199  0.473  130.579
14.250  -4.030  0.219  0.473  130.565
14.300  -2.747  0.215  0.473  130.508
14.350  -1.220  0.192  0.473  130.430
14.400  0.415  0.145  0.473  130.363
14.450  2.009  0.084  0.473  130.329
14.500  3.429  0.013  0.473  130.344
14.550  4.537  -0.059  0.473  130.398
14.600  5.239  -0.128  0.473  130.478
14.650  5.459  -0.184  0.473  130.554
14.700  5.185  -0.227  0.473  130.602
14.750  4.432  -0.249  0.473  130.606
14.800  3.285  -0.257  0.476  130.567
14.850  1.847  -0.242  0.476  130.499
14.900  0.253  -0.211  0.476  130.425
14.950  -1.362  -0.164  0.476  130.371
15.000  -2.858  -0.102  0.476  130.362
15.050  -4.104  -0.034  0.476  130.397
15.100  -4.989  0.040  0.476  130.470
15.150  -5.427  0.110  0.476  130.559
15.200  -5.372  0.167  0.476  130.630
15.250  -4.821  0.203  0.476  130.657
15.300  -3.832  0.220  0.477  130.635
15.350  -2.496  0.215  0.477  130.575
15.400  -0.942  0.186  0.477  130.499
15.450  0.693  0.137  0.477  130.436
15.500  2.270  0.072  0.477  130.413
15.550  3.643  0.001  0.477  130.437
15.600  4.692  -0.072  0.477  130.499
15.650  5.310  -0.137  0.477  130.580
15.700  5.449  -0.192  0.477  130.653
15.750  5.087  -0.231  0.477  130.693
15.800  4.265  -0.253  0.477  130.690
15.850  3.055  -0.254  0.477  130.646
15.900  1.583  -0.239  0.477  130.575
15.950  -0.028  -0.204  0.477  130.503
16.000  -1.634  -0.155  0.477  130.455
16.050  -3.096  -0.092  0.477  130.450
16.100  -4.285  -0.019  0.477  130.494
16.150  -5.098  0.054  0.477  130.569
16.200  -5.454  0.121  0.477  130.655
16.250  -5.312  0.173  0.477  130.716
16.300  -4.680  0.208  0.477  130.731
16.350  -3.624  0.222  0.479  130.698
16.400  -2.240  0.209  0.479  130.630
16.450  -0.662  0.178  0.479  130.550
16.500  0.974  0.125  0.479  130.491
16.550  2.522  0.061  0.479  130.471
16.600  3.852  -0.013  0.479  130.498
16.650  4.831  -0.083  0.479  130.560
16.700  5.370  -0.149  0.479  130.639
16.750  5.422  -0.200  0.479  130.703
16.800  4.979  -0.237  0.479  130.733
16.850  4.080  -0.253  0.479  130.719
16.900  2.820  -0.253  0.479  130.665
16.950  1.310  -0.233  0.479  130.589
17.000  -0.307  -0.197  0.479  130.516
17.050  -1.898  -0.144  0.479  130.473
17.100  -3.322  -0.079  0.479  130.477
17.150  -4.454  -0.007  0.479  130.524
17.200  -5.194  0.067  0.479  130.606
17.250  -5.465  0.131  0.479  130.689
17.300  -5.237  0.181  0.476  130.743
17.350  -4.526  0.212  0.476  130.751
17.400  -3.403  0.221  0.476  130.712
17.450  -1.978  0.205  0.476  130.641
17.500  -0.381  0.169  0.476  130.566
17.550  1.249  0.116  0.476  130.516
17.600  2.772  0.048  0.476  130.507
17.650  4.047  -0.026  0.476  130.546
17.700  4.958  -0.093  0.476  130.615
17.750  5.413  -0.158  0.476  130.696
17.800  5.383  -0.209  0.476  130.760
17.850  4.852  -0.241  0.476  130.788
17.900  3.887  -0.254  0.476  130.770
17.950  2.571  -0.250  0.476  130.716
18.000  1.036  -0.230  0.476  130.643
18.050  -0.588  -0.189  0.476  130.577
18.100  -2.158  -0.134  0.476  130.544
18.150  -3.542  -0.065  0.476  130.560
18.200  -4.611  0.006  0.476  130.619
18.250  -5.275  0.078  0.476  130.705
18.300  -5.462  0.140  0.476  130.787
18.350  -5.147  0.188  0.476  130.834
18.400  -4.358  0.217  0.476  130.835
18.450  -3.177  0.219  0.476  130.789
18.500  -1.712  0.200  0.476  130.716
18.550  -0.102  0.162  0.476  130.644
18.600  1.523  0.104  0.476  130.599
18.650  3.013  0.036  0.476  130.597
18.700  4.233  -0.038  0.476  130.641
18.750  5.070  -0.105  0.476  130.712
18.800  5.444  -0.171  0.476  130.791
18.850  5.324  -0.216  0.475  130.847
18.900  4.715  -0.246  0.475  130.864
18.950  3.680  -0.254  0.475  130.836
19.000  2.319  -0.250  0.475  130.773
19.050  0.756  -0.223  0.475  130.696
19.100  -0.867  -0.182  0.475  130.631
19.150  -2.415  -0.121  0.475  130.603
19.200  -3.751  -0.052  0.475  130.625
19.250  -4.757  0.019  0.475  130.688
19.300  -5.342  0.089  0.475  130.772
19.350  -5.444  0.151  0.475  130.846
19.400  -5.044  0.195  0.475  130.886
19.450  -4.182  0.219  0.475  130.877
19.500  -2.942  0.217  0.475  130.824
19.550  -1.444  0.195  0.475  130.748
19.600  0.183  0.152  0.475  130.678
19.650  1.792  0.093  0.475  130.640
19.700  3.246  0.022  0.475  130.647
19.750  4.405  -0.049  0.475  130.696
19.800  5.169  -0.119  0.475  130.772
19.850  5.457  -0.179  0.475  130.849
19.900  5.253  -0.223  0.473  130.902
19.950  4.563  -0.247  0.473  130.913
20.000  3.466  -0.254  0.473  130.879
20.050  2.058  -0.245  0.473  130.814
20.100  0.479  -0.217  0.473  130.740
20.150  -1.143  -0.171  0.473  130.682
20.200  -2.662  -0.109  0.473  130.666
20.250  -3.950  -0.040  0.473  130.699
20.300  -4.890  0.031  0.473  130.769
20.350  -5.395  0.101  0.473  130.856
20.400  -5.410  0.160  0.473  130.928
20.450  -4.927  0.200  0.473  130.962
20.500  -3.994  0.219  0.473  130.946
20.550  -2.702  0.216  0.473  130.890
20.600  -1.169  0.189  0.473  130.815
20.650  0.465  0.142  0.473  130.751
20.700  2.060  0.079  0.473  130.722
20.750  3.469  0.010  0.473  130.739
20.800  4.569  -0.062  0.473  130.796
20.850  5.252  -0.131  0.473  130.876
20.900  5.460  -0.189  0.473  130.955
20.950  5.165  -0.228  0.473  131.001
21.000  4.401  -0.252  0.473  131.005
21.050  3.242  -0.255  0.474  130.967
21.100  1.798  -0.243  0.474  130.899
21.150  0.198  -0.209  0.474  130.827
21.200  -1.414  -0.161  0.474  130.778
21.250  -2.904  -0.099  0.474  130.771
21.300  -4.139  -0.030  0.474  130.810
21.350  -5.010  0.044  0.474  130.885
21.400  -5.433  0.113  0.474  130.974
21.450  -5.362  0.168  0.474  131.042
21.500  -4.795  0.204  0.474  131.068
21.550  -3.795  0.219  0.474  131.044
21.600  -2.450  0.212  0.474  130.983
21.650  -0.890  0.183  0.474  130.908
21.700  0.748  0.132  0.474  130.848
21.750  2.316  0.069  0.474  130.826
21.800  3.684  -0.003  0.474  130.850
21.850  4.717  -0.076  0.474  130.915
21.900  5.323  -0.141  0.474  130.993
21.950  5.442  -0.194  0.474  131.064
22.000  5.067  -0.232  0.474  131.100
22.050  4.228  -0.253  0.474  131.094
22.100  3.011  -0.255  0.474  131.047
22.150  1.532  -0.237  0.474  130.974
22.200  -0.080  -0.201  0.474  130.902
22.250  -1.682  -0.151  0.474  130.854
22.300  -3.137  -0.087  0.474  130.853
22.350  -4.317  -0.017  0.474  130.894
22.400  -5.117  0.056  0.474  130.968
22.450  -5.457  0.123  0.474  131.049
22.500  -5.299  0.175  0.474  131.106
22.550  -4.653  0.209  0.474  131.118
22.600  -3.584  0.220  0.475  131.081
22.650  -2.193  0.208  0.475  131.011
22.700  -0.609  0.174  0.475  130.931
22.750  1.025  0.124  0.475  130.870
22.800  2.571  0.055  0.475  130.852
22.850  3.887  -0.017  0.475  130.881
22.900  4.855  -0.088  0.475  130.944
22.950  5.377  -0.151  0.475  131.020
23.000  5.416  -0.202  0.475  131.082
23.050  4.954  -0.237  0.475  131.108
23.100  4.045  -0.256  0.477  131.092
23.150  2.774  -0.251  0.477  131.037
23.200  1.259  -0.234  0.477  130.960
23.250  -0.360  -0.193  0.477  130.888
23.300  -1.946  -0.141  0.477  130.847
23.350  -3.363  -0.075  0.477  130.852
23.400  -4.484  -0.003  0.477  130.902
23.450  -5.209  0.070  0.477  130.982
23.500  -5.466  0.133  0.477  131.063
23.550  -5.223  0.182  0.477  131.115
23.600  -4.497  0.212  0.477  131.120
23.650  -3.364  0.219  0.477  131.080
23.700  -1.929  0.203  0.477  131.009
23.750  -0.329  0.168  0.477  130.934
23.800  1.301  0.111  0.477  130.885
23.850  2.816  0.044  0.477  130.878
23.900  4.084  -0.030  0.477  130.918
23.950  4.979  -0.097  0.477  130.987
24.000  5.421  -0.161  0.477  131.067
24.050  5.372  -0.210  0.477  131.127
24.100  4.829  -0.242  0.477  131.150
24.150  3.849  -0.254  0.477  131.130
24.200  2.526  -0.248  0.477  131.073
24.250  0.983  -0.228  0.477  130.998
24.300  -0.639  -0.187  0.477  130.932
24.350  -2.206  -0.130  0.477  130.900
24.400  -3.581  -0.062  0.477  130.916
24.450  -4.640  0.009  0.477  130.973
24.500  -5.288  0.081  0.477  131.058
24.550  -5.460  0.143  0.477  131.136
24.600  -5.130  0.190  0.477  131.180
24.650  -4.328  0.217  0.477  131.177
24.700  -3.133  0.218  0.477  131.129
24.750  -1.663  0.199  0.477  131.054
24.800  -0.048  0.159  0.477  130.980
24.850  1.573  0.100  0.477  130.936
24.900  3.057  0.031  0.477  130.936
24.950  4.265  -0.042  0.477  130.980
25.000  5.091  -0.110  0.477  131.052
25.050  5.445  -0.171  0.477  131.127
25.100  5.315  -0.218  0.476  131.182
25.150  4.688  -0.247  0.476  131.198
25.200  3.644  -0.255  0.476  131.168
25.250  2.270  -0.248  0.476  131.105
25.300  0.705  -0.222  0.476  131.029
25.350  -0.919  -0.178  0.476  130.965
25.400  -2.461  -0.120  0.476  130.938
25.450  -3.789  -0.049  0.476  130.962
25.500  -4.783  0.022  0.476  131.025
25.550  -5.353  0.092  0.476  131.109
25.600  -5.438  0.153  0.474  131.184
25.650  -5.023  0.196  0.474  131.222
25.700  -4.146  0.217  0.474  131.210
25.750  -2.897  0.216  0.474  131.156
25.800  -1.392  0.192  0.474  131.080
25.850  0.234  0.149  0.474  131.011
25.900  1.843  0.086  0.474  130.976
25.950  3.285  0.018  0.474  130.987
26.000  4.438  -0.054  0.474  131.037
26.050  5.187  -0.123  0.474  131.112
26.100  5.461  -0.184  0.474  131.190
26.150  5.238  -0.223  0.473  131.240
26.200  4.537  -0.248  0.473  131.248
26.250  3.424  -0.254  0.473  131.214
26.300  2.012  -0.244  0.473  131.149
26.350  0.426  -0.215  0.473  131.075
26.400  -1.193  -0.168  0.473  131.021
26.450  -2.708  -0.106  0.473  131.007
26.500  -3.986  -0.038  0.473  131.041
26.550  -4.913  0.034  0.473  131.113
26.600  -5.403  0.105  0.473  131.202
26.650  -5.403  0.162  0.473  131.273
26.700  -4.903  0.202  0.473  131.307
26.750  -3.957  0.220  0.474  131.291
26.800  -2.654  0.214  0.474  131.235
26.850  -1.119  0.187  0.474  131.162
26.900  0.518  0.139  0.474  131.100
26.950  2.107  0.078  0.474  131.075
27.000  3.511  0.007  0.474  131.095
27.050  4.596  -0.065  0.474  131.154
27.100  5.267  -0.135  0.474  131.234
27.150  5.458  -0.189  0.474  131.311
27.200  5.151  -0.229  0.474  131.356
27.250  4.370  -0.251  0.474  131.359
27.300  3.199  -0.256  0.476  131.320
27.350  1.746  -0.239  0.476  131.252
27.400  0.147  -0.208  0.476  131.179
27.450  -1.465  -0.157  0.476  131.131
27.500  -2.948  -0.095  0.476  131.126
27.550  -4.172  -0.025  0.476  131.166
27.600  -5.031  0.047  0.476  131.240
27.650  -5.439  0.117  0.476  131.326
27.700  -5.352  0.171  0.476  131.391
27.750  -4.770  0.205  0.476  131.412
27.800  -3.756  0.220  0.476  131.384
27.850  -2.404  0.211  0.476  131.320
27.900  -0.838  0.177  0.476  131.243
27.950  0.799  0.130  0.476  131.182
28.000  2.366  0.066  0.476  131.158
28.050  3.721  -0.005  0.476  131.180
28.100  4.744  -0.080  0.476  131.241
28.150  5.332  -0.142  0.476  131.316
28.200  5.443  -0.197  0.476  131.382
28.250  5.046  -0.233  0.476  131.415
28.300  4.195  -0.254  0.476  131.403
28.350  2.965  -0.253  0.476  131.352
28.400  1.480  -0.235  0.476  131.276
28.450  -0.134  -0.199  0.476  131.202
28.500  -1.731  -0.148  0.476  131.154
28.550  -3.180  -0.084  0.476  131.151
28.600  -4.348  -0.014  0.476  131.192
28.650  -5.135  0.061  0.476  131.266
28.700  -5.460  0.125  0.476  131.345
28.750  -5.286  0.177  0.476  131.399
28.800  -4.625  0.209  0.476  131.407
28.850  -3.545  0.221  0.477  131.368
28.900  -2.144  0.207  0.477  131.296
28.950  -0.558  0.173  0.477  131.216
29.000  1.079  0.120  0.477  131.157
29.050  2.616  0.054  0.477  131.139
29.100  3.926  -0.020  0.477  131.166
29.150  4.877  -0.089  0.477  131.228
29.200  5.388  -0.153  0.477  131.302
29.250  5.406  -0.206  0.477  131.363
29.300  4.932  -0.239  0.477  131.386
29.350  4.008  -0.254  0.477  131.368
29.400  2.728  -0.251  0.477  131.311
29.450  1.208  -0.231  0.477  131.233
29.500  -0.412  -0.194  0.477  131.160
29.550  -1.996  -0.138  0.477  131.119
29.600  -3.404  -0.072  0.477  131.123
29.650  -4.514  0.001  0.477  131.172
29.700  -5.225  0.071  0.477  131.249
29.750  -5.466  0.136  0.477  131.326
29.800  -5.206  0.183  0.475  131.370
29.850  -4.467  0.215  0.475  131.371
29.900  -3.322  0.219  0.475  131.324
29.950  -1.880  0.202  0.475  131.248
30.000  -0.276  0.165  0.475  131.169
30.050  1.351  0.109  0.475  131.115
30.100  2.862  0.040  0.475  131.106
30.150  4.117  -0.033  0.475  131.143
30.200  5.001  -0.102  0.475  131.210
30.250  5.425  -0.163  0.475  131.283
30.300  5.363  -0.214  0.475  131.339
30.350  4.803  -0.242  0.475  131.356
30.400  3.813  -0.257  0.477  131.331
30.450  2.479  -0.248  0.477  131.269
30.500  0.934  -0.227  0.477  131.192
30.550  -0.691  -0.185  0.477  131.123
30.600  -2.253  -0.128  0.477  131.091
30.650  -3.619  -0.059  0.477  131.105
30.700  -4.666  0.012  0.477  131.163
30.750  -5.301  0.082  0.477  131.243
30.800  -5.457  0.144  0.477  131.319
30.850  -5.111  0.192  0.477  131.361
30.900  -4.294  0.215  0.477  131.355
30.950  -3.090  0.217  0.477  131.306
31.000  -1.611  0.197  0.477  131.232
31.050  0.005  0.155  0.477  131.160
31.100  1.624  0.097  0.477  131.115
31.150  3.099  0.028  0.477  131.118
31.200  4.300  -0.045  0.477  131.165
31.250  5.108  -0.112  0.477  131.237
31.300  5.451  -0.177  0.477  131.315
31.350  5.299  -0.219  0.476  131.369
31.400  4.662  -0.248  0.476  131.383
31.450  3.601  -0.254  0.476  131.353
31.500  2.224  -0.247  0.476  131.290
31.550  0.654  -0.219  0.476  131.215
31.600  -0.969  -0.177  0.476  131.153
31.650  -2.507  -0.116  0.476  131.129
31.700  -3.826  -0.047  0.476  131.155
31.750  -4.808  0.024  0.476  131.219
31.800  -5.363  0.094  0.476  131.304
31.850  -5.433  0.154  0.476  131.376
31.900  -5.002  0.196  0.476  131.412
31.950  -4.113  0.218  0.476  131.400
32.000  -2.852  0.215  0.476  131.345
32.050  -1.342  0.191  0.476  131.269
32.100  0.287  0.147  0.476  131.200
32.150  1.892  0.086  0.476  131.165
32.200  3.331  0.016  0.476  131.175
32.250  4.469  -0.055  0.476  131.224
32.300  5.200  -0.125  0.476  131.297
32.350  5.458  -0.183  0.476  131.371
32.400  5.223  -0.224  0.474  131.417
32.450  4.505  -0.248  0.474  131.419
32.500  3.384  -0.254  0.474  131.380
32.550  1.962  -0.244  0.474  131.310
32.600  0.373  -0.214  0.474  131.231
32.650  -1.246  -0.164  0.474  131.174
32.700  -2.754  -0.103  0.474  131.158
32.750  -4.022  -0.034  0.474  131.188
32.800  -4.937  0.036  0.474  131.254
32.850  -5.411  0.108  0.474  131.335
32.900  -5.394  0.165  0.472  131.401
32.950  -4.879  0.202  0.472  131.426
33.000  -3.919  0.218  0.472  131.402
33.050  -2.608  0.212  0.472  131.339
33.100  -1.067  0.186  0.472  131.260
33.150  0.568  0.136  0.472  131.195
33.200  2.156  0.075  0.472  131.164
33.250  3.552  0.003  0.472  131.182
33.300  4.627  -0.068  0.472  131.236
33.350  5.280  -0.135  0.472  131.311
33.400  5.457  -0.190  0.472  131.381
33.450  5.132  -0.229  0.472  131.421
33.500  4.341  -0.251  0.472  131.418
33.550  3.157  -0.253  0.472  131.374
33.600  1.698  -0.239  0.472  131.303
33.650  0.093  -0.205  0.472  131.229
33.700  -1.515  -0.156  0.472  131.179
33.750  -2.992  -0.092  0.472  131.174
33.800  -4.207  -0.023  0.472  131.214
33.850  -5.051  0.051  0.472  131.288
33.900  -5.444  0.118  0.472  131.373
33.950  -5.340  0.171  0.472  131.437
34.000  -4.743  0.205  0.472  131.456
34.050  -3.717  0.220  0.475  131.428
34.100  -2.355  0.210  0.475  131.364
34.150  -0.787  0.178  0.475  131.288
34.200  0.852  0.127  0.475  131.229
34.250  2.414  0.063  0.475  131.209
34.300  3.761  -0.009  0.475  131.236
34.350  4.769  -0.081  0.475  131.299
34.400  5.346  -0.145  0.475  131.376
34.450  5.435  -0.197  0.475  131.444
34.500  5.028  -0.235  0.475  131.476
34.550  4.160  -0.252  0.475  131.466
34.600  2.923  -0.253  0.475  131.417
34.650  1.429  -0.234  0.475  131.343
34.700  -0.185  -0.198  0.475  131.271
34.750  -1.781  -0.146  0.475  131.226
34.800  -3.222  -0.081  0.475  131.228
34.850  -4.380  -0.009  0.475  131.273
34.900  -5.152  0.063  0.475  131.349
34.950  -5.462  0.128  0.475  131.430
35.000  -5.272  0.178  0.473  131.483
35.050  -4.596  0.210  0.473  131.490
35.100  -3.504  0.220  0.473  131.451
35.150  -2.097  0.205  0.473  131.378
35.200  -0.505  0.170  0.473  131.299
35.250  1.129  0.119  0.473  131.239
35.300  2.665  0.051  0.473  131.223
35.350  3.961  -0.023  0.473  131.254
35.400  4.904  -0.092  0.473  131.317
35.450  5.395  -0.154  0.473  131.392
35.500  5.401  -0.205  0.473  131.450
35.550  4.907  -0.238  0.473  131.472
35.600  3.972  -0.254  0.474  131.451
35.650  2.681  -0.249  0.474  131.393
35.700  1.158  -0.228  0.474  131.315
35.750  -0.465  -0.190  0.474  131.244
35.800  -2.043  -0.137  0.474  131.203
35.850  -3.445  -0.068  0.474  131.209
35.900  -4.543  0.004  0.474  131.260
35.950  -5.241  0.075  0.474  131.338
36.000  -5.465  0.137  0.474  131.415
36.050  -5.189  0.186  0.474  131.460
36.100  -4.436  0.214  0.474  131.459
36.150  -3.280  0.218  0.474  131.413
36.200  -1.831  0.200  0.474  131.338
36.250  -0.223  0.162  0.474  131.262
36.300  1.404  0.106  0.474  131.213
36.350  2.906  0.037  0.474  131.206
36.400  4.152  -0.034  0.474  131.246
36.450  5.021  -0.103  0.474  131.313
36.500  5.431  -0.165  0.474  131.389
36.550  5.351  -0.215  0.473  131.447
