0.000  5.404  -0.158  0.565  123.265
0.050  5.386  -0.226  0.565  123.358
0.100  4.871  -0.271  0.563  123.410
0.150  3.908  -0.292  0.563  123.411
0.200  2.601  -0.296  0.563  123.368
0.250  1.068  -0.282  0.563  123.299
0.300  -0.555  -0.247  0.563  123.231
0.350  -2.128  -0.188  0.563  123.194
0.400  -3.515  -0.112  0.563  123.211
0.450  -4.594  -0.030  0.563  123.282
0.500  -5.267  0.057  0.563  123.386
0.550  -5.464  0.140  0.563  123.494
0.600  -5.157  0.204  0.562  123.572
0.650  -4.376  0.248  0.562  123.598
0.700  -3.201  0.263  0.562  123.569
0.750  -1.740  0.252  0.562  123.503
0.800  -0.125  0.214  0.562  123.430
0.850  1.500  0.152  0.562  123.383
0.900  2.993  0.076  0.562  123.385
0.950  4.215  -0.007  0.562  123.438
1.000  5.062  -0.096  0.562  123.532
1.050  5.439  -0.174  0.562  123.638
1.100  5.328  -0.235  0.561  123.723
1.150  4.722  -0.275  0.561  123.765
1.200  3.691  -0.294  0.561  123.756
1.250  2.331  -0.295  0.561  123.706
1.300  0.771  -0.276  0.561  123.635
1.350  -0.854  -0.235  0.561  123.570
1.400  -2.403  -0.173  0.561  123.542
1.450  -3.741  -0.098  0.561  123.569
1.500  -4.751  -0.013  0.561  123.646
1.550  -5.340  0.076  0.561  123.753
1.600  -5.444  0.154  0.561  123.858
1.650  -5.047  0.213  0.560  123.926
1.700  -4.184  0.251  0.560  123.939
1.750  -2.947  0.261  0.560  123.900
1.800  -1.448  0.246  0.560  123.829
1.850  0.176  0.203  0.560  123.759
1.900  1.789  0.138  0.560  123.719
1.950  3.243  0.060  0.560  123.729
2.000  4.406  -0.026  0.560  123.790
2.050  5.167  -0.112  0.560  123.886
2.100  5.457  -0.187  0.560  123.988
2.150  5.252  -0.242  0.559  124.063
2.200  4.563  -0.279  0.559  124.091
2.250  3.461  -0.295  0.559  124.071
2.300  2.057  -0.292  0.559  124.013
2.350  0.473  -0.267  0.559  123.939
2.400  -1.149  -0.221  0.559  123.878
2.450  -2.669  -0.158  0.559  123.858
2.500  -3.955  -0.080  0.559  123.894
2.550  -4.894  0.007  0.559  123.977
2.600  -5.397  0.092  0.559  124.085
2.650  -5.409  0.166  0.559  124.183
2.700  -4.920  0.222  0.558  124.239
2.750  -3.982  0.255  0.558  124.241
2.800  -2.685  0.260  0.558  124.194
2.850  -1.153  0.237  0.558  124.120
2.900  0.481  0.190  0.558  124.053
2.950  2.072  0.124  0.558  124.022
3.000  3.483  0.043  0.558  124.041
3.050  4.577  -0.045  0.558  124.111
3.100  5.259  -0.127  0.558  124.209
3.150  5.459  -0.198  0.558  124.309
3.200  5.162  -0.251  0.557  124.377
3.250  4.389  -0.283  0.557  124.396
3.300  3.224  -0.295  0.557  124.368
3.350  1.774  -0.286  0.557  124.306
3.400  0.175  -0.258  0.557  124.234
3.450  -1.439  -0.211  0.557  124.180
3.500  -2.927  -0.144  0.557  124.171
3.550  -4.157  -0.062  0.557  124.217
3.600  -5.022  0.024  0.557  124.306
3.650  -5.438  0.107  0.557  124.415
3.700  -5.356  0.178  0.557  124.507
3.750  -4.779  0.230  0.557  124.552
3.800  -3.767  0.257  0.557  124.543
3.850  -2.417  0.256  0.557  124.488
3.900  -0.853  0.229  0.557  124.412
3.950  0.781  0.178  0.557  124.348
4.000  2.351  0.108  0.557  124.324
4.050  3.710  0.025  0.557  124.353
4.100  4.740  -0.061  0.557  124.429
4.150  5.330  -0.140  0.557  124.529
4.200  5.443  -0.210  0.557  124.621
4.250  5.050  -0.258  0.555  124.677
4.300  4.203  -0.288  0.555  124.687
4.350  2.975  -0.293  0.555  124.650
4.400  1.488  -0.282  0.555  124.582
4.450  -0.126  -0.251  0.555  124.509
4.500  -1.727  -0.200  0.555  124.460
4.550  -3.177  -0.128  0.555  124.459
4.600  -4.347  -0.045  0.555  124.512
4.650  -5.134  0.040  0.555  124.606
4.700  -5.460  0.120  0.555  124.711
4.750  -5.286  0.189  0.555  124.792
4.800  -4.623  0.236  0.555  124.824
4.850  -3.542  0.257  0.555  124.802
4.900  -2.139  0.249  0.555  124.738
4.950  -0.553  0.220  0.555  124.660
5.000  1.083  0.164  0.555  124.600
5.050  2.622  0.090  0.555  124.584
5.100  3.930  0.006  0.555  124.622
5.150  4.881  -0.076  0.555  124.701
5.200  5.387  -0.155  0.555  124.798
5.250  5.405  -0.221  0.555  124.883
5.300  4.928  -0.267  0.552  124.930
5.350  3.999  -0.289  0.552  124.928
5.400  2.715  -0.291  0.552  124.882
5.450  1.194  -0.276  0.552  124.811
5.500  -0.427  -0.242  0.552  124.739
5.550  -2.011  -0.185  0.552  124.697
5.600  -3.417  -0.111  0.552  124.705
5.650  -4.524  -0.029  0.552  124.767
5.700  -5.231  0.055  0.552  124.863
5.750  -5.466  0.135  0.552  124.965
5.800  -5.198  0.200  0.550  125.039
5.850  -4.453  0.241  0.550  125.061
5.900  -3.304  0.256  0.550  125.031
5.950  -1.860  0.246  0.550  124.963
6.000  -0.250  0.209  0.550  124.887
6.050  1.378  0.150  0.550  124.834
6.100  2.887  0.073  0.550  124.830
6.150  4.134  -0.009  0.550  124.877
6.200  5.013  -0.093  0.550  124.964
6.250  5.426  -0.171  0.550  125.063
6.300  5.355  -0.231  0.550  125.144
6.350  4.785  -0.271  0.550  125.182
6.400  3.785  -0.289  0.550  125.172
6.450  2.445  -0.290  0.550  125.121
6.500  0.897  -0.271  0.550  125.048
6.550  -0.728  -0.230  0.550  124.981
6.600  -2.287  -0.169  0.550  124.950
6.650  -3.648  -0.095  0.550  124.972
6.700  -4.687  -0.014  0.550  125.042
6.750  -5.311  0.072  0.550  125.143
6.800  -5.454  0.149  0.550  125.242
6.850  -5.095  0.208  0.548  125.308
6.900  -4.267  0.244  0.548  125.321
6.950  -3.055  0.254  0.548  125.282
7.000  -1.572  0.239  0.548  125.211
7.050  0.050  0.197  0.548  125.139
7.100  1.669  0.135  0.548  125.096
7.150  3.139  0.059  0.548  125.100
7.200  4.328  -0.026  0.548  125.156
7.250  5.124  -0.109  0.548  125.246
7.300  5.452  -0.183  0.548  125.342
7.350  5.284  -0.238  0.548  125.416
7.400  4.633  -0.275  0.548  125.443
7.450  3.558  -0.290  0.548  125.423
7.500  2.171  -0.288  0.548  125.364
7.550  0.597  -0.263  0.548  125.288
7.600  -1.025  -0.219  0.548  125.224
7.650  -2.559  -0.157  0.548  125.198
7.700  -3.867  -0.082  0.548  125.226
7.750  -4.836  0.003  0.548  125.301
7.800  -5.375  0.088  0.548  125.401
7.850  -5.426  0.160  0.548  125.492
7.900  -4.975  0.215  0.546  125.545
7.950  -4.069  0.247  0.546  125.543
8.000  -2.797  0.253  0.546  125.492
8.050  -1.279  0.231  0.546  125.414
8.100  0.353  0.185  0.546  125.339
8.150  1.953  0.122  0.546  125.299
8.200  3.385  0.041  0.546  125.310
8.250  4.506  -0.043  0.546  125.369
8.300  5.222  -0.125  0.546  125.457
8.350  5.459  -0.194  0.546  125.547
8.400  5.202  -0.246  0.544  125.607
8.450  4.462  -0.279  0.544  125.622
8.500  3.325  -0.292  0.546  125.589
8.550  1.891  -0.283  0.546  125.521
8.600  0.299  -0.255  0.546  125.441
8.650  -1.319  -0.209  0.546  125.378
8.700  -2.820  -0.145  0.546  125.358
8.750  -4.075  -0.064  0.546  125.392
8.800  -4.971  0.020  0.546  125.469
8.850  -5.422  0.101  0.546  125.566
8.900  -5.380  0.170  0.546  125.648
8.950  -4.840  0.223  0.546  125.688
9.000  -3.859  0.249  0.546  125.673
9.050  -2.530  0.250  0.546  125.612
9.100  -0.980  0.223  0.546  125.529
9.150  0.654  0.174  0.546  125.458
9.200  2.235  0.105  0.546  125.424
9.250  3.615  0.023  0.546  125.444
9.300  4.673  -0.060  0.546  125.509
9.350  5.301  -0.137  0.546  125.597
9.400  5.452  -0.205  0.546  125.681
9.450  5.098  -0.254  0.545  125.732
9.500  4.282  -0.283  0.545  125.736
9.550  3.079  -0.290  0.545  125.695
9.600  1.609  -0.278  0.545  125.624
9.650  -0.001  -0.246  0.545  125.546
9.700  -1.607  -0.198  0.545  125.490
9.750  -3.073  -0.129  0.545  125.480
9.800  -4.269  -0.048  0.545  125.523
9.850  -5.089  0.036  0.545  125.607
9.900  -5.452  0.114  0.545  125.706
9.950  -5.318  0.183  0.545  125.784
10.000  -4.690  0.229  0.545  125.816
10.050  -3.637  0.251  0.545  125.793
10.100  -2.256  0.244  0.545  125.729
10.150  -0.679  0.215  0.545  125.649
10.200  0.956  0.162  0.545  125.584
10.250  2.507  0.089  0.545  125.563
10.300  3.840  0.007  0.545  125.594
10.350  4.822  -0.074  0.545  125.668
10.400  5.365  -0.151  0.545  125.761
10.450  5.420  -0.216  0.545  125.844
10.500  4.983  -0.261  0.543  125.890
10.550  4.085  -0.285  0.543  125.888
10.600  2.826  -0.287  0.543  125.843
10.650  1.318  -0.272  0.543  125.770
10.700  -0.300  -0.241  0.543  125.696
10.750  -1.892  -0.184  0.543  125.650
10.800  -3.317  -0.112  0.543  125.653
10.850  -4.451  -0.032  0.543  125.708
10.900  -5.192  0.050  0.543  125.801
10.950  -5.465  0.129  0.543  125.899
11.000  -5.237  0.193  0.540  125.971
11.050  -4.527  0.234  0.540  125.994
11.100  -3.404  0.248  0.540  125.963
11.150  -1.977  0.240  0.540  125.895
11.200  -0.376  0.206  0.540  125.816
11.250  1.254  0.147  0.540  125.760
11.300  2.776  0.073  0.540  125.749
11.350  4.050  -0.007  0.540  125.790
11.400  4.961  -0.088  0.540  125.867
11.450  5.413  -0.166  0.540  125.961
11.500  5.380  -0.227  0.540  126.038
11.550  4.846  -0.265  0.540  126.075
11.600  3.879  -0.285  0.540  126.064
11.650  2.560  -0.285  0.540  126.010
11.700  1.025  -0.269  0.540  125.934
11.750  -0.600  -0.230  0.540  125.862
11.800  -2.171  -0.170  0.540  125.823
11.850  -3.551  -0.095  0.540  125.837
11.900  -4.620  -0.017  0.540  125.900
11.950  -5.280  0.065  0.540  125.992
12.000  -5.461  0.142  0.540  126.086
12.050  -5.140  0.201  0.538  126.148
12.100  -4.348  0.237  0.538  126.159
12.150  -3.162  0.249  0.538  126.118
12.200  -1.692  0.235  0.538  126.043
12.250  -0.076  0.196  0.538  125.965
12.300  1.549  0.133  0.538  125.915
12.350  3.033  0.059  0.538  125.912
12.400  4.250  -0.023  0.538  125.959
12.450  5.078  -0.105  0.538  126.040
12.500  5.446  -0.180  0.538  126.132
12.550  5.316  -0.233  0.536  126.202
12.600  4.700  -0.271  0.536  126.230
12.650  3.655  -0.285  0.536  126.209
12.700  2.289  -0.284  0.536  126.150
12.750  0.724  -0.262  0.536  126.072
12.800  -0.900  -0.219  0.536  126.003
12.850  -2.445  -0.156  0.536  125.972
12.900  -3.775  -0.084  0.536  125.993
12.950  -4.775  -0.001  0.536  126.063
13.000  -5.350  0.082  0.536  126.159
13.050  -5.440  0.155  0.536  126.249
13.100  -5.027  0.208  0.534  126.301
13.150  -4.155  0.240  0.534  126.300
13.200  -2.906  0.248  0.534  126.250
13.250  -1.403  0.229  0.534  126.172
13.300  0.227  0.183  0.534  126.096
13.350  1.836  0.121  0.534  126.051
13.400  3.284  0.043  0.534  126.058
13.450  4.433  -0.039  0.534  126.110
13.500  5.184  -0.120  0.534  126.194
13.550  5.458  -0.189  0.534  126.281
13.600  5.239  -0.242  0.534  126.342
13.650  4.535  -0.274  0.534  126.358
13.700  3.426  -0.287  0.536  126.326
13.750  2.009  -0.280  0.536  126.259
13.800  0.423  -0.253  0.536  126.178
13.850  -1.196  -0.207  0.536  126.111
13.900  -2.711  -0.145  0.536  126.087
13.950  -3.989  -0.067  0.536  126.116
14.000  -4.915  0.015  0.536  126.188
14.050  -5.405  0.096  0.536  126.282
14.100  -5.401  0.164  0.536  126.364
14.150  -4.899  0.215  0.536  126.403
14.200  -3.948  0.244  0.536  126.390
14.250  -2.643  0.246  0.536  126.330
14.300  -1.106  0.221  0.536  126.246
14.350  0.528  0.172  0.536  126.172
14.400  2.119  0.106  0.536  126.134
14.450  3.520  0.028  0.536  126.144
14.500  4.606  -0.056  0.536  126.203
14.550  5.269  -0.133  0.536  126.287
14.600  5.457  -0.199  0.536  126.370
14.650  5.142  -0.247  0.534  126.420
14.700  4.360  -0.278  0.534  126.425
14.750  3.181  -0.287  0.534  126.384
14.800  1.727  -0.276  0.534  126.311
14.850  0.124  -0.245  0.534  126.230
14.900  -1.486  -0.197  0.534  126.169
14.950  -2.968  -0.130  0.534  126.153
15.000  -4.188  -0.052  0.534  126.189
15.050  -5.041  0.032  0.534  126.266
15.100  -5.442  0.109  0.534  126.360
15.150  -5.346  0.176  0.534  126.436
15.200  -4.754  0.223  0.534  126.467
15.250  -3.732  0.245  0.534  126.444
15.300  -2.372  0.240  0.534  126.378
15.350  -0.808  0.212  0.534  126.294
15.400  0.830  0.161  0.534  126.225
15.450  2.394  0.093  0.534  126.196
15.500  3.748  0.011  0.534  126.218
15.550  4.761  -0.070  0.534  126.284
15.600  5.341  -0.145  0.534  126.371
15.650  5.435  -0.209  0.534  126.449
15.700  5.033  -0.257  0.533  126.493
15.750  4.169  -0.279  0.533  126.490
15.800  2.933  -0.285  0.533  126.443
15.850  1.440  -0.269  0.533  126.368
15.900  -0.176  -0.238  0.533  126.290
15.950  -1.773  -0.186  0.533  126.237
16.000  -3.217  -0.116  0.533  126.231
16.050  -4.376  -0.035  0.533  126.278
16.100  -5.151  0.046  0.533  126.363
16.150  -5.462  0.123  0.533  126.457
16.200  -5.274  0.185  0.533  126.524
16.250  -4.597  0.228  0.533  126.545
16.300  -3.502  0.246  0.533  126.514
16.350  -2.096  0.238  0.533  126.443
16.400  -0.505  0.205  0.533  126.360
16.450  1.127  0.149  0.533  126.297
16.500  2.665  0.077  0.533  126.276
16.550  3.962  -0.003  0.533  126.307
16.600  4.904  -0.083  0.533  126.378
16.650  5.394  -0.158  0.533  126.464
16.700  5.401  -0.220  0.533  126.538
16.750  4.904  -0.260  0.533  126.572
16.800  3.967  -0.281  0.533  126.559
16.850  2.673  -0.281  0.533  126.504
16.900  1.149  -0.266  0.533  126.424
16.950  -0.476  -0.229  0.533  126.346
17.000  -2.054  -0.172  0.533  126.299
17.050  -3.455  -0.099  0.533  126.303
17.100  -4.551  -0.021  0.533  126.357
17.150  -5.245  0.060  0.533  126.442
17.200  -5.465  0.136  0.533  126.531
17.250  -5.184  0.195  0.530  126.590
17.300  -4.424  0.232  0.530  126.599
17.350  -3.264  0.244  0.530  126.556
17.400  -1.811  0.232  0.530  126.479
17.450  -0.202  0.194  0.530  126.396
17.500  1.425  0.135  0.530  126.338
17.550  2.925  0.062  0.530  126.326
17.600  4.167  -0.019  0.530  126.364
17.650  5.029  -0.098  0.530  126.439
17.700  5.434  -0.173  0.530  126.525
17.750  5.344  -0.228  0.530  126.593
17.800  4.764  -0.266  0.530  126.619
17.850  3.749  -0.280  0.530  126.598
17.900  2.406  -0.280  0.530  126.537
17.950  0.851  -0.260  0.530  126.457
18.000  -0.773  -0.219  0.530  126.384
18.050  -2.331  -0.158  0.530  126.347
18.100  -3.682  -0.086  0.530  126.362
18.150  -4.712  -0.006  0.530  126.425
18.200  -5.323  0.075  0.530  126.516
18.250  -5.451  0.148  0.530  126.604
18.300  -5.077  0.202  0.527  126.657
18.350  -4.238  0.237  0.527  126.659
18.400  -3.015  0.243  0.527  126.611
18.450  -1.525  0.226  0.527  126.533
18.500  0.102  0.183  0.527  126.455
18.550  1.715  0.122  0.527  126.407
18.600  3.180  0.046  0.527  126.408
18.650  4.357  -0.033  0.527  126.458
18.700  5.144  -0.114  0.527  126.539
18.750  5.455  -0.183  0.527  126.627
18.800  5.268  -0.235  0.525  126.690
18.850  4.608  -0.270  0.525  126.710
18.900  3.525  -0.283  0.528  126.682
18.950  2.127  -0.278  0.528  126.618
19.000  0.552  -0.253  0.528  126.538
19.050  -1.072  -0.208  0.528  126.470
19.100  -2.599  -0.146  0.528  126.442
19.150  -3.901  -0.072  0.528  126.468
19.200  -4.858  0.008  0.528  126.536
19.250  -5.384  0.090  0.528  126.629
19.300  -5.420  0.158  0.528  126.711
19.350  -4.955  0.209  0.528  126.754
19.400  -4.037  0.237  0.528  126.744
19.450  -2.758  0.241  0.528  126.686
19.500  -1.231  0.219  0.528  126.604
19.550  0.403  0.173  0.528  126.527
19.600  2.003  0.108  0.528  126.485
19.650  3.422  0.032  0.528  126.491
19.700  4.536  -0.051  0.528  126.546
19.750  5.236  -0.127  0.528  126.628
19.800  5.461  -0.194  0.528  126.710
19.850  5.185  -0.243  0.526  126.762
19.900  4.437  -0.273  0.526  126.768
19.950  3.284  -0.284  0.526  126.729
20.000  1.846  -0.274  0.526  126.656
20.050  0.250  -0.244  0.526  126.572
20.100  -1.365  -0.198  0.526  126.507
20.150  -2.861  -0.134  0.526  126.485
20.200  -4.106  -0.057  0.526  126.517
20.250  -4.990  0.026  0.526  126.590
20.300  -5.428  0.102  0.526  126.681
20.350  -5.371  0.168  0.526  126.756
20.400  -4.816  0.215  0.526  126.787
20.450  -3.824  0.240  0.526  126.767
20.500  -2.488  0.238  0.526  126.702
20.550  -0.935  0.211  0.526  126.618
20.600  0.704  0.162  0.526  126.545
20.650  2.280  0.096  0.526  126.510
20.700  3.655  0.014  0.526  126.527
20.750  4.697  -0.065  0.526  126.589
20.800  5.314  -0.140  0.526  126.673
20.850  5.447  -0.203  0.526  126.752
20.900  5.083  -0.251  0.525  126.797
20.950  4.248  -0.276  0.525  126.796
21.000  3.038  -0.282  0.525  126.750
21.050  1.559  -0.267  0.525  126.674
21.100  -0.050  -0.238  0.525  126.593
21.150  -1.654  -0.187  0.525  126.536
21.200  -3.114  -0.120  0.525  126.525
21.250  -4.299  -0.039  0.525  126.567
21.300  -5.106  0.040  0.525  126.648
21.350  -5.455  0.116  0.525  126.741
21.400  -5.306  0.179  0.525  126.811
21.450  -4.664  0.222  0.525  126.835
21.500  -3.600  0.240  0.525  126.806
21.550  -2.213  0.234  0.525  126.737
21.600  -0.633  0.203  0.525  126.654
21.650  1.002  0.151  0.525  126.588
21.700  2.553  0.080  0.525  126.564
21.750  3.873  0.000  0.525  126.592
21.800  4.847  -0.078  0.525  126.659
21.850  5.375  -0.151  0.525  126.746
21.900  5.418  -0.214  0.525  126.820
21.950  4.961  -0.255  0.524  126.858
22.000  4.054  -0.277  0.524  126.849
22.050  2.782  -0.278  0.524  126.796
22.100  1.270  -0.264  0.524  126.718
22.150  -0.350  -0.229  0.524  126.639
22.200  -1.938  -0.175  0.524  126.589
22.250  -3.356  -0.102  0.524  126.589
22.300  -4.479  -0.026  0.524  126.639
22.350  -5.207  0.054  0.524  126.722
22.400  -5.466  0.128  0.524  126.812
22.450  -5.223  0.189  0.522  126.874
22.500  -4.498  0.227  0.522  126.887
22.550  -3.365  0.241  0.523  126.848
22.600  -1.931  0.229  0.523  126.772
22.650  -0.332  0.196  0.523  126.688
22.700  1.300  0.138  0.523  126.627
22.750  2.815  0.066  0.523  126.610
22.800  4.083  -0.014  0.523  126.644
22.850  4.978  -0.091  0.523  126.714
22.900  5.420  -0.166  0.523  126.798
22.950  5.371  -0.223  0.523  126.866
23.000  4.825  -0.261  0.523  126.894
23.050  3.842  -0.277  0.523  126.873
23.100  2.519  -0.277  0.523  126.813
23.150  0.975  -0.259  0.523  126.731
23.200  -0.648  -0.220  0.523  126.654
23.250  -2.215  -0.161  0.523  126.610
23.300  -3.589  -0.088  0.523  126.620
23.350  -4.645  -0.013  0.523  126.675
23.400  -5.292  0.068  0.523  126.760
23.450  -5.459  0.142  0.523  126.845
23.500  -5.124  0.196  0.519  126.897
23.550  -4.318  0.231  0.519  126.900
23.600  -3.119  0.240  0.519  126.851
23.650  -1.644  0.225  0.519  126.770
23.700  -0.026  0.186  0.519  126.687
23.750  1.592  0.125  0.519  126.632
23.800  3.072  0.051  0.519  126.624
23.850  4.281  -0.028  0.519  126.666
23.900  5.098  -0.108  0.519  126.742
23.950  5.445  -0.177  0.519  126.824
24.000  5.304  -0.230  0.519  126.886
24.050  4.673  -0.264  0.519  126.905
24.100  3.621  -0.280  0.521  126.877
24.150  2.246  -0.276  0.521  126.811
24.200  0.679  -0.253  0.521  126.728
24.250  -0.946  -0.208  0.521  126.657
24.300  -2.487  -0.149  0.521  126.623
24.350  -3.811  -0.076  0.521  126.642
24.400  -4.798  0.003  0.521  126.706
24.450  -5.360  0.084  0.521  126.795
24.500  -5.435  0.152  0.521  126.878
24.550  -5.009  0.204  0.521  126.923
24.600  -4.124  0.234  0.521  126.916
24.650  -2.866  0.238  0.521  126.861
24.700  -1.353  0.218  0.521  126.779
24.750  0.276  0.174  0.521  126.701
24.800  1.882  0.112  0.521  126.654
24.850  3.319  0.038  0.521  126.657
24.900  4.462  -0.043  0.521  126.706
24.950  5.198  -0.120  0.521  126.785
25.000  5.459  -0.187  0.521  126.868
25.050  5.223  -0.236  0.520  126.923
25.100  4.510  -0.268  0.520  126.933
25.150  3.385  -0.280  0.520  126.897
25.200  1.966  -0.273  0.520  126.827
25.250  0.378  -0.244  0.520  126.743
25.300  -1.241  -0.199  0.520  126.676
25.350  -2.751  -0.136  0.520  126.650
25.400  -4.021  -0.062  0.520  126.676
25.450  -4.935  0.020  0.520  126.745
25.500  -5.412  0.097  0.520  126.834
25.550  -5.393  0.163  0.520  126.910
25.600  -4.877  0.209  0.520  126.944
25.650  -3.916  0.237  0.520  126.925
25.700  -2.603  0.236  0.520  126.861
25.750  -1.059  0.210  0.520  126.775
25.800  0.579  0.163  0.520  126.698
25.850  2.164  0.100  0.520  126.657
25.900  3.559  0.022  0.520  126.666
25.950  4.630  -0.057  0.520  126.721
26.000  5.283  -0.132  0.520  126.800
26.050  5.453  -0.196  0.520  126.877
26.100  5.127  -0.244  0.518  126.921
26.150  4.328  -0.272  0.518  126.921
26.200  3.144  -0.279  0.518  126.875
26.250  1.680  -0.266  0.518  126.797
26.300  0.076  -0.237  0.518  126.712
26.350  -1.533  -0.189  0.518  126.649
26.400  -3.008  -0.124  0.518  126.630
26.450  -4.219  -0.045  0.518  126.664
26.500  -5.059  0.034  0.518  126.736
26.550  -5.446  0.109  0.518  126.825
26.600  -5.335  0.173  0.518  126.895
26.650  -4.730  0.218  0.518  126.919
26.700  -3.696  0.238  0.518  126.890
26.750  -2.331  0.233  0.518  126.819
26.800  -0.760  0.204  0.518  126.732
26.850  0.877  0.154  0.518  126.660
26.900  2.440  0.084  0.518  126.629
26.950  3.783  0.006  0.518  126.649
27.000  4.787  -0.073  0.518  126.712
27.050  5.351  -0.145  0.518  126.795
27.100  5.433  -0.208  0.518  126.868
27.150  5.011  -0.250  0.517  126.907
27.200  4.137  -0.274  0.517  126.899
27.250  2.888  -0.276  0.517  126.848
27.300  1.392  -0.262  0.517  126.770
27.350  -0.225  -0.230  0.517  126.690
27.400  -1.819  -0.178  0.517  126.636
27.450  -3.256  -0.107  0.517  126.631
27.500  -4.405  -0.031  0.517  126.678
27.550  -5.167  0.047  0.517  126.760
27.600  -5.464  0.121  0.517  126.850
27.650  -5.260  0.183  0.517  126.915
27.700  -4.569  0.222  0.517  126.933
27.750  -3.465  0.237  0.517  126.899
27.800  -2.051  0.228  0.517  126.826
27.850  -0.460  0.196  0.517  126.743
27.900  1.176  0.141  0.517  126.680
27.950  2.706  0.070  0.517  126.661
28.000  3.999  -0.008  0.517  126.694
28.050  4.925  -0.084  0.517  126.763
28.100  5.405  -0.158  0.517  126.850
28.150  5.392  -0.217  0.517  126.922
28.200  4.884  -0.257  0.517  126.955
28.250  3.932  -0.274  0.517  126.941
28.300  2.630  -0.276  0.517  126.885
28.350  1.099  -0.258  0.517  126.805
28.400  -0.523  -0.223  0.517  126.728
28.450  -2.099  -0.165  0.517  126.682
28.500  -3.492  -0.094  0.517  126.687
28.550  -4.577  -0.018  0.517  126.740
28.600  -5.259  0.061  0.517  126.825
28.650  -5.464  0.134  0.517  126.911
28.700  -5.168  0.190  0.514  126.967
28.750  -4.394  0.226  0.514  126.974
28.800  -3.223  0.236  0.514  126.929
28.850  -1.765  0.224  0.514  126.849
28.900  -0.153  0.187  0.514  126.764
28.950  1.470  0.130  0.514  126.704
29.000  2.967  0.057  0.514  126.689
29.050  4.196  -0.020  0.514  126.724
29.100  5.049  -0.099  0.514  126.795
29.150  5.437  -0.171  0.514  126.877
29.200  5.336  -0.225  0.513  126.938
29.250  4.740  -0.260  0.513  126.958
29.300  3.717  -0.276  0.513  126.929
29.350  2.362  -0.273  0.513  126.861
29.400  0.804  -0.254  0.513  126.773
29.450  -0.821  -0.212  0.513  126.693
29.500  -2.373  -0.153  0.513  126.650
29.550  -3.718  -0.082  0.513  126.658
29.600  -4.735  -0.006  0.513  126.711
29.650  -5.334  0.075  0.513  126.792
29.700  -5.447  0.146  0.513  126.870
29.750  -5.060  0.197  0.513  126.912
29.800  -4.207  0.229  0.513  126.902
29.850  -2.972  0.235  0.513  126.843
29.900  -1.475  0.218  0.513  126.755
29.950  0.149  0.176  0.513  126.669
30.000  1.762  0.115  0.513  126.612
30.050  3.216  0.042  0.513  126.605
30.100  4.388  -0.037  0.513  126.645
30.150  5.156  -0.114  0.513  126.716
30.200  5.457  -0.182  0.513  126.794
30.250  5.260  -0.231  0.513  126.846
30.300  4.581  -0.265  0.513  126.856
30.350  3.487  -0.278  0.514  126.819
30.400  2.086  -0.273  0.514  126.746
30.450  0.504  -0.246  0.514  126.659
30.500  -1.118  -0.201  0.514  126.586
30.550  -2.641  -0.141  0.514  126.554
30.600  -3.934  -0.069  0.514  126.573
30.650  -4.880  0.012  0.514  126.637
30.700  -5.392  0.089  0.514  126.724
30.750  -5.413  0.156  0.514  126.802
