0.000  -5.393  0.083  0.537  117.926
0.050  -5.411  0.159  0.537  118.028
0.100  -4.928  0.221  0.537  118.094
0.150  -3.994  0.263  0.537  118.101
0.200  -2.700  0.278  0.539  118.047
0.250  -1.164  0.267  0.539  117.954
0.300  0.472  0.230  0.539  117.857
0.350  2.068  0.174  0.539  117.790
0.400  3.481  0.099  0.539  117.780
0.450  4.577  0.014  0.539  117.829
0.500  5.257  -0.066  0.539  117.916
0.550  5.456  -0.139  0.539  118.014
0.600  5.158  -0.199  0.539  118.086
0.650  4.382  -0.239  0.539  118.105
0.700  3.212  -0.260  0.539  118.068
0.750  1.759  -0.257  0.539  117.986
0.800  0.155  -0.237  0.539  117.885
0.850  -1.459  -0.198  0.539  117.796
0.900  -2.945  -0.141  0.539  117.750
0.950  -4.173  -0.064  0.539  117.766
1.000  -5.031  0.018  0.539  117.835
1.050  -5.440  0.100  0.539  117.934
1.100  -5.349  0.173  0.539  118.024
1.150  -4.762  0.233  0.539  118.073
1.200  -3.740  0.269  0.539  118.058
1.250  -2.383  0.279  0.540  117.987
1.300  -0.815  0.261  0.540  117.884
1.350  0.824  0.222  0.540  117.784
1.400  2.392  0.159  0.540  117.724
1.450  3.747  0.081  0.540  117.723
1.500  4.763  -0.002  0.540  117.778
1.550  5.339  -0.081  0.540  117.868
1.600  5.434  -0.154  0.540  117.963
1.650  5.028  -0.210  0.540  118.023
1.700  4.160  -0.246  0.540  118.030
1.750  2.918  -0.259  0.540  117.983
1.800  1.423  -0.254  0.540  117.896
1.850  -0.196  -0.232  0.540  117.797
1.900  -1.795  -0.189  0.540  117.717
1.950  -3.236  -0.123  0.540  117.687
2.000  -4.392  -0.047  0.540  117.719
2.050  -5.160  0.035  0.540  117.800
2.100  -5.463  0.116  0.540  117.904
2.150  -5.264  0.190  0.540  117.994
2.200  -4.575  0.243  0.538  118.034
2.250  -3.471  0.273  0.538  118.012
2.300  -2.055  0.277  0.538  117.937
2.350  -0.463  0.257  0.538  117.837
2.400  1.174  0.209  0.538  117.750
2.450  2.707  0.142  0.538  117.706
2.500  3.999  0.063  0.538  117.722
2.550  4.926  -0.017  0.538  117.791
2.600  5.401  -0.099  0.538  117.889
2.650  5.387  -0.168  0.538  117.981
2.700  4.877  -0.220  0.538  118.033
2.750  3.921  -0.249  0.538  118.030
2.800  2.613  -0.259  0.538  117.973
2.850  1.080  -0.252  0.538  117.882
2.900  -0.545  -0.226  0.538  117.784
2.950  -2.123  -0.174  0.538  117.714
3.000  -3.513  -0.107  0.538  117.698
3.050  -4.593  -0.030  0.538  117.741
3.100  -5.267  0.052  0.538  117.831
3.150  -5.463  0.135  0.538  117.934
3.200  -5.154  0.203  0.538  118.012
3.250  -4.371  0.253  0.538  118.038
3.300  -3.188  0.275  0.538  118.000
3.350  -1.721  0.276  0.538  117.914
3.400  -0.106  0.249  0.538  117.811
3.450  1.519  0.196  0.538  117.728
3.500  3.012  0.127  0.538  117.694
3.550  4.232  0.048  0.538  117.720
3.600  5.072  -0.036  0.538  117.797
3.650  5.437  -0.115  0.538  117.893
3.700  5.321  -0.180  0.538  117.976
3.750  4.703  -0.226  0.536  118.017
3.800  3.666  -0.253  0.536  118.000
3.850  2.297  -0.261  0.537  117.934
3.900  0.732  -0.248  0.537  117.838
3.950  -0.896  -0.214  0.537  117.743
4.000  -2.443  -0.161  0.537  117.682
4.050  -3.777  -0.094  0.537  117.676
4.100  -4.777  -0.013  0.537  117.731
4.150  -5.351  0.072  0.537  117.826
4.200  -5.439  0.151  0.537  117.926
4.250  -5.023  0.215  0.537  117.994
4.300  -4.145  0.259  0.537  118.005
4.350  -2.893  0.279  0.540  117.954
4.400  -1.380  0.272  0.540  117.861
4.450  0.250  0.237  0.540  117.758
4.500  1.859  0.183  0.540  117.682
4.550  3.303  0.111  0.540  117.660
4.600  4.450  0.027  0.540  117.699
4.650  5.192  -0.056  0.540  117.783
4.700  5.457  -0.131  0.540  117.880
4.750  5.225  -0.192  0.540  117.957
4.800  4.512  -0.235  0.540  117.985
4.850  3.391  -0.258  0.540  117.956
4.900  1.970  -0.260  0.540  117.881
4.950  0.379  -0.240  0.540  117.784
5.000  -1.242  -0.204  0.540  117.694
5.050  -2.754  -0.149  0.540  117.645
5.100  -4.024  -0.077  0.540  117.656
5.150  -4.939  0.007  0.540  117.724
5.200  -5.412  0.090  0.540  117.826
5.250  -5.391  0.166  0.540  117.925
5.300  -4.869  0.227  0.540  117.987
5.350  -3.902  0.268  0.540  117.988
5.400  -2.585  0.282  0.542  117.930
5.450  -1.036  0.268  0.542  117.836
5.500  0.605  0.229  0.542  117.741
5.550  2.190  0.170  0.542  117.680
5.600  3.582  0.094  0.542  117.676
5.650  4.648  0.010  0.542  117.731
5.700  5.292  -0.071  0.542  117.824
5.750  5.451  -0.144  0.542  117.925
5.800  5.112  -0.203  0.542  117.997
5.850  4.302  -0.243  0.542  118.018
5.900  3.105  -0.260  0.542  117.982
5.950  1.634  -0.257  0.542  117.903
6.000  0.025  -0.237  0.542  117.807
6.050  -1.584  -0.197  0.542  117.725
6.100  -3.054  -0.137  0.542  117.689
6.150  -4.256  -0.058  0.542  117.714
6.200  -5.082  0.025  0.542  117.791
6.250  -5.451  0.106  0.542  117.893
6.300  -5.320  0.180  0.542  117.986
6.350  -4.694  0.239  0.542  118.033
6.400  -3.642  0.272  0.542  118.017
6.450  -2.264  0.279  0.542  117.944
6.500  -0.685  0.262  0.542  117.841
6.550  0.954  0.219  0.542  117.744
6.600  2.512  0.153  0.542  117.689
6.650  3.842  0.074  0.542  117.692
6.700  4.829  -0.007  0.542  117.748
6.750  5.367  -0.086  0.542  117.838
6.800  5.423  -0.161  0.542  117.928
6.850  4.974  -0.216  0.542  117.983
6.900  4.075  -0.248  0.542  117.982
6.950  2.806  -0.260  0.542  117.927
7.000  1.295  -0.254  0.542  117.833
7.050  -0.327  -0.230  0.542  117.729
7.100  -1.918  -0.185  0.542  117.648
7.150  -3.341  -0.118  0.542  117.618
7.200  -4.469  -0.040  0.542  117.648
7.250  -5.202  0.041  0.542  117.728
7.300  -5.465  0.123  0.542  117.829
7.350  -5.225  0.195  0.542  117.910
7.400  -4.501  0.247  0.541  117.940
7.450  -3.367  0.275  0.541  117.908
7.500  -1.932  0.278  0.541  117.825
7.550  -0.331  0.255  0.541  117.721
7.600  1.303  0.205  0.541  117.632
7.650  2.821  0.137  0.541  117.590
7.700  4.089  0.058  0.541  117.609
7.750  4.983  -0.024  0.541  117.679
7.800  5.422  -0.105  0.541  117.776
7.850  5.365  -0.175  0.541  117.866
7.900  4.818  -0.224  0.539  117.916
7.950  3.831  -0.252  0.539  117.910
8.000  2.500  -0.262  0.541  117.852
8.050  0.951  -0.253  0.541  117.762
8.100  -0.675  -0.223  0.541  117.669
8.150  -2.242  -0.169  0.541  117.605
8.200  -3.613  -0.102  0.541  117.597
8.250  -4.663  -0.024  0.541  117.649
8.300  -5.301  0.058  0.541  117.744
8.350  -5.456  0.142  0.541  117.851
8.400  -5.108  0.209  0.541  117.932
8.450  -4.288  0.256  0.541  117.957
8.500  -3.079  0.278  0.541  117.920
8.550  -1.595  0.275  0.541  117.837
8.600  0.026  0.245  0.541  117.739
8.650  1.645  0.192  0.541  117.665
8.700  3.121  0.122  0.541  117.640
8.750  4.316  0.041  0.541  117.676
8.800  5.119  -0.044  0.541  117.761
8.850  5.450  -0.123  0.541  117.865
8.900  5.289  -0.187  0.541  117.951
8.950  4.636  -0.231  0.540  117.992
9.000  3.566  -0.256  0.540  117.975
9.050  2.178  -0.262  0.540  117.908
9.100  0.602  -0.247  0.540  117.815
9.150  -1.024  -0.213  0.540  117.725
9.200  -2.559  -0.158  0.540  117.670
9.250  -3.870  -0.088  0.540  117.675
9.300  -4.839  -0.006  0.540  117.739
9.350  -5.377  0.079  0.540  117.839
9.400  -5.424  0.158  0.540  117.942
9.450  -4.969  0.220  0.540  118.010
9.500  -4.058  0.264  0.540  118.020
9.550  -2.779  0.281  0.543  117.969
9.600  -1.253  0.271  0.543  117.877
9.650  0.381  0.236  0.543  117.778
9.700  1.982  0.179  0.543  117.709
9.750  3.406  0.106  0.543  117.695
9.800  4.526  0.021  0.543  117.742
9.850  5.230  -0.062  0.543  117.829
9.900  5.459  -0.136  0.543  117.929
9.950  5.186  -0.196  0.543  118.005
10.000  4.438  -0.239  0.543  118.029
10.050  3.286  -0.259  0.543  117.997
10.100  1.848  -0.259  0.543  117.920
10.150  0.249  -0.240  0.543  117.822
10.200  -1.368  -0.202  0.543  117.734
10.250  -2.867  -0.145  0.543  117.688
10.300  -4.112  -0.070  0.543  117.703
10.350  -4.994  0.014  0.543  117.772
10.400  -5.429  0.096  0.543  117.872
10.450  -5.367  0.171  0.543  117.967
10.500  -4.807  0.231  0.543  118.021
10.550  -3.810  0.270  0.543  118.013
10.600  -2.466  0.282  0.543  117.947
10.650  -0.906  0.266  0.543  117.847
10.700  0.737  0.227  0.543  117.748
10.750  2.310  0.166  0.543  117.685
10.800  3.679  0.088  0.543  117.680
10.850  4.715  0.003  0.543  117.734
10.900  5.322  -0.076  0.543  117.821
10.950  5.442  -0.150  0.543  117.916
11.000  5.063  -0.208  0.543  117.978
11.050  4.218  -0.245  0.543  117.986
11.100  2.997  -0.261  0.543  117.939
11.150  1.508  -0.255  0.543  117.852
11.200  -0.105  -0.234  0.543  117.750
11.250  -1.707  -0.192  0.543  117.666
11.300  -3.161  -0.129  0.543  117.631
11.350  -4.336  -0.050  0.543  117.656
11.400  -5.129  0.032  0.543  117.732
11.450  -5.459  0.114  0.543  117.833
11.500  -5.288  0.186  0.543  117.921
11.550  -4.626  0.244  0.543  117.961
11.600  -3.544  0.274  0.543  117.938
11.650  -2.144  0.280  0.543  117.861
11.700  -0.554  0.261  0.543  117.758
11.750  1.084  0.216  0.543  117.665
11.800  2.629  0.149  0.543  117.615
11.850  3.934  0.070  0.543  117.625
11.900  4.887  -0.013  0.543  117.690
11.950  5.388  -0.094  0.543  117.786
12.000  5.405  -0.166  0.543  117.878
12.050  4.917  -0.218  0.543  117.933
12.100  3.985  -0.249  0.543  117.932
12.150  2.691  -0.259  0.543  117.878
12.200  1.167  -0.254  0.543  117.789
12.250  -0.459  -0.228  0.543  117.692
12.300  -2.040  -0.180  0.543  117.621
12.350  -3.444  -0.111  0.543  117.604
12.400  -4.543  -0.034  0.543  117.647
12.450  -5.241  0.048  0.543  117.736
12.500  -5.464  0.130  0.543  117.841
12.550  -5.184  0.202  0.543  117.926
12.600  -4.423  0.253  0.543  117.956
12.650  -3.263  0.278  0.543  117.925
12.700  -1.812  0.279  0.543  117.844
12.750  -0.201  0.254  0.543  117.744
12.800  1.429  0.202  0.543  117.661
12.850  2.936  0.133  0.543  117.626
12.900  4.176  0.053  0.543  117.652
12.950  5.037  -0.030  0.543  117.729
13.000  5.435  -0.112  0.543  117.829
13.050  5.340  -0.179  0.543  117.917
13.100  4.751  -0.227  0.542  117.963
13.150  3.732  -0.254  0.542  117.952
13.200  2.379  -0.263  0.543  117.890
13.250  0.820  -0.251  0.543  117.797
13.300  -0.807  -0.219  0.543  117.703
13.350  -2.363  -0.165  0.543  117.641
13.400  -3.710  -0.097  0.543  117.634
13.450  -4.731  -0.018  0.543  117.688
13.500  -5.331  0.068  0.543  117.783
13.550  -5.447  0.149  0.543  117.886
13.600  -5.058  0.214  0.543  117.959
13.650  -4.205  0.260  0.543  117.975
13.700  -2.968  0.282  0.545  117.929
13.750  -1.471  0.276  0.545  117.838
13.800  0.156  0.243  0.545  117.736
13.850  1.769  0.189  0.545  117.659
13.900  3.229  0.117  0.545  117.635
13.950  4.395  0.035  0.545  117.672
14.000  5.165  -0.050  0.545  117.754
14.050  5.457  -0.128  0.545  117.853
14.100  5.255  -0.190  0.545  117.933
14.150  4.566  -0.234  0.545  117.964
14.200  3.466  -0.258  0.545  117.939
14.250  2.057  -0.262  0.545  117.867
14.300  0.471  -0.245  0.545  117.770
14.350  -1.153  -0.208  0.545  117.679
14.400  -2.675  -0.154  0.545  117.626
14.450  -3.962  -0.081  0.545  117.633
14.500  -4.899  0.003  0.545  117.699
14.550  -5.399  0.087  0.545  117.797
14.600  -5.406  0.163  0.545  117.896
14.650  -4.911  0.225  0.545  117.959
14.700  -3.966  0.267  0.545  117.962
14.750  -2.663  0.283  0.546  117.905
14.800  -1.122  0.271  0.546  117.810
14.850  0.511  0.235  0.546  117.711
14.900  2.105  0.176  0.546  117.645
14.950  3.509  0.100  0.546  117.635
15.000  4.600  0.014  0.546  117.685
15.050  5.268  -0.067  0.546  117.774
15.100  5.457  -0.141  0.546  117.873
15.150  5.144  -0.201  0.546  117.944
15.200  4.361  -0.242  0.546  117.965
15.250  3.183  -0.261  0.546  117.929
15.300  1.726  -0.259  0.546  117.849
15.350  0.119  -0.237  0.546  117.751
15.400  -1.493  -0.199  0.546  117.666
15.450  -2.977  -0.140  0.546  117.625
15.500  -4.197  -0.062  0.546  117.647
15.550  -5.047  0.021  0.546  117.720
15.600  -5.443  0.103  0.546  117.822
15.650  -5.341  0.178  0.546  117.917
15.700  -4.744  0.237  0.545  117.968
15.750  -3.714  0.274  0.545  117.957
15.800  -2.346  0.282  0.545  117.888
15.850  -0.774  0.265  0.545  117.789
15.900  0.867  0.222  0.545  117.695
15.950  2.427  0.160  0.545  117.640
16.000  3.776  0.081  0.545  117.644
16.050  4.781  -0.002  0.545  117.704
16.100  5.350  -0.083  0.545  117.798
16.150  5.431  -0.156  0.545  117.894
16.200  5.013  -0.212  0.545  117.956
16.250  4.134  -0.248  0.545  117.964
16.300  2.885  -0.260  0.545  117.917
16.350  1.384  -0.255  0.545  117.831
16.400  -0.234  -0.232  0.545  117.734
16.450  -1.831  -0.188  0.545  117.657
16.500  -3.267  -0.123  0.545  117.630
16.550  -4.415  -0.045  0.545  117.664
16.600  -5.173  0.036  0.545  117.745
16.650  -5.464  0.118  0.545  117.848
16.700  -5.252  0.194  0.545  117.937
16.750  -4.554  0.247  0.544  117.974
16.800  -3.442  0.276  0.544  117.948
16.850  -2.023  0.280  0.544  117.871
16.900  -0.421  0.259  0.544  117.769
16.950  1.214  0.210  0.544  117.680
17.000  2.743  0.141  0.544  117.637
17.050  4.025  0.061  0.544  117.655
17.100  4.945  -0.020  0.544  117.724
17.150  5.408  -0.103  0.544  117.823
17.200  5.384  -0.173  0.544  117.915
17.250  4.858  -0.223  0.543  117.966
17.300  3.892  -0.252  0.543  117.962
17.350  2.576  -0.261  0.543  117.904
17.400  1.038  -0.253  0.543  117.814
17.450  -0.587  -0.225  0.543  117.718
17.500  -2.160  -0.174  0.543  117.652
17.550  -3.543  -0.105  0.543  117.639
17.600  -4.615  -0.028  0.543  117.688
17.650  -5.278  0.056  0.543  117.781
17.700  -5.461  0.139  0.543  117.889
17.750  -5.140  0.207  0.543  117.972
17.800  -4.345  0.256  0.543  118.001
17.850  -3.157  0.280  0.543  117.967
17.900  -1.686  0.280  0.543  117.886
17.950  -0.069  0.250  0.543  117.790
18.000  1.558  0.197  0.543  117.714
18.050  3.044  0.128  0.543  117.688
18.100  4.259  0.047  0.543  117.724
18.150  5.084  -0.037  0.543  117.808
18.200  5.445  -0.119  0.543  117.912
18.250  5.309  -0.184  0.543  118.003
18.300  4.684  -0.230  0.541  118.049
18.350  3.633  -0.254  0.541  118.036
18.400  2.260  -0.262  0.542  117.975
18.450  0.689  -0.248  0.542  117.884
18.500  -0.936  -0.214  0.542  117.796
18.550  -2.481  -0.161  0.542  117.741
18.600  -3.806  -0.091  0.542  117.745
18.650  -4.796  -0.010  0.542  117.807
18.700  -5.360  0.076  0.542  117.907
18.750  -5.435  0.156  0.542  118.013
18.800  -5.006  0.219  0.542  118.084
18.850  -4.118  0.263  0.542  118.097
18.900  -2.857  0.283  0.545  118.049
18.950  -1.344  0.275  0.545  117.958
19.000  0.287  0.240  0.545  117.859
19.050  1.893  0.184  0.545  117.787
19.100  3.335  0.111  0.545  117.768
19.150  4.473  0.027  0.545  117.810
19.200  5.205  -0.058  0.545  117.897
19.250  5.459  -0.133  0.545  117.995
19.300  5.216  -0.195  0.545  118.071
19.350  4.490  -0.237  0.545  118.098
19.400  3.361  -0.261  0.545  118.067
19.450  1.933  -0.261  0.545  117.990
19.500  0.340  -0.243  0.545  117.891
19.550  -1.281  -0.205  0.545  117.800
19.600  -2.788  -0.151  0.545  117.748
19.650  -4.052  -0.075  0.545  117.757
19.700  -4.956  0.010  0.545  117.824
19.750  -5.418  0.093  0.545  117.922
19.800  -5.384  0.169  0.545  118.018
19.850  -4.851  0.230  0.545  118.076
19.900  -3.873  0.271  0.545  118.070
19.950  -2.547  0.284  0.546  118.007
20.000  -0.994  0.269  0.546  117.907
20.050  0.641  0.230  0.546  117.808
20.100  2.224  0.171  0.546  117.743
20.150  3.610  0.093  0.546  117.737
20.200  4.669  0.008  0.546  117.788
20.250  5.299  -0.073  0.546  117.874
20.300  5.450  -0.147  0.546  117.970
20.350  5.098  -0.206  0.546  118.034
20.400  4.280  -0.245  0.546  118.048
20.450  3.075  -0.261  0.546  118.005
20.500  1.602  -0.257  0.546  117.922
20.550  -0.012  -0.236  0.546  117.821
20.600  -1.619  -0.195  0.546  117.737
20.650  -3.086  -0.134  0.546  117.698
20.700  -4.280  -0.056  0.546  117.721
20.750  -5.096  0.028  0.546  117.795
20.800  -5.454  0.110  0.546  117.896
20.850  -5.311  0.184  0.546  117.986
20.900  -4.676  0.243  0.545  118.028
20.950  -3.613  0.275  0.545  118.009
21.000  -2.225  0.282  0.545  117.934
21.050  -0.644  0.263  0.545  117.831
21.100  0.995  0.220  0.545  117.736
21.150  2.544  0.154  0.545  117.682
21.200  3.871  0.073  0.545  117.688
21.250  4.844  -0.008  0.545  117.749
21.300  5.375  -0.089  0.545  117.842
21.350  5.415  -0.163  0.545  117.936
21.400  4.959  -0.217  0.545  117.991
21.450  4.048  -0.249  0.545  117.992
21.500  2.775  -0.261  0.545  117.940
21.550  1.259  -0.256  0.545  117.851
21.600  -0.362  -0.231  0.545  117.753
21.650  -1.952  -0.183  0.545  117.678
21.700  -3.371  -0.117  0.545  117.655
21.750  -4.492  -0.038  0.545  117.693
21.800  -5.214  0.044  0.545  117.779
21.850  -5.466  0.127  0.545  117.884
21.900  -5.213  0.200  0.545  117.970
21.950  -4.480  0.251  0.545  118.003
22.000  -3.338  0.278  0.545  117.975
22.050  -1.898  0.280  0.545  117.896
22.100  -0.289  0.256  0.545  117.796
22.150  1.344  0.205  0.545  117.713
22.200  2.857  0.136  0.545  117.676
22.250  4.114  0.056  0.545  117.700
22.300  5.002  -0.026  0.545  117.776
22.350  5.425  -0.108  0.545  117.876
22.400  5.360  -0.177  0.545  117.966
22.450  4.796  -0.225  0.543  118.015
22.500  3.799  -0.254  0.543  118.008
22.550  2.461  -0.261  0.543  117.949
22.600  0.911  -0.253  0.543  117.858
22.650  -0.716  -0.221  0.543  117.765
22.700  -2.279  -0.169  0.543  117.702
22.750  -3.642  -0.100  0.543  117.694
22.800  -4.684  -0.022  0.543  117.748
22.850  -5.311  0.063  0.543  117.843
22.900  -5.454  0.146  0.543  117.949
22.950  -5.094  0.213  0.543  118.027
23.000  -4.263  0.259  0.543  118.049
23.050  -3.049  0.282  0.543  118.009
23.100  -1.561  0.279  0.543  117.923
23.150  0.063  0.248  0.543  117.823
23.200  1.686  0.192  0.543  117.748
23.250  3.155  0.123  0.543  117.723
23.300  4.342  0.040  0.543  117.759
23.350  5.133  -0.044  0.543  117.842
23.400  5.454  -0.125  0.543  117.944
23.450  5.278  -0.187  0.543  118.027
23.500  4.616  -0.232  0.543  118.065
23.550  3.533  -0.256  0.543  118.044
23.600  2.139  -0.262  0.544  117.975
23.650  0.559  -0.247  0.544  117.880
23.700  -1.064  -0.210  0.544  117.790
23.750  -2.596  -0.156  0.544  117.736
23.800  -3.899  -0.086  0.544  117.739
23.850  -4.858  -0.002  0.544  117.802
23.900  -5.384  0.083  0.544  117.901
23.950  -5.418  0.162  0.544  118.001
24.000  -4.951  0.224  0.544  118.066
24.050  -4.029  0.267  0.544  118.071
24.100  -2.744  0.284  0.547  118.016
24.150  -1.217  0.275  0.547  117.921
24.200  0.419  0.237  0.547  117.820
24.250  2.018  0.181  0.547  117.749
24.300  3.439  0.105  0.547  117.734
24.350  4.547  0.020  0.547  117.779
24.400  5.244  -0.064  0.547  117.864
24.450  5.458  -0.138  0.547  117.961
24.500  5.175  -0.199  0.547  118.033
24.550  4.414  -0.240  0.547  118.053
24.600  3.256  -0.262  0.547  118.018
24.650  1.810  -0.259  0.547  117.937
24.700  0.209  -0.240  0.547  117.836
24.750  -1.408  -0.201  0.547  117.748
24.800  -2.901  -0.143  0.547  117.702
24.850  -4.139  -0.066  0.547  117.717
24.900  -5.011  0.017  0.547  117.788
24.950  -5.434  0.101  0.547  117.888
25.000  -5.359  0.176  0.547  117.983
25.050  -4.788  0.237  0.547  118.036
25.100  -3.778  0.273  0.547  118.027
25.150  -2.430  0.285  0.547  117.960
25.200  -0.866  0.268  0.547  117.861
25.250  0.771  0.228  0.547  117.765
25.300  2.345  0.165  0.547  117.707
25.350  3.707  0.086  0.547  117.707
25.400  4.737  0.000  0.547  117.766
25.450  5.329  -0.078  0.547  117.858
25.500  5.441  -0.153  0.547  117.956
25.550  5.047  -0.211  0.547  118.022
25.600  4.196  -0.248  0.547  118.035
25.650  2.964  -0.261  0.547  117.993
25.700  1.475  -0.257  0.547  117.911
25.750  -0.143  -0.235  0.547  117.815
25.800  -1.743  -0.192  0.547  117.739
25.850  -3.194  -0.127  0.547  117.710
25.900  -4.361  -0.048  0.547  117.744
25.950  -5.143  0.035  0.547  117.828
26.000  -5.461  0.117  0.547  117.935
26.050  -5.278  0.192  0.547  118.029
26.100  -4.605  0.246  0.546  118.072
26.150  -3.512  0.278  0.546  118.053
26.200  -2.104  0.281  0.546  117.981
26.250  -0.513  0.262  0.546  117.882
26.300  1.123  0.215  0.546  117.795
26.350  2.660  0.148  0.546  117.752
26.400  3.963  0.068  0.546  117.767
26.450  4.903  -0.014  0.546  117.837
26.500  5.397  -0.096  0.546  117.937
26.550  5.396  -0.168  0.546  118.032
26.600  4.902  -0.221  0.546  118.087
26.650  3.957  -0.250  0.546  118.087
26.700  2.661  -0.261  0.546  118.034
26.750  1.131  -0.254  0.546  117.946
26.800  -0.494  -0.228  0.546  117.850
26.850  -2.075  -0.177  0.546  117.781
26.900  -3.473  -0.111  0.546  117.764
26.950  -4.565  -0.031  0.546  117.808
27.000  -5.252  0.052  0.546  117.898
27.050  -5.464  0.136  0.546  118.004
27.100  -5.171  0.205  0.546  118.085
27.150  -4.402  0.256  0.546  118.114
27.200  -3.232  0.280  0.546  118.079
27.250  -1.773  0.281  0.546  117.996
27.300  -0.157  0.255  0.546  117.894
27.350  1.470  0.202  0.546  117.811
27.400  2.967  0.131  0.546  117.778
27.450  4.199  0.051  0.546  117.805
27.500  5.053  -0.034  0.546  117.881
27.550  5.437  -0.115  0.546  117.981
27.600  5.333  -0.181  0.546  118.067
27.650  4.730  -0.227  0.543  118.109
27.700  3.704  -0.255  0.543  118.095
27.750  2.343  -0.263  0.544  118.030
27.800  0.785  -0.252  0.544  117.936
27.850  -0.842  -0.217  0.544  117.842
27.900  -2.396  -0.164  0.544  117.781
27.950  -3.738  -0.095  0.544  117.776
28.000  -4.750  -0.015  0.544  117.831
28.050  -5.340  0.071  0.544  117.926
28.100  -5.444  0.152  0.544  118.028
28.150  -5.043  0.218  0.544  118.099
28.200  -4.180  0.261  0.544  118.112
28.250  -2.939  0.283  0.546  118.065
28.300  -1.433  0.276  0.546  117.974
28.350  0.196  0.243  0.546  117.874
28.400  1.811  0.186  0.546  117.799
28.450  3.262  0.116  0.546  117.777
28.500  4.421  0.031  0.546  117.817
28.550  5.175  -0.053  0.546  117.900
28.600  5.459  -0.131  0.546  117.998
28.650  5.241  -0.191  0.546  118.077
28.700  4.543  -0.237  0.546  118.108
28.750  3.431  -0.259  0.546  118.081
28.800  2.018  -0.263  0.547  118.007
28.850  0.429  -0.245  0.547  117.910
28.900  -1.192  -0.207  0.547  117.820
28.950  -2.709  -0.153  0.547  117.768
29.000  -3.989  -0.080  0.547  117.776
29.050  -4.917  0.005  0.547  117.843
29.100  -5.405  0.090  0.547  117.942
29.150  -5.399  0.168  0.547  118.041
29.200  -4.894  0.228  0.547  118.102
29.250  -3.939  0.270  0.547  118.103
29.300  -2.630  0.285  0.548  118.044
29.350  -1.089  0.272  0.548  117.949
29.400  0.552  0.234  0.548  117.851
29.450  2.141  0.174  0.548  117.787
29.500  3.542  0.096  0.548  117.780
29.550  4.620  0.011  0.548  117.833
29.600  5.279  -0.071  0.548  117.924
29.650  5.453  -0.144  0.548  118.024
29.700  5.131  -0.205  0.548  118.096
29.750  4.334  -0.244  0.548  118.116
29.800  3.148  -0.264  0.549  118.081
29.850  1.684  -0.259  0.549  118.002
29.900  0.078  -0.239  0.549  117.905
29.950  -1.535  -0.199  0.549  117.823
30.000  -3.012  -0.141  0.549  117.785
30.050  -4.223  -0.060  0.549  117.809
30.100  -5.062  0.023  0.549  117.886
30.150  -5.447  0.106  0.549  117.990
30.200  -5.332  0.180  0.549  118.085
30.250  -4.722  0.240  0.549  118.135
30.300  -3.682  0.274  0.549  118.123
30.350  -2.310  0.283  0.549  118.054
30.400  -0.738  0.264  0.549  117.956
30.450  0.902  0.223  0.549  117.862
30.500  2.464  0.157  0.549  117.811
30.550  3.805  0.077  0.549  117.817
30.600  4.803  -0.006  0.549  117.878
30.650  5.358  -0.086  0.549  117.972
30.700  5.429  -0.161  0.549  118.068
30.750  4.996  -0.216  0.549  118.127
30.800  4.109  -0.251  0.549  118.132
30.850  2.853  -0.262  0.549  118.083
30.900  1.346  -0.257  0.549  117.995
30.950  -0.273  -0.233  0.549  117.896
31.000  -1.869  -0.188  0.549  117.818
31.050  -3.299  -0.121  0.549  117.791
31.100  -4.438  -0.043  0.549  117.824
31.150  -5.185  0.040  0.549  117.907
31.200  -5.465  0.123  0.549  118.011
31.250  -5.241  0.197  0.549  118.098
31.300  -4.530  0.251  0.549  118.134
31.350  -3.410  0.278  0.549  118.106
31.400  -1.981  0.282  0.549  118.028
31.450  -0.383  0.260  0.549  117.926
31.500  1.251  0.210  0.549  117.839
31.550  2.776  0.140  0.549  117.798
31.600  4.053  0.061  0.549  117.816
31.650  4.961  -0.022  0.549  117.887
31.700  5.414  -0.105  0.549  117.986
31.750  5.376  -0.174  0.549  118.077
31.800  4.842  -0.224  0.546  118.127
31.850  3.865  -0.252  0.546  118.121
31.900  2.546  -0.263  0.546  118.063
31.950  1.004  -0.254  0.546  117.972
32.000  -0.624  -0.225  0.546  117.877
32.050  -2.195  -0.172  0.546  117.811
32.100  -3.573  -0.105  0.546  117.798
32.150  -4.637  -0.026  0.546  117.847
32.200  -5.287  0.059  0.546  117.941
32.250  -5.459  0.143  0.546  118.047
32.300  -5.127  0.209  0.545  118.124
32.350  -4.322  0.257  0.545  118.147
32.400  -3.123  0.281  0.545  118.109
32.450  -1.647  0.280  0.545  118.023
32.500  -0.026  0.250  0.545  117.923
32.550  1.594  0.196  0.545  117.845
32.600  3.077  0.125  0.545  117.817
32.650  4.282  0.045  0.545  117.849
32.700  5.101  -0.041  0.545  117.928
32.750  5.447  -0.122  0.545  118.027
32.800  5.301  -0.186  0.545  118.111
32.850  4.666  -0.232  0.544  118.150
32.900  3.608  -0.258  0.544  118.131
32.950  2.225  -0.264  0.546  118.064
33.000  0.654  -0.250  0.546  117.969
33.050  -0.973  -0.213  0.546  117.876
33.100  -2.513  -0.159  0.546  117.819
33.150  -3.833  -0.089  0.546  117.820
33.200  -4.815  -0.007  0.546  117.882
33.250  -5.367  0.080  0.546  117.980
33.300  -5.430  0.158  0.546  118.081
33.350  -4.991  0.222  0.546  118.149
33.400  -4.094  0.267  0.546  118.160
33.450  -2.824  0.285  0.550  118.110
33.500  -1.303  0.275  0.550  118.018
33.550  0.328  0.240  0.550  117.919
33.600  1.932  0.184  0.550  117.849
33.650  3.365  0.110  0.550  117.835
33.700  4.496  0.023  0.550  117.881
33.750  5.215  -0.060  0.550  117.969
33.800  5.460  -0.136  0.550  118.070
33.850  5.202  -0.196  0.550  118.148
33.900  4.468  -0.239  0.550  118.176
33.950  3.328  -0.260  0.550  118.148
34.000  1.898  -0.261  0.550  118.074
34.050  0.301  -0.241  0.550  117.979
34.100  -1.318  -0.204  0.550  117.894
34.150  -2.821  -0.146  0.550  117.851
34.200  -4.078  -0.071  0.550  117.869
34.250  -4.973  0.013  0.550  117.942
34.300  -5.423  0.097  0.550  118.045
34.350  -5.377  0.173  0.550  118.145
34.400  -4.833  0.234  0.550  118.204
34.450  -3.847  0.273  0.550  118.201
34.500  -2.514  0.285  0.550  118.141
34.550  -0.958  0.270  0.550  118.045
34.600  0.683  0.231  0.550  117.950
34.650  2.262  0.170  0.550  117.891
34.700  3.640  0.090  0.550  117.890
34.750  4.689  0.005  0.550  117.947
34.800  5.311  -0.076  0.550  118.039
34.850  5.447  -0.148  0.550  118.137
34.900  5.084  -0.209  0.550  118.205
34.950  4.252  -0.246  0.550  118.220
35.000  3.040  -0.262  0.550  118.179
35.050  1.559  -0.257  0.550  118.097
35.100  -0.053  -0.235  0.550  118.000
35.150  -1.659  -0.194  0.550  117.919
35.200  -3.119  -0.130  0.550  117.886
35.250  -4.304  -0.051  0.550  117.915
35.300  -5.110  0.031  0.550  117.994
35.350  -5.456  0.114  0.550  118.099
35.400  -5.301  0.189  0.550  118.191
35.450  -4.653  0.246  0.548  118.234
35.500  -3.584  0.278  0.548  118.217
35.550  -2.192  0.283  0.548  118.144
35.600  -0.607  0.264  0.548  118.043
35.650  1.033  0.221  0.548  117.952
35.700  2.583  0.152  0.548  117.903
35.750  3.898  0.071  0.548  117.914
35.800  4.864  -0.012  0.548  117.980
35.850  5.381  -0.092  0.548  118.077
35.900  5.412  -0.166  0.548  118.172
35.950  4.940  -0.218  0.547  118.228
36.000  4.020  -0.250  0.547  118.230
36.050  2.737  -0.261  0.547  118.178
36.100  1.216  -0.255  0.547  118.090
36.150  -0.406  -0.230  0.547  117.994
36.200  -1.991  -0.181  0.547  117.923
36.250  -3.403  -0.112  0.547  117.904
36.300  -4.514  -0.036  0.547  117.944
36.350  -5.226  0.048  0.547  118.032
36.400  -5.466  0.131  0.547  118.138
36.450  -5.201  0.204  0.547  118.223
36.500  -4.455  0.255  0.547  118.256
36.550  -3.305  0.281  0.547  118.225
36.600  -1.860  0.282  0.547  118.144
36.650  -0.253  0.257  0.547  118.044
36.700  1.379  0.205  0.547  117.960
36.750  2.889  0.135  0.547  117.924
36.800  4.142  0.055  0.547  117.949
36.850  5.015  -0.028  0.547  118.024
36.900  5.431  -0.112  0.547  118.123
36.950  5.351  -0.179  0.547  118.212
37.000  4.779  -0.227  0.546  118.258
37.050  3.770  -0.254  0.546  118.248
37.100  2.426  -0.264  0.547  118.187
37.150  0.872  -0.252  0.547  118.095
37.200  -0.755  -0.220  0.547  118.001
37.250  -2.315  -0.167  0.547  117.937
37.300  -3.672  -0.100  0.547  117.929
37.350  -4.704  -0.019  0.547  117.980
37.400  -5.320  0.065  0.547  118.073
37.450  -5.451  0.149  0.547  118.176
37.500  -5.079  0.214  0.547  118.249
37.550  -4.238  0.260  0.547  118.264
37.600  -3.012  0.280  0.547  118.218
37.650  -1.521  0.278  0.547  118.128
37.700  0.104  0.246  0.547  118.025
37.750  1.721  0.191  0.547  117.947
37.800  3.184  0.118  0.547  117.922
37.850  4.366  0.034  0.547  117.958
37.900  5.148  -0.051  0.547  118.040
37.950  5.454  -0.128  0.547  118.136
38.000  5.270  -0.190  0.547  118.214
38.050  4.594  -0.234  0.545  118.246
38.100  3.508  -0.259  0.545  118.221
38.150  2.107  -0.264  0.545  118.148
38.200  0.524  -0.247  0.545  118.051
38.250  -1.101  -0.209  0.545  117.959
38.300  -2.629  -0.155  0.545  117.905
38.350  -3.926  -0.083  0.545  117.910
38.400  -4.875  -0.001  0.545  117.973
38.450  -5.390  0.087  0.545  118.071
38.500  -5.413  0.164  0.545  118.172
38.550  -4.936  0.226  0.545  118.236
38.600  -4.003  0.269  0.545  118.241
38.650  -2.709  0.286  0.549  118.187
38.700  -1.174  0.274  0.549  118.095
38.750  0.459  0.236  0.549  117.998
38.800  2.055  0.177  0.549  117.934
38.850  3.468  0.103  0.549  117.927
38.900  4.570  0.015  0.549  117.980
38.950  5.253  -0.066  0.549  118.070
39.000  5.460  -0.142  0.549  118.171
39.050  5.161  -0.201  0.549  118.247
39.100  4.393  -0.243  0.549  118.272
39.150  3.225  -0.262  0.549  118.241
39.200  1.776  -0.261  0.549  118.166
39.250  0.173  -0.239  0.549  118.072
39.300  -1.444  -0.201  0.549  117.989
39.350  -2.933  -0.142  0.549  117.951
39.400  -4.163  -0.066  0.549  117.973
39.450  -5.026  0.020  0.549  118.049
39.500  -5.438  0.103  0.549  118.154
39.550  -5.352  0.179  0.549  118.252
39.600  -4.769  0.238  0.549  118.306
39.650  -3.752  0.275  0.549  118.297
39.700  -2.394  0.284  0.549  118.232
39.750  -0.826  0.267  0.549  118.134
39.800  0.814  0.227  0.549  118.040
39.850  2.380  0.163  0.549  117.984
39.900  3.737  0.083  0.549  117.986
39.950  4.755  -0.001  0.549  118.044
40.000  5.340  -0.082  0.549  118.136
40.050  5.438  -0.155  0.549  118.230
40.100  5.033  -0.213  0.549  118.290
40.150  4.168  -0.248  0.549  118.295
40.200  2.932  -0.262  0.549  118.246
40.250  1.435  -0.256  0.549  118.157
40.300  -0.181  -0.234  0.549  118.055
40.350  -1.782  -0.191  0.549  117.972
40.400  -3.226  -0.125  0.549  117.937
40.450  -4.384  -0.045  0.549  117.965
40.500  -5.156  0.037  0.549  118.042
40.550  -5.462  0.120  0.549  118.141
40.600  -5.267  0.194  0.549  118.226
40.650  -4.583  0.249  0.547  118.259
40.700  -3.484  0.279  0.547  118.231
40.750  -2.070  0.284  0.547  118.150
40.800  -0.474  0.262  0.547  118.044
40.850  1.163  0.215  0.547  117.950
40.900  2.697  0.145  0.547  117.902
40.950  3.990  0.065  0.547  117.913
41.000  4.922  -0.017  0.547  117.976
41.050  5.400  -0.099  0.547  118.068
41.100  5.389  -0.171  0.547  118.156
41.150  4.881  -0.222  0.546  118.205
41.200  3.929  -0.252  0.546  118.199
41.250  2.622  -0.262  0.546  118.141
41.300  1.090  -0.255  0.546  118.049
41.350  -0.535  -0.227  0.546  117.951
41.400  -2.112  -0.176  0.546  117.880
41.450  -3.503  -0.107  0.546  117.863
41.500  -4.587  -0.030  0.546  117.905
41.550  -5.263  0.054  0.546  117.993
41.600  -5.463  0.138  0.546  118.099
41.650  -5.158  0.208  0.546  118.178
41.700  -4.377  0.258  0.546  118.204
41.750  -3.201  0.281  0.546  118.167
41.800  -1.736  0.281  0.546  118.083
41.850  -0.122  0.253  0.546  117.982
41.900  1.508  0.199  0.546  117.901
41.950  3.001  0.129  0.546  117.869
42.000  4.226  0.048  0.546  117.898
42.050  5.066  -0.036  0.546  117.976
42.100  5.439  -0.118  0.546  118.076
42.150  5.321  -0.184  0.546  118.164
42.200  4.712  -0.230  0.546  118.206
42.250  3.671  -0.256  0.546  118.192
42.300  2.307  -0.264  0.548  118.128
42.350  0.741  -0.252  0.548  118.035
42.400  -0.886  -0.217  0.548  117.944
42.450  -2.433  -0.162  0.548  117.886
42.500  -3.768  -0.094  0.548  117.884
42.550  -4.770  -0.012  0.548  117.943
42.600  -5.349  0.074  0.548  118.042
42.650  -5.440  0.156  0.548  118.147
42.700  -5.028  0.219  0.548  118.219
42.750  -4.152  0.264  0.548  118.233
42.800  -2.904  0.284  0.548  118.186
42.850  -1.397  0.277  0.548  118.097
42.900  0.235  0.242  0.548  117.999
42.950  1.845  0.186  0.548  117.928
43.000  3.294  0.113  0.548  117.911
43.050  4.443  0.028  0.548  117.955
43.100  5.190  -0.056  0.548  118.041
43.150  5.457  -0.134  0.548  118.143
43.200  5.232  -0.195  0.548  118.223
43.250  4.519  -0.238  0.548  118.254
43.300  3.402  -0.261  0.548  118.229
43.350  1.980  -0.264  0.548  118.157
43.400  0.391  -0.245  0.548  118.062
43.450  -1.231  -0.207  0.548  117.974
43.500  -2.744  -0.151  0.548  117.927
43.550  -4.016  -0.077  0.548  117.939
43.600  -4.934  0.008  0.548  118.009
43.650  -5.411  0.093  0.548  118.110
43.700  -5.393  0.170  0.548  118.210
43.750  -4.875  0.232  0.548  118.272
43.800  -3.910  0.271  0.548  118.272
43.850  -2.593  0.285  0.549  118.213
43.900  -1.047  0.270  0.549  118.117
43.950  0.588  0.233  0.549  118.021
44.000  2.177  0.172  0.549  117.959
44.050  3.570  0.095  0.549  117.955
44.100  4.643  0.008  0.549  118.009
44.150  5.287  -0.073  0.549  118.100
44.200  5.454  -0.147  0.549  118.199
44.250  5.116  -0.207  0.549  118.269
44.300  4.313  -0.245  0.549  118.286
44.350  3.117  -0.263  0.549  118.247
44.400  1.649  -0.260  0.549  118.167
44.450  0.040  -0.237  0.549  118.069
44.500  -1.569  -0.197  0.549  117.987
44.550  -3.044  -0.136  0.549  117.950
44.600  -4.247  -0.057  0.549  117.975
44.650  -5.076  0.027  0.549  118.052
44.700  -5.450  0.109  0.549  118.156
44.750  -5.323  0.184  0.549  118.251
44.800  -4.702  0.243  0.549  118.299
44.850  -3.653  0.276  0.549  118.285
44.900  -2.273  0.284  0.549  118.215
44.950  -0.696  0.266  0.549  118.116
45.000  0.943  0.222  0.549  118.024
45.050  2.498  0.156  0.549  117.973
45.100  3.835  0.074  0.549  117.982
45.150  4.819  -0.008  0.549  118.046
45.200  5.366  -0.089  0.549  118.141
45.250  5.422  -0.163  0.549  118.238
45.300  4.981  -0.218  0.549  118.298
45.350  4.084  -0.251  0.549  118.303
45.400  2.821  -0.263  0.549  118.254
45.450  1.311  -0.256  0.549  118.168
45.500  -0.311  -0.232  0.549  118.072
45.550  -1.904  -0.186  0.549  117.998
45.600  -3.329  -0.118  0.549  117.976
45.650  -4.461  -0.039  0.549  118.013
45.700  -5.198  0.043  0.549  118.099
45.750  -5.465  0.127  0.549  118.205
45.800  -5.229  0.199  0.549  118.292
45.850  -4.511  0.253  0.548  118.327
45.900  -3.379  0.280  0.548  118.300
45.950  -1.945  0.283  0.548  118.221
46.000  -0.342  0.259  0.548  118.121
46.050  1.291  0.208  0.548  118.036
46.100  2.812  0.138  0.548  117.997
46.150  4.078  0.058  0.548  118.018
46.200  4.980  -0.024  0.548  118.091
46.250  5.419  -0.108  0.548  118.190
46.300  5.372  -0.177  0.548  118.280
46.350  4.821  -0.226  0.547  118.329
46.400  3.839  -0.254  0.547  118.321
46.450  2.509  -0.263  0.547  118.262
46.500  0.964  -0.254  0.547  118.170
46.550  -0.663  -0.224  0.547  118.076
46.600  -2.229  -0.171  0.547  118.011
46.650  -3.603  -0.102  0.547  118.000
