0.000  -3.271  -0.147  0.564  113.219
0.050  -4.420  -0.069  0.564  113.241
0.100  -5.176  0.015  0.564  113.319
0.150  -5.464  0.101  0.564  113.426
0.200  -5.248  0.182  0.564  113.524
0.250  -4.546  0.244  0.563  113.571
0.300  -3.429  0.281  0.563  113.552
0.350  -2.004  0.292  0.563  113.473
0.400  -0.401  0.276  0.563  113.362
0.450  1.236  0.232  0.563  113.260
0.500  2.763  0.166  0.563  113.201
0.550  4.042  0.086  0.563  113.205
0.600  4.957  -0.000  0.563  113.270
0.650  5.412  -0.086  0.563  113.370
0.700  5.378  -0.164  0.563  113.469
0.750  4.844  -0.220  0.563  113.529
0.800  3.870  -0.255  0.563  113.528
0.850  2.548  -0.271  0.563  113.470
0.900  1.006  -0.268  0.563  113.372
0.950  -0.622  -0.244  0.563  113.264
1.000  -2.194  -0.196  0.563  113.182
1.050  -3.574  -0.130  0.563  113.152
1.100  -4.637  -0.052  0.563  113.187
1.150  -5.288  0.034  0.563  113.276
1.200  -5.458  0.122  0.563  113.384
1.250  -5.124  0.199  0.563  113.471
1.300  -4.316  0.255  0.563  113.503
1.350  -3.117  0.286  0.563  113.468
1.400  -1.638  0.292  0.563  113.378
1.450  -0.016  0.268  0.563  113.265
1.500  1.611  0.218  0.563  113.169
1.550  3.091  0.149  0.563  113.123
1.600  4.295  0.068  0.563  113.141
1.650  5.107  -0.021  0.563  113.218
1.700  5.450  -0.107  0.563  113.320
1.750  5.296  -0.178  0.563  113.412
1.800  4.652  -0.230  0.563  113.457
1.850  3.583  -0.261  0.563  113.442
1.900  2.199  -0.272  0.564  113.372
1.950  0.623  -0.264  0.564  113.268
2.000  -1.004  -0.233  0.564  113.163
2.050  -2.542  -0.182  0.564  113.090
2.100  -3.856  -0.115  0.564  113.075
2.150  -4.830  -0.031  0.564  113.128
2.200  -5.373  0.058  0.564  113.226
2.250  -5.425  0.143  0.564  113.334
2.300  -4.973  0.214  0.564  113.412
2.350  -4.065  0.265  0.564  113.430
2.400  -2.787  0.291  0.564  113.381
2.450  -1.264  0.289  0.564  113.283
2.500  0.372  0.258  0.564  113.173
2.550  1.972  0.206  0.564  113.087
2.600  3.406  0.132  0.564  113.058
2.650  4.524  0.045  0.564  113.097
2.700  5.233  -0.042  0.564  113.184
2.750  5.459  -0.123  0.564  113.288
2.800  5.187  -0.190  0.564  113.374
2.850  4.436  -0.240  0.564  113.409
2.900  3.284  -0.268  0.564  113.384
2.950  1.839  -0.272  0.564  113.306
3.000  0.239  -0.257  0.564  113.202
3.050  -1.379  -0.223  0.564  113.103
3.100  -2.877  -0.170  0.564  113.045
3.150  -4.121  -0.095  0.564  113.051
3.200  -5.000  -0.009  0.564  113.119
3.250  -5.431  0.077  0.564  113.223
3.300  -5.363  0.158  0.564  113.329
3.350  -4.798  0.226  0.564  113.396
3.400  -3.792  0.276  0.564  113.400
3.450  -2.445  0.294  0.566  113.339
3.500  -0.882  0.283  0.566  113.235
3.550  0.757  0.249  0.566  113.127
3.600  2.334  0.190  0.566  113.053
3.650  3.699  0.112  0.566  113.040
3.700  4.732  0.025  0.566  113.090
3.750  5.329  -0.060  0.566  113.184
3.800  5.442  -0.140  0.566  113.288
3.850  5.050  -0.205  0.566  113.363
3.900  4.198  -0.249  0.566  113.383
3.950  2.966  -0.268  0.566  113.340
4.000  1.474  -0.269  0.566  113.252
4.050  -0.144  -0.251  0.566  113.144
4.100  -1.747  -0.214  0.566  113.051
4.150  -3.197  -0.154  0.566  113.004
4.200  -4.364  -0.074  0.566  113.022
4.250  -5.145  0.011  0.566  113.097
4.300  -5.461  0.096  0.566  113.204
4.350  -5.275  0.178  0.566  113.304
4.400  -4.598  0.243  0.565  113.356
4.450  -3.502  0.281  0.565  113.341
4.500  -2.089  0.293  0.565  113.264
4.550  -0.497  0.279  0.565  113.153
4.600  1.141  0.238  0.565  113.048
4.650  2.678  0.173  0.565  112.985
4.700  3.978  0.092  0.565  112.985
4.750  4.913  0.006  0.565  113.046
4.800  5.399  -0.079  0.565  113.145
4.850  5.393  -0.158  0.565  113.246
4.900  4.889  -0.217  0.565  113.309
4.950  3.938  -0.253  0.565  113.312
5.000  2.634  -0.269  0.565  113.257
5.050  1.100  -0.267  0.565  113.161
5.100  -0.527  -0.246  0.565  113.054
5.150  -2.107  -0.199  0.565  112.970
5.200  -3.501  -0.133  0.565  112.939
5.250  -4.586  -0.056  0.565  112.972
5.300  -5.263  0.029  0.565  113.059
5.350  -5.463  0.118  0.565  113.170
5.400  -5.158  0.197  0.565  113.262
5.450  -4.375  0.254  0.563  113.300
5.500  -3.194  0.286  0.563  113.271
5.550  -1.727  0.292  0.563  113.185
5.600  -0.108  0.273  0.563  113.074
5.650  1.517  0.225  0.563  112.977
5.700  3.011  0.155  0.563  112.929
5.750  4.232  0.074  0.563  112.947
5.800  5.073  -0.014  0.563  113.023
5.850  5.441  -0.101  0.563  113.128
5.900  5.320  -0.174  0.563  113.224
5.950  4.700  -0.226  0.562  113.276
6.000  3.659  -0.258  0.562  113.268
6.050  2.287  -0.273  0.566  113.203
6.100  0.721  -0.265  0.566  113.104
6.150  -0.909  -0.235  0.566  113.001
6.200  -2.456  -0.185  0.566  112.928
6.250  -3.788  -0.119  0.566  112.912
6.300  -4.785  -0.037  0.566  112.964
6.350  -5.355  0.052  0.566  113.061
6.400  -5.436  0.139  0.566  113.172
6.450  -5.014  0.210  0.566  113.256
6.500  -4.129  0.263  0.566  113.281
6.550  -2.872  0.291  0.566  113.238
6.600  -1.354  0.292  0.566  113.144
6.650  0.278  0.263  0.566  113.034
6.700  1.889  0.210  0.566  112.947
6.750  3.327  0.139  0.566  112.914
6.800  4.470  0.053  0.566  112.949
6.850  5.202  -0.036  0.566  113.036
6.900  5.460  -0.119  0.566  113.143
6.950  5.215  -0.186  0.566  113.232
7.000  4.491  -0.236  0.565  113.272
7.050  3.358  -0.265  0.565  113.249
7.100  1.931  -0.273  0.565  113.174
7.150  0.335  -0.258  0.565  113.071
7.200  -1.286  -0.225  0.565  112.971
7.250  -2.795  -0.173  0.565  112.909
7.300  -4.057  -0.100  0.565  112.910
7.350  -4.960  -0.014  0.565  112.976
7.400  -5.419  0.074  0.565  113.080
7.450  -5.381  0.156  0.565  113.187
7.500  -4.843  0.225  0.565  113.259
7.550  -3.863  0.273  0.565  113.266
7.600  -2.531  0.294  0.566  113.207
7.650  -0.978  0.285  0.566  113.105
7.700  0.665  0.253  0.566  112.997
7.750  2.247  0.196  0.566  112.920
7.800  3.629  0.118  0.566  112.904
7.850  4.683  0.029  0.566  112.953
7.900  5.308  -0.055  0.566  113.046
7.950  5.446  -0.135  0.566  113.153
8.000  5.086  -0.202  0.566  113.234
8.050  4.256  -0.247  0.566  113.260
8.100  3.045  -0.269  0.566  113.224
8.150  1.563  -0.270  0.566  113.141
8.200  -0.050  -0.253  0.566  113.036
8.250  -1.658  -0.218  0.566  112.943
8.300  -3.120  -0.159  0.566  112.895
8.350  -4.305  -0.079  0.566  112.914
8.400  -5.111  0.006  0.566  112.990
8.450  -5.456  0.092  0.566  113.100
8.500  -5.298  0.174  0.566  113.206
8.550  -4.648  0.240  0.566  113.266
8.600  -3.576  0.281  0.566  113.259
8.650  -2.181  0.294  0.567  113.189
8.700  -0.594  0.281  0.567  113.084
8.750  1.046  0.243  0.567  112.980
8.800  2.596  0.178  0.567  112.919
8.850  3.910  0.097  0.567  112.921
8.900  4.873  0.012  0.567  112.983
8.950  5.383  -0.074  0.567  113.084
9.000  5.408  -0.154  0.567  113.190
9.050  4.930  -0.214  0.567  113.259
9.100  4.003  -0.253  0.567  113.269
9.150  2.715  -0.269  0.567  113.220
9.200  1.191  -0.267  0.567  113.128
9.250  -0.435  -0.248  0.567  113.023
9.300  -2.020  -0.204  0.567  112.938
9.350  -3.428  -0.138  0.567  112.904
9.400  -4.533  -0.061  0.567  112.935
9.450  -5.236  0.024  0.567  113.021
9.500  -5.465  0.113  0.567  113.132
9.550  -5.188  0.193  0.567  113.228
9.600  -4.430  0.253  0.564  113.271
9.650  -3.271  0.285  0.564  113.245
9.700  -1.816  0.294  0.564  113.162
9.750  -0.206  0.277  0.564  113.051
9.800  1.426  0.229  0.564  112.952
9.850  2.929  0.160  0.564  112.901
9.900  4.174  0.079  0.564  112.914
9.950  5.036  -0.009  0.564  112.987
10.000  5.437  -0.095  0.564  113.091
10.050  5.339  -0.170  0.564  113.188
10.100  4.751  -0.225  0.564  113.242
10.150  3.729  -0.258  0.564  113.236
10.200  2.375  -0.272  0.566  113.174
10.250  0.814  -0.267  0.566  113.075
10.300  -0.815  -0.239  0.566  112.970
10.350  -2.371  -0.190  0.566  112.892
10.400  -3.719  -0.124  0.566  112.871
10.450  -4.738  -0.042  0.566  112.917
10.500  -5.334  0.046  0.566  113.012
10.550  -5.446  0.134  0.566  113.122
10.600  -5.052  0.207  0.566  113.206
10.650  -4.192  0.260  0.566  113.232
10.700  -2.950  0.290  0.566  113.191
10.750  -1.447  0.294  0.566  113.099
10.800  0.183  0.266  0.566  112.987
10.850  1.795  0.214  0.566  112.896
10.900  3.253  0.144  0.566  112.858
10.950  4.413  0.059  0.566  112.888
11.000  5.175  -0.031  0.566  112.970
11.050  5.457  -0.114  0.566  113.074
11.100  5.245  -0.183  0.566  113.163
11.150  4.545  -0.234  0.566  113.203
11.200  3.438  -0.264  0.566  113.182
11.250  2.021  -0.273  0.566  113.107
11.300  0.433  -0.261  0.566  113.002
11.350  -1.193  -0.228  0.566  112.899
11.400  -2.712  -0.177  0.566  112.832
11.450  -3.992  -0.107  0.566  112.825
11.500  -4.919  -0.021  0.566  112.885
11.550  -5.406  0.069  0.566  112.985
11.600  -5.397  0.153  0.566  113.092
11.650  -4.889  0.221  0.566  113.164
11.700  -3.930  0.271  0.566  113.173
11.750  -2.616  0.295  0.567  113.117
11.800  -1.068  0.289  0.567  113.015
11.850  0.570  0.256  0.567  112.904
11.900  2.159  0.200  0.567  112.823
11.950  3.555  0.124  0.567  112.801
12.000  4.633  0.035  0.567  112.847
12.050  5.283  -0.051  0.567  112.937
12.100  5.453  -0.131  0.567  113.043
12.150  5.118  -0.197  0.567  113.126
12.200  4.318  -0.245  0.567  113.154
12.250  3.124  -0.269  0.567  113.122
12.300  1.657  -0.271  0.567  113.040
12.350  0.045  -0.254  0.567  112.936
12.400  -1.566  -0.221  0.567  112.840
12.450  -3.041  -0.163  0.567  112.790
12.500  -4.246  -0.085  0.567  112.804
12.550  -5.077  0.001  0.567  112.878
12.600  -5.449  0.087  0.567  112.988
12.650  -5.322  0.169  0.567  113.094
12.700  -4.700  0.236  0.567  113.158
12.750  -3.650  0.280  0.567  113.155
12.800  -2.269  0.294  0.567  113.089
12.850  -0.688  0.283  0.567  112.985
12.900  0.955  0.246  0.567  112.881
12.950  2.510  0.184  0.567  112.816
13.000  3.844  0.102  0.567  112.814
13.050  4.826  0.016  0.567  112.874
13.100  5.368  -0.069  0.567  112.974
13.150  5.418  -0.149  0.567  113.080
13.200  4.971  -0.212  0.567  113.153
13.250  4.067  -0.252  0.567  113.168
13.300  2.798  -0.269  0.567  113.122
13.350  1.283  -0.269  0.567  113.032
13.400  -0.340  -0.250  0.567  112.927
13.450  -1.931  -0.209  0.567  112.839
13.500  -3.353  -0.145  0.567  112.802
13.550  -4.479  -0.065  0.567  112.831
13.600  -5.208  0.019  0.567  112.914
13.650  -5.465  0.108  0.567  113.026
13.700  -5.218  0.187  0.567  113.124
13.750  -4.487  0.249  0.566  113.171
13.800  -3.349  0.283  0.566  113.149
13.850  -1.910  0.295  0.566  113.069
13.900  -0.301  0.279  0.566  112.959
13.950  1.332  0.234  0.566  112.859
14.000  2.851  0.164  0.566  112.804
14.050  4.108  0.084  0.566  112.814
14.100  4.999  -0.002  0.566  112.883
14.150  5.423  -0.090  0.566  112.987
14.200  5.359  -0.166  0.566  113.087
14.250  4.794  -0.223  0.566  113.145
14.300  3.798  -0.256  0.566  113.143
14.350  2.455  -0.272  0.567  113.083
14.400  0.905  -0.268  0.567  112.985
14.450  -0.724  -0.242  0.567  112.878
14.500  -2.286  -0.193  0.567  112.799
14.550  -3.650  -0.126  0.567  112.774
14.600  -4.689  -0.048  0.567  112.815
14.650  -5.312  0.040  0.567  112.909
14.700  -5.452  0.129  0.567  113.020
14.750  -5.087  0.205  0.567  113.107
14.800  -4.252  0.259  0.567  113.137
14.850  -3.032  0.290  0.567  113.100
14.900  -1.542  0.294  0.567  113.009
14.950  0.084  0.269  0.567  112.898
15.000  1.706  0.217  0.567  112.806
15.050  3.175  0.148  0.567  112.765
15.100  4.357  0.064  0.567  112.790
15.150  5.142  -0.025  0.567  112.872
15.200  5.455  -0.111  0.567  112.979
15.250  5.269  -0.181  0.567  113.071
15.300  4.598  -0.232  0.567  113.117
15.350  3.507  -0.263  0.567  113.102
15.400  2.106  -0.274  0.569  113.032
15.450  0.523  -0.264  0.569  112.931
15.500  -1.102  -0.232  0.569  112.829
15.550  -2.632  -0.180  0.569  112.762
15.600  -3.928  -0.112  0.569  112.755
15.650  -4.877  -0.026  0.569  112.815
15.700  -5.391  0.062  0.569  112.917
15.750  -5.412  0.147  0.569  113.027
15.800  -4.929  0.218  0.569  113.106
15.850  -3.995  0.269  0.569  113.124
15.900  -2.698  0.295  0.569  113.075
15.950  -1.165  0.290  0.569  112.979
16.000  0.473  0.258  0.569  112.871
16.050  2.069  0.204  0.569  112.790
16.100  3.483  0.129  0.569  112.769
16.150  4.581  0.041  0.569  112.814
16.200  5.260  -0.047  0.569  112.907
16.250  5.456  -0.128  0.569  113.016
16.300  5.155  -0.194  0.569  113.103
16.350  4.375  -0.242  0.569  113.137
16.400  3.203  -0.268  0.569  113.110
16.450  1.746  -0.272  0.569  113.032
16.500  0.141  -0.257  0.569  112.930
16.550  -1.476  -0.222  0.569  112.835
16.600  -2.962  -0.168  0.569  112.781
16.650  -4.186  -0.091  0.569  112.793
16.700  -5.040  -0.004  0.569  112.867
16.750  -5.442  0.083  0.569  112.974
16.800  -5.343  0.164  0.569  113.082
16.850  -4.748  0.233  0.569  113.149
16.900  -3.718  0.278  0.569  113.151
16.950  -2.354  0.296  0.570  113.087
17.000  -0.781  0.284  0.570  112.984
17.050  0.858  0.250  0.570  112.878
17.100  2.425  0.188  0.570  112.809
17.150  3.774  0.108  0.570  112.803
17.200  4.783  0.021  0.570  112.859
17.250  5.350  -0.063  0.570  112.956
17.300  5.433  -0.145  0.570  113.063
17.350  5.012  -0.209  0.570  113.138
17.400  4.134  -0.251  0.570  113.156
17.450  2.882  -0.269  0.570  113.112
17.500  1.379  -0.270  0.570  113.024
17.550  -0.244  -0.252  0.570  112.918
17.600  -1.840  -0.213  0.570  112.827
17.650  -3.277  -0.148  0.570  112.787
17.700  -4.424  -0.070  0.570  112.811
17.750  -5.178  0.015  0.570  112.891
17.800  -5.464  0.102  0.570  113.002
17.850  -5.247  0.184  0.570  113.103
17.900  -4.542  0.246  0.567  113.154
17.950  -3.423  0.283  0.567  113.136
18.000  -1.995  0.295  0.567  113.058
18.050  -0.395  0.281  0.567  112.949
18.100  1.241  0.236  0.567  112.848
18.150  2.766  0.169  0.567  112.792
18.200  4.047  0.088  0.567  112.798
18.250  4.958  0.003  0.567  112.865
18.300  5.415  -0.086  0.567  112.968
18.350  5.376  -0.163  0.567  113.070
18.400  4.842  -0.222  0.567  113.132
18.450  3.865  -0.255  0.567  113.134
18.500  2.545  -0.272  0.567  113.078
18.550  1.001  -0.268  0.567  112.982
18.600  -0.626  -0.246  0.567  112.876
18.650  -2.199  -0.197  0.567  112.796
18.700  -3.577  -0.131  0.567  112.770
18.750  -4.640  -0.051  0.567  112.809
18.800  -5.289  0.035  0.567  112.902
18.850  -5.459  0.125  0.567  113.015
18.900  -5.122  0.201  0.567  113.107
18.950  -4.314  0.258  0.567  113.144
19.000  -3.112  0.288  0.567  113.112
19.050  -1.631  0.296  0.568  113.026
19.100  -0.007  0.272  0.568  112.916
19.150  1.615  0.221  0.568  112.824
19.200  3.096  0.152  0.568  112.782
19.250  4.296  0.070  0.568  112.807
19.300  5.110  -0.020  0.568  112.888
19.350  5.448  -0.106  0.568  112.997
19.400  5.295  -0.178  0.568  113.094
19.450  4.647  -0.230  0.568  113.145
19.500  3.581  -0.262  0.568  113.135
19.550  2.194  -0.274  0.570  113.071
19.600  0.619  -0.265  0.570  112.973
19.650  -1.008  -0.234  0.570  112.872
19.700  -2.546  -0.184  0.570  112.804
19.750  -3.861  -0.115  0.570  112.795
19.800  -4.833  -0.033  0.570  112.851
19.850  -5.374  0.058  0.570  112.954
19.900  -5.425  0.143  0.570  113.066
19.950  -4.972  0.214  0.570  113.147
20.000  -4.061  0.266  0.570  113.169
20.050  -2.784  0.295  0.570  113.123
20.100  -1.257  0.292  0.570  113.028
20.150  0.379  0.261  0.570  112.919
20.200  1.983  0.208  0.570  112.835
20.250  3.408  0.135  0.570  112.808
20.300  4.527  0.046  0.570  112.847
20.350  5.231  -0.041  0.570  112.936
20.400  5.460  -0.123  0.570  113.042
20.450  5.183  -0.190  0.570  113.129
20.500  4.432  -0.241  0.570  113.165
20.550  3.276  -0.267  0.570  113.138
20.600  1.834  -0.274  0.570  113.060
20.650  0.231  -0.257  0.570  112.955
20.700  -1.385  -0.225  0.570  112.855
20.750  -2.881  -0.171  0.570  112.795
20.800  -4.123  -0.097  0.570  112.800
20.850  -5.002  -0.009  0.570  112.867
20.900  -5.431  0.078  0.570  112.971
20.950  -5.363  0.162  0.570  113.078
21.000  -4.795  0.229  0.570  113.145
21.050  -3.789  0.277  0.570  113.148
21.100  -2.441  0.295  0.570  113.085
21.150  -0.879  0.286  0.570  112.981
21.200  0.764  0.251  0.570  112.873
21.250  2.338  0.192  0.570  112.800
21.300  3.705  0.112  0.570  112.788
21.350  4.733  0.025  0.570  112.840
21.400  5.330  -0.060  0.570  112.935
21.450  5.438  -0.140  0.570  113.043
21.500  5.047  -0.208  0.570  113.123
21.550  4.193  -0.250  0.569  113.145
21.600  2.959  -0.270  0.569  113.105
21.650  1.465  -0.270  0.569  113.020
21.700  -0.151  -0.255  0.569  112.916
21.750  -1.754  -0.215  0.569  112.826
21.800  -3.202  -0.155  0.569  112.785
21.850  -4.367  -0.075  0.569  112.808
21.900  -5.146  0.010  0.569  112.890
21.950  -5.461  0.098  0.569  113.003
22.000  -5.272  0.179  0.569  113.109
22.050  -4.594  0.244  0.569  113.167
22.100  -3.497  0.284  0.569  113.157
22.150  -2.086  0.296  0.570  113.087
22.200  -0.493  0.282  0.570  112.983
22.250  1.145  0.241  0.570  112.884
22.300  2.685  0.174  0.570  112.828
22.350  3.980  0.094  0.570  112.835
22.400  4.917  0.007  0.570  112.902
22.450  5.399  -0.080  0.570  113.008
22.500  5.393  -0.160  0.570  113.116
22.550  4.883  -0.219  0.570  113.184
22.600  3.935  -0.256  0.570  113.193
22.650  2.627  -0.271  0.570  113.142
22.700  1.092  -0.271  0.570  113.050
22.750  -0.535  -0.248  0.570  112.946
22.800  -2.113  -0.202  0.570  112.864
22.850  -3.506  -0.135  0.570  112.836
22.900  -4.589  -0.057  0.570  112.871
22.950  -5.264  0.029  0.570  112.959
23.000  -5.462  0.118  0.570  113.072
23.050  -5.156  0.196  0.570  113.165
23.100  -4.371  0.254  0.567  113.203
23.150  -3.188  0.287  0.567  113.173
23.200  -1.721  0.295  0.567  113.086
23.250  -0.106  0.275  0.567  112.974
23.300  1.522  0.224  0.567  112.877
23.350  3.015  0.157  0.567  112.827
23.400  4.238  0.074  0.567  112.843
23.450  5.075  -0.014  0.567  112.916
23.500  5.443  -0.102  0.567  113.019
23.550  5.317  -0.174  0.567  113.112
23.600  4.700  -0.228  0.567  113.160
23.650  3.654  -0.259  0.567  113.147
23.700  2.284  -0.274  0.571  113.079
23.750  0.715  -0.266  0.571  112.976
23.800  -0.913  -0.238  0.571  112.868
23.850  -2.461  -0.187  0.571  112.791
23.900  -3.792  -0.121  0.571  112.771
23.950  -4.788  -0.038  0.571  112.818
24.000  -5.356  0.052  0.571  112.913
24.050  -5.435  0.139  0.571  113.021
24.100  -5.012  0.211  0.571  113.100
24.150  -4.126  0.264  0.571  113.120
24.200  -2.864  0.293  0.571  113.075
24.250  -1.348  0.294  0.571  112.979
24.300  0.285  0.263  0.571  112.867
24.350  1.892  0.212  0.571  112.778
24.400  3.333  0.140  0.571  112.744
24.450  4.472  0.053  0.571  112.777
24.500  5.206  -0.037  0.571  112.863
24.550  5.458  -0.118  0.571  112.967
24.600  5.216  -0.187  0.571  113.056
24.650  4.488  -0.236  0.569  113.094
24.700  3.357  -0.268  0.569  113.071
24.750  1.927  -0.273  0.569  112.996
24.800  0.333  -0.261  0.569  112.893
24.850  -1.291  -0.228  0.569  112.793
24.900  -2.799  -0.175  0.569  112.732
24.950  -4.061  -0.102  0.569  112.733
25.000  -4.963  -0.016  0.569  112.798
25.050  -5.420  0.073  0.569  112.902
25.100  -5.380  0.157  0.569  113.011
25.150  -4.841  0.226  0.569  113.082
25.200  -3.859  0.275  0.569  113.090
25.250  -2.527  0.296  0.571  113.032
25.300  -0.969  0.288  0.571  112.931
25.350  0.672  0.254  0.571  112.822
25.400  2.253  0.197  0.571  112.746
25.450  3.632  0.119  0.571  112.730
25.500  4.687  0.031  0.571  112.779
25.550  5.307  -0.054  0.571  112.873
25.600  5.448  -0.135  0.571  112.979
25.650  5.083  -0.202  0.571  113.059
25.700  4.254  -0.249  0.571  113.083
25.750  3.039  -0.271  0.571  113.046
25.800  1.559  -0.271  0.571  112.961
25.850  -0.055  -0.256  0.571  112.854
25.900  -1.662  -0.219  0.571  112.760
25.950  -3.123  -0.160  0.571  112.710
26.000  -4.309  -0.082  0.571  112.726
26.050  -5.113  0.006  0.571  112.801
26.100  -5.456  0.093  0.571  112.910
26.150  -5.297  0.174  0.571  113.013
26.200  -4.646  0.239  0.569  113.070
26.250  -3.572  0.282  0.569  113.060
26.300  -2.176  0.295  0.569  112.988
26.350  -0.587  0.283  0.569  112.880
26.400  1.055  0.243  0.569  112.775
26.450  2.599  0.179  0.569  112.711
26.500  3.916  0.097  0.569  112.710
26.550  4.873  0.012  0.569  112.769
26.600  5.385  -0.075  0.569  112.869
26.650  5.404  -0.154  0.569  112.973
26.700  4.928  -0.217  0.569  113.041
26.750  3.996  -0.253  0.569  113.050
26.800  2.710  -0.272  0.569  113.000
26.850  1.183  -0.269  0.569  112.908
26.900  -0.442  -0.251  0.569  112.801
26.950  -2.026  -0.206  0.569  112.716
27.000  -3.433  -0.140  0.569  112.683
27.050  -4.536  -0.061  0.569  112.715
27.100  -5.237  0.024  0.569  112.802
27.150  -5.465  0.114  0.569  112.917
27.200  -5.187  0.194  0.569  113.014
27.250  -4.427  0.253  0.568  113.058
27.300  -3.267  0.286  0.568  113.035
27.350  -1.814  0.296  0.568  112.954
27.400  -0.203  0.277  0.568  112.846
27.450  1.431  0.229  0.568  112.751
27.500  2.935  0.160  0.568  112.703
27.550  4.174  0.079  0.568  112.722
27.600  5.039  -0.009  0.568  112.799
27.650  5.434  -0.096  0.568  112.909
27.700  5.337  -0.171  0.568  113.010
27.750  4.745  -0.226  0.568  113.071
27.800  3.723  -0.259  0.568  113.070
27.850  2.368  -0.274  0.570  113.013
27.900  0.805  -0.268  0.570  112.919
27.950  -0.822  -0.241  0.570  112.820
28.000  -2.378  -0.191  0.570  112.749
28.050  -3.724  -0.124  0.570  112.734
28.100  -4.741  -0.044  0.570  112.785
28.150  -5.336  0.046  0.570  112.886
28.200  -5.445  0.135  0.570  113.004
28.250  -5.049  0.208  0.570  113.095
28.300  -4.188  0.262  0.570  113.127
28.350  -2.945  0.292  0.570  113.091
28.400  -1.442  0.295  0.570  113.003
28.450  0.186  0.266  0.570  112.896
28.500  1.800  0.215  0.570  112.811
28.550  3.257  0.145  0.570  112.777
28.600  4.416  0.059  0.570  112.811
28.650  5.177  -0.031  0.570  112.899
28.700  5.456  -0.115  0.570  113.007
28.750  5.243  -0.185  0.570  113.101
28.800  4.541  -0.235  0.570  113.145
28.850  3.432  -0.267  0.570  113.127
28.900  2.015  -0.275  0.571  113.055
28.950  0.426  -0.262  0.571  112.952
29.000  -1.200  -0.230  0.571  112.851
29.050  -2.717  -0.179  0.571  112.786
29.100  -3.997  -0.107  0.571  112.782
29.150  -4.922  -0.020  0.571  112.845
29.200  -5.407  0.069  0.571  112.948
29.250  -5.397  0.153  0.571  113.056
29.300  -4.886  0.223  0.571  113.129
29.350  -3.925  0.273  0.571  113.139
29.400  -2.610  0.297  0.572  113.084
29.450  -1.063  0.290  0.572  112.982
29.500  0.574  0.257  0.572  112.872
29.550  2.164  0.200  0.572  112.792
29.600  3.560  0.124  0.572  112.771
29.650  4.637  0.035  0.572  112.817
29.700  5.284  -0.051  0.572  112.907
29.750  5.453  -0.132  0.572  113.014
29.800  5.118  -0.200  0.572  113.097
29.850  4.315  -0.247  0.572  113.127
29.900  3.120  -0.271  0.572  113.093
29.950  1.653  -0.273  0.572  113.012
30.000  0.041  -0.256  0.572  112.907
30.050  -1.570  -0.221  0.572  112.812
30.100  -3.044  -0.164  0.572  112.763
30.150  -4.249  -0.086  0.572  112.778
30.200  -5.079  0.002  0.572  112.853
30.250  -5.449  0.088  0.572  112.962
30.300  -5.321  0.170  0.572  113.071
30.350  -4.697  0.238  0.572  113.135
30.400  -3.646  0.281  0.572  113.133
30.450  -2.261  0.297  0.572  113.068
