0.000  -4.850  -0.071  0.598  105.567
0.050  -5.381  0.021  0.598  105.670
0.100  -5.419  0.116  0.598  105.794
0.150  -4.954  0.197  0.598  105.894
0.200  -4.031  0.262  0.598  105.934
0.250  -2.741  0.302  0.598  105.901
0.300  -1.209  0.313  0.600  105.807
0.350  0.430  0.290  0.600  105.688
0.400  2.031  0.243  0.600  105.587
0.450  3.452  0.172  0.600  105.542
0.500  4.557  0.083  0.600  105.571
0.550  5.249  -0.011  0.600  105.662
0.600  5.458  -0.099  0.600  105.780
0.650  5.165  -0.178  0.600  105.884
0.700  4.394  -0.237  0.600  105.938
0.750  3.227  -0.275  0.600  105.923
0.800  1.773  -0.287  0.600  105.847
0.850  0.169  -0.279  0.600  105.737
0.900  -1.449  -0.253  0.600  105.627
0.950  -2.942  -0.206  0.600  105.552
1.000  -4.172  -0.134  0.600  105.543
1.050  -5.033  -0.046  0.600  105.606
1.100  -5.439  0.047  0.600  105.715
1.150  -5.346  0.136  0.600  105.834
1.200  -4.754  0.217  0.600  105.922
1.250  -3.729  0.276  0.599  105.943
1.300  -2.364  0.307  0.599  105.889
1.350  -0.789  0.308  0.599  105.783
1.400  0.855  0.283  0.599  105.663
1.450  2.423  0.226  0.599  105.573
1.500  3.772  0.150  0.599  105.547
1.550  4.781  0.058  0.599  105.593
1.600  5.348  -0.031  0.599  105.692
1.650  5.429  -0.121  0.599  105.811
1.700  5.007  -0.197  0.599  105.908
1.750  4.125  -0.250  0.599  105.943
1.800  2.869  -0.277  0.599  105.910
1.850  1.365  -0.286  0.599  105.823
1.900  -0.259  -0.275  0.599  105.711
1.950  -1.856  -0.245  0.599  105.607
2.000  -3.292  -0.188  0.599  105.549
2.050  -4.434  -0.111  0.599  105.560
2.100  -5.184  -0.023  0.599  105.635
2.150  -5.464  0.069  0.599  105.753
2.200  -5.238  0.160  0.599  105.871
2.250  -4.526  0.236  0.599  105.944
2.300  -3.402  0.286  0.599  105.944
2.350  -1.970  0.310  0.599  105.875
2.400  -0.365  0.306  0.599  105.762
2.450  1.274  0.270  0.599  105.647
2.500  2.798  0.207  0.599  105.572
2.550  4.072  0.127  0.599  105.563
2.600  4.974  0.038  0.599  105.624
2.650  5.418  -0.056  0.599  105.734
2.700  5.368  -0.145  0.599  105.852
2.750  4.819  -0.213  0.599  105.932
2.800  3.828  -0.257  0.597  105.949
2.850  2.499  -0.282  0.597  105.899
2.900  0.945  -0.286  0.597  105.801
2.950  -0.683  -0.270  0.597  105.686
3.000  -2.251  -0.230  0.597  105.590
3.050  -3.621  -0.170  0.597  105.546
3.100  -4.670  -0.090  0.597  105.572
3.150  -5.304  -0.000  0.597  105.662
3.200  -5.454  0.096  0.597  105.783
3.250  -5.098  0.182  0.597  105.891
3.300  -4.270  0.251  0.596  105.944
3.350  -3.053  0.293  0.596  105.923
3.400  -1.564  0.313  0.599  105.838
3.450  0.063  0.297  0.599  105.718
3.500  1.684  0.254  0.599  105.609
3.550  3.160  0.188  0.599  105.548
3.600  4.345  0.106  0.599  105.558
3.650  5.137  0.011  0.599  105.635
3.700  5.452  -0.083  0.599  105.751
3.750  5.273  -0.164  0.599  105.861
3.800  4.601  -0.225  0.599  105.927
3.850  3.513  -0.267  0.599  105.928
3.900  2.111  -0.287  0.599  105.864
3.950  0.526  -0.284  0.599  105.760
4.000  -1.102  -0.260  0.599  105.648
4.050  -2.631  -0.218  0.599  105.564
4.100  -3.928  -0.152  0.599  105.539
4.150  -4.879  -0.068  0.599  105.587
4.200  -5.391  0.026  0.599  105.692
4.250  -5.411  0.118  0.599  105.814
4.300  -4.926  0.200  0.599  105.912
4.350  -3.987  0.263  0.599  105.950
4.400  -2.687  0.304  0.599  105.914
4.450  -1.150  0.311  0.599  105.818
4.500  0.489  0.288  0.599  105.699
4.550  2.088  0.240  0.599  105.600
4.600  3.498  0.170  0.599  105.558
4.650  4.594  0.079  0.599  105.590
4.700  5.264  -0.014  0.599  105.683
4.750  5.457  -0.103  0.599  105.799
4.800  5.143  -0.180  0.599  105.903
4.850  4.358  -0.240  0.599  105.954
4.900  3.175  -0.275  0.599  105.936
4.950  1.713  -0.287  0.600  105.858
5.000  0.105  -0.279  0.600  105.748
5.050  -1.511  -0.253  0.600  105.638
5.100  -2.995  -0.204  0.600  105.564
5.150  -4.213  -0.131  0.600  105.557
5.200  -5.057  -0.041  0.600  105.621
5.250  -5.445  0.050  0.600  105.731
5.300  -5.333  0.141  0.600  105.850
5.350  -4.722  0.219  0.600  105.933
5.400  -3.680  0.278  0.600  105.949
5.450  -2.304  0.307  0.600  105.891
5.500  -0.727  0.308  0.600  105.782
5.550  0.915  0.281  0.600  105.661
5.600  2.477  0.225  0.600  105.571
5.650  3.818  0.144  0.600  105.547
5.700  4.811  0.055  0.600  105.593
5.750  5.363  -0.036  0.600  105.692
5.800  5.423  -0.125  0.600  105.810
5.850  4.984  -0.200  0.600  105.903
5.900  4.086  -0.250  0.598  105.933
5.950  2.818  -0.278  0.598  105.895
6.000  1.306  -0.285  0.598  105.806
6.050  -0.318  -0.275  0.598  105.691
6.100  -1.914  -0.243  0.598  105.588
6.150  -3.341  -0.185  0.598  105.531
6.200  -4.471  -0.108  0.598  105.543
6.250  -5.204  -0.020  0.598  105.621
6.300  -5.465  0.073  0.598  105.739
6.350  -5.221  0.164  0.598  105.856
6.400  -4.491  0.238  0.598  105.926
6.450  -3.351  0.287  0.598  105.924
6.500  -1.909  0.310  0.598  105.852
6.550  -0.299  0.305  0.598  105.739
6.600  1.335  0.269  0.598  105.626
6.650  2.853  0.204  0.598  105.554
6.700  4.113  0.124  0.598  105.550
6.750  5.001  0.034  0.598  105.614
6.800  5.425  -0.060  0.598  105.728
6.850  5.359  -0.147  0.598  105.846
6.900  4.790  -0.215  0.598  105.926
6.950  3.787  -0.259  0.597  105.942
7.000  2.444  -0.282  0.597  105.893
7.050  0.891  -0.287  0.597  105.796
7.100  -0.741  -0.269  0.597  105.684
7.150  -2.305  -0.228  0.597  105.592
7.200  -3.667  -0.167  0.597  105.552
7.250  -4.703  -0.088  0.597  105.584
7.300  -5.319  0.004  0.597  105.677
7.350  -5.450  0.099  0.597  105.802
7.400  -5.075  0.185  0.597  105.909
7.450  -4.231  0.252  0.597  105.962
7.500  -3.003  0.296  0.597  105.941
7.550  -1.504  0.313  0.599  105.855
7.600  0.127  0.298  0.599  105.736
7.650  1.749  0.252  0.599  105.629
7.700  3.209  0.188  0.599  105.570
7.750  4.385  0.102  0.599  105.583
7.800  5.158  0.008  0.599  105.664
7.850  5.457  -0.085  0.599  105.779
7.900  5.257  -0.165  0.599  105.888
7.950  4.567  -0.227  0.599  105.951
8.000  3.464  -0.268  0.599  105.947
8.050  2.054  -0.287  0.600  105.880
8.100  0.466  -0.283  0.600  105.774
8.150  -1.160  -0.259  0.600  105.660
8.200  -2.685  -0.215  0.600  105.576
8.250  -3.971  -0.150  0.600  105.550
8.300  -4.906  -0.064  0.600  105.599
8.350  -5.401  0.030  0.600  105.703
8.400  -5.401  0.122  0.600  105.822
8.450  -4.897  0.202  0.600  105.915
8.500  -3.944  0.267  0.600  105.947
8.550  -2.634  0.304  0.600  105.905
8.600  -1.089  0.311  0.600  105.804
8.650  0.554  0.287  0.600  105.682
8.700  2.148  0.239  0.600  105.582
8.750  3.548  0.167  0.600  105.539
8.800  4.626  0.076  0.600  105.572
8.850  5.282  -0.018  0.600  105.662
8.900  5.451  -0.105  0.600  105.777
8.950  5.123  -0.183  0.600  105.877
9.000  4.316  -0.241  0.600  105.924
9.050  3.123  -0.277  0.600  105.902
9.100  1.652  -0.286  0.600  105.821
9.150  0.040  -0.279  0.600  105.709
9.200  -1.573  -0.252  0.600  105.599
9.250  -3.048  -0.203  0.600  105.527
9.300  -4.252  -0.127  0.600  105.523
9.350  -5.080  -0.040  0.600  105.588
9.400  -5.450  0.053  0.600  105.698
9.450  -5.318  0.143  0.600  105.815
9.500  -4.690  0.222  0.600  105.897
9.550  -3.634  0.279  0.600  105.911
9.600  -2.250  0.309  0.600  105.851
9.650  -0.666  0.307  0.600  105.741
9.700  0.977  0.279  0.600  105.621
9.750  2.534  0.221  0.600  105.535
9.800  3.861  0.142  0.600  105.513
9.850  4.842  0.052  0.600  105.562
9.900  5.372  -0.039  0.600  105.662
9.950  5.417  -0.128  0.600  105.780
10.000  4.953  -0.202  0.600  105.870
10.050  4.041  -0.253  0.598  105.899
10.100  2.762  -0.278  0.598  105.859
10.150  1.243  -0.286  0.598  105.768
10.200  -0.384  -0.274  0.598  105.653
10.250  -1.974  -0.241  0.598  105.549
10.300  -3.391  -0.182  0.598  105.494
10.350  -4.506  -0.106  0.598  105.508
10.400  -5.222  -0.017  0.598  105.587
10.450  -5.465  0.076  0.598  105.705
10.500  -5.200  0.167  0.598  105.820
10.550  -4.454  0.239  0.597  105.885
10.600  -3.300  0.288  0.597  105.878
10.650  -1.850  0.310  0.597  105.803
10.700  -0.240  0.303  0.597  105.687
10.750  1.394  0.265  0.597  105.573
10.800  2.904  0.201  0.597  105.502
10.850  4.155  0.121  0.597  105.498
10.900  5.024  0.030  0.597  105.565
10.950  5.434  -0.065  0.597  105.678
11.000  5.342  -0.150  0.597  105.794
11.050  4.759  -0.217  0.597  105.871
11.100  3.740  -0.260  0.596  105.883
11.150  2.389  -0.284  0.596  105.830
11.200  0.826  -0.287  0.597  105.732
11.250  -0.804  -0.269  0.597  105.619
11.300  -2.363  -0.226  0.597  105.528
11.350  -3.713  -0.164  0.597  105.491
11.400  -4.734  -0.085  0.597  105.525
11.450  -5.333  0.007  0.597  105.622
11.500  -5.445  0.102  0.597  105.748
11.550  -5.051  0.187  0.597  105.854
11.600  -4.191  0.253  0.597  105.905
11.650  -2.947  0.296  0.597  105.883
11.700  -1.442  0.313  0.600  105.797
11.750  0.189  0.295  0.600  105.680
11.800  1.802  0.250  0.600  105.576
11.850  3.260  0.183  0.600  105.522
11.900  4.419  0.098  0.600  105.541
11.950  5.180  0.003  0.600  105.627
12.000  5.455  -0.088  0.600  105.745
12.050  5.238  -0.168  0.600  105.854
12.100  4.533  -0.230  0.600  105.918
12.150  3.419  -0.270  0.600  105.914
12.200  1.998  -0.286  0.600  105.848
12.250  0.406  -0.283  0.600  105.742
12.300  -1.221  -0.258  0.600  105.631
12.350  -2.738  -0.213  0.600  105.551
12.400  -4.013  -0.147  0.600  105.531
12.450  -4.934  -0.060  0.600  105.585
12.500  -5.410  0.034  0.600  105.692
12.550  -5.391  0.126  0.600  105.815
12.600  -4.870  0.205  0.600  105.909
12.650  -3.902  0.268  0.600  105.941
12.700  -2.578  0.305  0.600  105.899
12.750  -1.023  0.311  0.600  105.798
12.800  0.615  0.286  0.600  105.678
12.850  2.204  0.236  0.600  105.582
12.900  3.593  0.163  0.600  105.545
12.950  4.660  0.071  0.600  105.583
13.000  5.297  -0.020  0.600  105.676
13.050  5.450  -0.109  0.600  105.794
13.100  5.098  -0.186  0.600  105.895
13.150  4.280  -0.244  0.600  105.942
13.200  3.073  -0.277  0.600  105.919
13.250  1.596  -0.287  0.600  105.839
13.300  -0.020  -0.277  0.600  105.728
13.350  -1.629  -0.250  0.600  105.621
13.400  -3.096  -0.199  0.600  105.554
13.450  -4.290  -0.123  0.600  105.555
13.500  -5.103  -0.034  0.600  105.625
13.550  -5.455  0.057  0.600  105.739
13.600  -5.303  0.147  0.600  105.859
13.650  -4.657  0.226  0.600  105.943
13.700  -3.589  0.281  0.600  105.955
13.750  -2.192  0.308  0.600  105.896
13.800  -0.603  0.306  0.600  105.788
13.850  1.041  0.276  0.600  105.671
13.900  2.589  0.219  0.600  105.589
13.950  3.909  0.139  0.600  105.572
14.000  4.870  0.049  0.600  105.626
14.050  5.385  -0.042  0.600  105.731
14.100  5.406  -0.132  0.600  105.852
14.150  4.928  -0.206  0.600  105.944
14.200  3.995  -0.254  0.598  105.973
14.250  2.711  -0.280  0.598  105.934
14.300  1.182  -0.287  0.598  105.845
14.350  -0.445  -0.275  0.598  105.732
14.400  -2.030  -0.239  0.598  105.634
14.450  -3.438  -0.179  0.598  105.585
14.500  -4.542  -0.102  0.598  105.603
14.550  -5.242  -0.014  0.598  105.686
14.600  -5.464  0.079  0.598  105.806
14.650  -5.181  0.169  0.598  105.921
14.700  -4.417  0.242  0.598  105.986
14.750  -3.251  0.289  0.598  105.978
14.800  -1.794  0.310  0.598  105.902
14.850  -0.177  0.302  0.598  105.786
14.900  1.457  0.263  0.598  105.673
14.950  2.962  0.198  0.598  105.604
15.000  4.197  0.117  0.598  105.603
15.050  5.051  0.025  0.598  105.671
15.100  5.437  -0.069  0.598  105.785
15.150  5.332  -0.154  0.598  105.898
15.200  4.727  -0.219  0.598  105.972
15.250  3.695  -0.262  0.598  105.980
15.300  2.328  -0.285  0.598  105.923
15.350  0.764  -0.288  0.599  105.822
15.400  -0.868  -0.266  0.599  105.706
15.450  -2.419  -0.224  0.599  105.614
15.500  -3.759  -0.163  0.599  105.577
15.550  -4.766  -0.082  0.599  105.610
15.600  -5.346  0.012  0.599  105.707
15.650  -5.439  0.106  0.599  105.828
15.700  -5.026  0.190  0.599  105.929
15.750  -4.148  0.255  0.599  105.973
15.800  -2.895  0.299  0.599  105.945
15.850  -1.384  0.313  0.601  105.854
15.900  0.250  0.294  0.601  105.733
15.950  1.865  0.248  0.601  105.627
16.000  3.312  0.181  0.601  105.572
16.050  4.457  0.095  0.601  105.590
16.100  5.196  -0.000  0.601  105.674
16.150  5.457  -0.091  0.601  105.788
16.200  5.219  -0.171  0.601  105.894
16.250  4.499  -0.232  0.601  105.953
16.300  3.366  -0.270  0.601  105.944
16.350  1.937  -0.287  0.601  105.873
16.400  0.341  -0.282  0.601  105.764
16.450  -1.282  -0.257  0.601  105.652
16.500  -2.793  -0.212  0.601  105.570
16.550  -4.056  -0.144  0.601  105.551
16.600  -4.960  -0.056  0.601  105.607
16.650  -5.419  0.037  0.601  105.712
16.700  -5.380  0.128  0.601  105.832
16.750  -4.840  0.207  0.601  105.922
16.800  -3.855  0.270  0.601  105.949
16.850  -2.521  0.305  0.601  105.901
16.900  -0.965  0.310  0.601  105.798
16.950  0.678  0.284  0.601  105.677
17.000  2.261  0.234  0.601  105.581
17.050  3.641  0.158  0.601  105.545
17.100  4.692  0.068  0.601  105.583
17.150  5.312  -0.025  0.601  105.678
17.200  5.445  -0.113  0.601  105.795
17.250  5.076  -0.189  0.601  105.893
17.300  4.240  -0.246  0.601  105.936
17.350  3.021  -0.277  0.601  105.908
17.400  1.536  -0.286  0.601  105.824
17.450  -0.081  -0.277  0.601  105.711
17.500  -1.690  -0.250  0.601  105.604
17.550  -3.149  -0.197  0.601  105.537
17.600  -4.328  -0.120  0.601  105.540
17.650  -5.125  -0.033  0.601  105.610
17.700  -5.458  0.060  0.601  105.723
17.750  -5.288  0.149  0.601  105.842
17.800  -4.625  0.228  0.601  105.922
17.850  -3.538  0.282  0.600  105.931
17.900  -2.132  0.308  0.600  105.868
17.950  -0.539  0.306  0.600  105.758
18.000  1.099  0.275  0.600  105.642
18.050  2.644  0.216  0.600  105.561
18.100  3.949  0.135  0.600  105.547
18.150  4.898  0.046  0.600  105.603
18.200  5.393  -0.046  0.600  105.709
18.250  5.399  -0.136  0.600  105.829
18.300  4.900  -0.207  0.600  105.918
18.350  3.957  -0.256  0.598  105.943
18.400  2.657  -0.281  0.598  105.902
18.450  1.123  -0.287  0.598  105.810
18.500  -0.506  -0.274  0.598  105.697
18.550  -2.087  -0.238  0.598  105.600
18.600  -3.486  -0.177  0.598  105.551
18.650  -4.576  -0.100  0.598  105.571
18.700  -5.259  -0.011  0.598  105.656
18.750  -5.463  0.083  0.598  105.778
18.800  -5.161  0.173  0.598  105.890
18.850  -4.381  0.243  0.597  105.951
18.900  -3.200  0.289  0.597  105.939
18.950  -1.731  0.310  0.597  105.860
19.000  -0.112  0.301  0.597  105.742
19.050  1.516  0.259  0.597  105.630
19.100  3.010  0.195  0.597  105.563
19.150  4.235  0.114  0.597  105.563
19.200  5.070  0.022  0.597  105.634
19.250  5.445  -0.073  0.597  105.748
19.300  5.315  -0.156  0.597  105.860
19.350  4.696  -0.221  0.597  105.931
19.400  3.647  -0.263  0.597  105.935
19.450  2.275  -0.285  0.597  105.876
19.500  0.704  -0.287  0.597  105.773
19.550  -0.926  -0.265  0.597  105.658
19.600  -2.474  -0.222  0.597  105.568
19.650  -3.803  -0.161  0.597  105.533
19.700  -4.796  -0.078  0.597  105.570
19.750  -5.359  0.015  0.597  105.669
19.800  -5.432  0.109  0.597  105.790
19.850  -5.001  0.192  0.597  105.892
19.900  -4.109  0.257  0.597  105.935
19.950  -2.842  0.299  0.597  105.905
20.000  -1.321  0.312  0.599  105.814
20.050  0.317  0.293  0.599  105.694
20.100  1.923  0.246  0.599  105.591
20.150  3.361  0.177  0.599  105.541
20.200  4.493  0.091  0.599  105.564
20.250  5.217  -0.004  0.599  105.652
20.300  5.458  -0.095  0.599  105.769
20.350  5.201  -0.174  0.599  105.876
20.400  4.460  -0.235  0.599  105.935
20.450  3.318  -0.273  0.599  105.926
20.500  1.879  -0.288  0.600  105.856
20.550  0.280  -0.282  0.600  105.749
20.600  -1.343  -0.257  0.600  105.639
20.650  -2.845  -0.211  0.600  105.561
20.700  -4.098  -0.142  0.600  105.548
20.750  -4.987  -0.054  0.600  105.607
20.800  -5.427  0.039  0.600  105.714
20.850  -5.369  0.130  0.600  105.835
20.900  -4.811  0.211  0.600  105.926
20.950  -3.811  0.272  0.600  105.953
21.000  -2.467  0.307  0.600  105.904
21.050  -0.902  0.309  0.600  105.800
21.100  0.740  0.284  0.600  105.680
21.150  2.319  0.232  0.600  105.586
21.200  3.689  0.155  0.600  105.553
21.250  4.726  0.065  0.600  105.593
21.300  5.325  -0.026  0.600  105.687
21.350  5.442  -0.115  0.600  105.802
21.400  5.051  -0.192  0.600  105.898
21.450  4.199  -0.247  0.600  105.935
21.500  2.967  -0.278  0.600  105.904
21.550  1.473  -0.285  0.600  105.815
21.600  -0.147  -0.276  0.600  105.699
21.650  -1.750  -0.248  0.600  105.589
21.700  -3.201  -0.194  0.600  105.522
21.750  -4.367  -0.117  0.600  105.524
21.800  -5.146  -0.029  0.600  105.593
21.850  -5.460  0.061  0.600  105.702
21.900  -5.270  0.153  0.600  105.815
21.950  -4.589  0.230  0.600  105.888
22.000  -3.490  0.284  0.600  105.889
22.050  -2.074  0.308  0.600  105.819
22.100  -0.481  0.306  0.600  105.703
22.150  1.161  0.274  0.600  105.582
22.200  2.698  0.213  0.600  105.499
22.250  3.997  0.132  0.600  105.481
22.300  4.926  0.043  0.600  105.534
22.350  5.404  -0.050  0.600  105.637
22.400  5.387  -0.138  0.600  105.752
22.450  4.873  -0.209  0.600  105.834
22.500  3.912  -0.255  0.597  105.852
22.550  2.602  -0.281  0.597  105.805
22.600  1.060  -0.286  0.597  105.708
22.650  -0.568  -0.273  0.597  105.592
22.700  -2.145  -0.234  0.597  105.493
22.750  -3.535  -0.174  0.597  105.444
22.800  -4.610  -0.096  0.597  105.465
22.850  -5.275  -0.007  0.597  105.551
22.900  -5.461  0.088  0.597  105.671
22.950  -5.139  0.177  0.597  105.783
23.000  -4.341  0.247  0.595  105.842
23.050  -3.146  0.292  0.595  105.828
23.100  -1.670  0.312  0.598  105.748
23.150  -0.052  0.301  0.598  105.631
23.200  1.576  0.258  0.598  105.521
23.250  3.064  0.195  0.598  105.458
23.300  4.276  0.112  0.598  105.464
23.350  5.097  0.019  0.598  105.539
23.400  5.445  -0.077  0.598  105.658
23.450  5.301  -0.158  0.598  105.772
23.500  4.665  -0.222  0.598  105.844
23.550  3.603  -0.264  0.598  105.851
23.600  2.219  -0.286  0.599  105.794
23.650  0.642  -0.285  0.599  105.693
23.700  -0.986  -0.263  0.599  105.583
23.750  -2.528  -0.220  0.599  105.499
23.800  -3.848  -0.158  0.599  105.470
23.850  -4.826  -0.075  0.599  105.515
23.900  -5.371  0.019  0.599  105.619
23.950  -5.426  0.114  0.599  105.747
24.000  -4.976  0.195  0.599  105.850
24.050  -4.066  0.260  0.599  105.894
24.100  -2.785  0.301  0.599  105.864
24.150  -1.259  0.313  0.600  105.773
24.200  0.376  0.291  0.600  105.655
24.250  1.984  0.244  0.600  105.555
24.300  3.409  0.175  0.600  105.510
24.350  4.529  0.087  0.600  105.538
24.400  5.234  -0.008  0.600  105.629
24.450  5.458  -0.097  0.600  105.748
24.500  5.182  -0.176  0.600  105.856
24.550  4.427  -0.236  0.600  105.914
24.600  3.270  -0.275  0.600  105.904
24.650  1.823  -0.287  0.600  105.832
24.700  0.219  -0.281  0.600  105.726
24.750  -1.400  -0.255  0.600  105.617
24.800  -2.898  -0.209  0.600  105.542
24.850  -4.139  -0.137  0.600  105.533
24.900  -5.012  -0.049  0.600  105.596
24.950  -5.433  0.044  0.600  105.706
25.000  -5.357  0.134  0.600  105.827
25.050  -4.780  0.214  0.600  105.919
25.100  -3.766  0.274  0.600  105.943
25.150  -2.411  0.307  0.600  105.893
25.200  -0.840  0.308  0.600  105.789
25.250  0.804  0.281  0.600  105.670
25.300  2.375  0.228  0.600  105.579
25.350  3.734  0.151  0.600  105.552
25.400  4.755  0.060  0.600  105.598
25.450  5.339  -0.030  0.600  105.696
25.500  5.435  -0.119  0.600  105.816
25.550  5.027  -0.194  0.600  105.913
25.600  4.159  -0.250  0.600  105.953
25.650  2.915  -0.278  0.600  105.922
25.700  1.414  -0.287  0.600  105.838
25.750  -0.206  -0.276  0.600  105.726
25.800  -1.807  -0.247  0.600  105.621
25.850  -3.250  -0.191  0.600  105.562
25.900  -4.405  -0.114  0.600  105.571
25.950  -5.168  -0.026  0.600  105.647
26.000  -5.463  0.066  0.600  105.763
26.050  -5.253  0.157  0.600  105.882
26.100  -4.555  0.232  0.600  105.958
26.150  -3.443  0.285  0.600  105.961
26.200  -2.019  0.308  0.600  105.894
26.250  -0.416  0.305  0.600  105.782
26.300  1.225  0.272  0.600  105.667
26.350  2.753  0.210  0.600  105.591
26.400  4.035  0.128  0.600  105.582
26.450  4.952  0.040  0.600  105.642
26.500  5.411  -0.054  0.600  105.751
26.550  5.377  -0.141  0.600  105.870
26.600  4.844  -0.212  0.600  105.953
26.650  3.867  -0.257  0.595  105.972
26.700  2.542  -0.281  0.595  105.924
26.750  0.999  -0.286  0.595  105.828
26.800  -0.631  -0.272  0.595  105.714
26.850  -2.203  -0.232  0.595  105.617
26.900  -3.582  -0.171  0.595  105.572
26.950  -4.643  -0.094  0.595  105.595
27.000  -5.291  -0.004  0.595  105.683
27.050  -5.457  0.092  0.595  105.804
27.100  -5.117  0.179  0.595  105.913
27.150  -4.302  0.249  0.595  105.967
27.200  -3.098  0.292  0.595  105.949
27.250  -1.616  0.313  0.599  105.865
27.300  0.010  0.299  0.599  105.745
27.350  1.637  0.256  0.599  105.634
27.400  3.118  0.190  0.599  105.569
27.450  4.313  0.109  0.599  105.575
27.500  5.120  0.014  0.599  105.649
27.550  5.451  -0.080  0.599  105.763
27.600  5.287  -0.162  0.599  105.872
27.650  4.629  -0.224  0.599  105.938
27.700  3.552  -0.266  0.599  105.937
27.750  2.158  -0.286  0.599  105.873
27.800  0.578  -0.286  0.599  105.767
27.850  -1.050  -0.262  0.599  105.652
27.900  -2.586  -0.218  0.599  105.564
27.950  -3.893  -0.155  0.599  105.534
28.000  -4.855  -0.071  0.599  105.577
28.050  -5.382  0.022  0.599  105.678
28.100  -5.418  0.116  0.599  105.798
28.150  -4.948  0.198  0.599  105.895
28.200  -4.022  0.262  0.599  105.933
28.250  -2.733  0.303  0.599  105.897
28.300  -1.201  0.312  0.599  105.801
28.350  0.438  0.290  0.599  105.680
28.400  2.040  0.242  0.599  105.579
28.450  3.458  0.172  0.599  105.532
28.500  4.564  0.082  0.599  105.561
28.550  5.252  -0.011  0.599  105.650
28.600  5.458  -0.101  0.599  105.766
28.650  5.161  -0.178  0.599  105.870
28.700  4.388  -0.238  0.599  105.923
28.750  3.217  -0.275  0.599  105.908
28.800  1.762  -0.288  0.600  105.831
28.850  0.156  -0.280  0.600  105.722
28.900  -1.461  -0.254  0.600  105.612
28.950  -2.951  -0.206  0.600  105.538
29.000  -4.180  -0.135  0.600  105.529
29.050  -5.037  -0.045  0.600  105.592
29.100  -5.441  0.047  0.600  105.702
29.150  -5.344  0.138  0.600  105.822
29.200  -4.749  0.216  0.600  105.908
29.250  -3.718  0.275  0.600  105.927
29.300  -2.352  0.306  0.600  105.872
29.350  -0.779  0.308  0.600  105.766
29.400  0.864  0.281  0.600  105.646
29.450  2.431  0.227  0.600  105.555
29.500  3.781  0.148  0.600  105.529
29.550  4.786  0.057  0.600  105.576
29.600  5.353  -0.033  0.600  105.673
29.650  5.430  -0.122  0.600  105.791
29.700  5.005  -0.198  0.600  105.885
29.750  4.119  -0.250  0.599  105.920
29.800  2.864  -0.278  0.599  105.885
29.850  1.356  -0.287  0.599  105.797
29.900  -0.267  -0.277  0.599  105.683
29.950  -1.865  -0.245  0.599  105.578
30.000  -3.300  -0.188  0.599  105.520
30.050  -4.441  -0.111  0.599  105.529
30.100  -5.188  -0.023  0.599  105.605
30.150  -5.464  0.069  0.599  105.721
30.200  -5.236  0.161  0.599  105.838
30.250  -4.521  0.236  0.599  105.910
30.300  -3.391  0.285  0.599  105.909
30.350  -1.957  0.310  0.599  105.838
30.400  -0.352  0.304  0.599  105.725
30.450  1.283  0.270  0.599  105.609
30.500  2.809  0.207  0.599  105.535
30.550  4.078  0.128  0.599  105.526
30.600  4.980  0.037  0.599  105.587
30.650  5.420  -0.057  0.599  105.698
30.700  5.368  -0.145  0.599  105.815
