0.000   2.794   -0.278   0.610   101.810
0.050   1.271   -0.289   0.610   101.723
0.100   -0.355   -0.284   0.610   101.608
0.150   -1.948   -0.255   0.610   101.500
0.200   -3.370   -0.202   0.610   101.437
0.250   -4.492   -0.127   0.610   101.443
0.300   -5.216   -0.040   0.610   101.518
0.350   -5.465   0.054   0.610   101.638
0.400   -5.208   0.148   0.610   101.763
0.450   -4.465   0.228   0.610   101.844
0.500   -3.315   0.284   0.610   101.851
0.550   -1.868   0.314   0.610   101.784
0.600   -0.256   0.313   0.610   101.670
0.650   1.377   0.283   0.610   101.549
0.700   2.892   0.223   0.610   101.467
0.750   4.142   0.145   0.610   101.454
0.800   5.021   0.053   0.610   101.516
0.850   5.429   -0.043   0.610   101.630
0.900   5.347   -0.134   0.610   101.755
0.950   4.763   -0.206   0.610   101.844
1.000   3.750   -0.256   0.608   101.868
1.050   2.396   -0.285   0.608   101.822
1.100   0.836   -0.293   0.609   101.725
1.150   -0.796   -0.279   0.609   101.608
1.200   -2.355   -0.243   0.609   101.509
1.250   -3.709   -0.184   0.609   101.462
1.300   -4.732   -0.107   0.609   101.486
1.350   -5.333   -0.015   0.609   101.579
1.400   -5.445   0.082   0.609   101.708
1.450   -5.053   0.172   0.609   101.824
1.500   -4.191   0.244   0.609   101.887
1.550   -2.948   0.294   0.609   101.874
1.600   -1.441   0.317   0.610   101.793
1.650   0.191   0.308   0.610   101.673
1.700   1.808   0.267   0.610   101.560
1.750   3.263   0.206   0.610   101.494
1.800   4.423   0.121   0.610   101.502
1.850   5.178   0.024   0.610   101.585
1.900   5.458   -0.070   0.610   101.706
1.950   5.234   -0.153   0.610   101.824
2.000   4.529   -0.221   0.610   101.898
2.050   3.408   -0.267   0.610   101.903
2.100   1.990   -0.291   0.610   101.841
2.150   0.394   -0.290   0.610   101.734
2.200   -1.233   -0.270   0.610   101.618
2.250   -2.750   -0.230   0.610   101.528
2.300   -4.024   -0.167   0.610   101.498
2.350   -4.940   -0.081   0.610   101.544
2.400   -5.413   0.012   0.610   101.649
2.450   -5.388   0.107   0.610   101.775
2.500   -4.861   0.192   0.610   101.879
2.550   -3.889   0.261   0.610   101.920
2.600   -2.560   0.306   0.610   101.886
2.650   -1.005   0.318   0.611   101.787
2.700   0.640   0.299   0.611   101.662
2.750   2.225   0.255   0.611   101.555
2.800   3.613   0.183   0.611   101.506
2.850   4.671   0.095   0.611   101.535
2.900   5.304   -0.001   0.611   101.626
2.950   5.446   -0.092   0.611   101.747
3.000   5.089   -0.174   0.611   101.856
3.050   4.258   -0.238   0.611   101.912
3.100   3.047   -0.276   0.611   101.895
3.150   1.563   -0.291   0.611   101.815
3.200   -0.052   -0.286   0.611   101.701
3.250   -1.662   -0.263   0.611   101.586
3.300   -3.125   -0.217   0.611   101.509
3.350   -4.312   -0.143   0.611   101.499
3.400   -5.116   -0.057   0.611   101.561
3.450   -5.456   0.036   0.611   101.673
3.500   -5.293   0.130   0.611   101.796
3.550   -4.637   0.215   0.611   101.887
3.600   -3.557   0.277   0.609   101.908
3.650   -2.157   0.310   0.609   101.852
3.700   -0.563   0.314   0.609   101.741
3.750   1.082   0.292   0.609   101.616
3.800   2.629   0.237   0.609   101.521
3.850   3.938   0.159   0.609   101.493
3.900   4.891   0.069   0.609   101.539
3.950   5.390   -0.024   0.609   101.641
4.000   5.401   -0.117   0.609   101.763
4.050   4.906   -0.195   0.609   101.861
4.100   3.965   -0.250   0.609   101.895
4.150   2.665   -0.280   0.609   101.857
4.200   1.132   -0.292   0.610   101.764
4.250   -0.498   -0.283   0.610   101.645
4.300   -2.080   -0.253   0.610   101.536
4.350   -3.480   -0.197   0.610   101.474
4.400   -4.572   -0.122   0.610   101.482
4.450   -5.256   -0.033   0.610   101.559
4.500   -5.462   0.062   0.610   101.678
4.550   -5.162   0.156   0.610   101.797
4.600   -4.381   0.233   0.610   101.868
4.650   -3.202   0.287   0.610   101.865
4.700   -1.736   0.316   0.610   101.790
4.750   -0.117   0.314   0.610   101.671
4.800   1.516   0.278   0.610   101.549
4.850   3.011   0.217   0.610   101.469
4.900   4.237   0.138   0.610   101.458
4.950   5.073   0.045   0.610   101.522
5.000   5.442   -0.052   0.610   101.636
5.050   5.314   -0.140   0.610   101.755
5.100   4.693   -0.213   0.610   101.836
5.150   3.641   -0.258   0.607   101.851
5.200   2.267   -0.287   0.607   101.797
5.250   0.693   -0.293   0.608   101.694
5.300   -0.936   -0.277   0.608   101.575
5.350   -2.483   -0.238   0.608   101.476
5.400   -3.811   -0.180   0.608   101.431
5.450   -4.802   -0.100   0.608   101.460
5.500   -5.362   -0.006   0.608   101.556
5.550   -5.431   0.091   0.608   101.681
5.600   -4.994   0.177   0.608   101.792
5.650   -4.096   0.250   0.608   101.846
5.700   -2.826   0.298   0.608   101.825
5.750   -1.305   0.318   0.611   101.736
5.800   0.334   0.304   0.611   101.612
5.850   1.939   0.264   0.611   101.500
5.900   3.378   0.199   0.611   101.438
5.950   4.506   0.113   0.611   101.452
6.000   5.225   0.016   0.611   101.535
6.050   5.459   -0.076   0.611   101.655
6.100   5.195   -0.160   0.611   101.769
6.150   4.447   -0.226   0.611   101.837
6.200   3.298   -0.271   0.611   101.835
6.250   1.855   -0.290   0.611   101.766
6.300   0.254   -0.289   0.611   101.656
6.350   -1.369   -0.268   0.611   101.540
6.400   -2.871   -0.227   0.611   101.453
6.450   -4.118   -0.161   0.611   101.429
6.500   -4.999   -0.073   0.611   101.481
6.550   -5.430   0.021   0.611   101.589
6.600   -5.363   0.114   0.611   101.715
6.650   -4.794   0.199   0.611   101.815
6.700   -3.784   0.266   0.611   101.852
6.750   -2.431   0.307   0.611   101.810
6.800   -0.863   0.316   0.611   101.707
6.850   0.778   0.298   0.611   101.582
6.900   2.355   0.250   0.611   101.479
6.950   3.716   0.177   0.611   101.438
7.000   4.746   0.085   0.611   101.474
7.050   5.334   -0.007   0.611   101.569
7.100   5.440   -0.101   0.611   101.693
7.150   5.035   -0.180   0.611   101.800
7.200   4.173   -0.243   0.611   101.852
7.250   2.930   -0.277   0.611   101.829
7.300   1.431   -0.291   0.611   101.746
7.350   -0.192   -0.285   0.611   101.632
7.400   -1.794   -0.260   0.611   101.520
7.450   -3.239   -0.209   0.611   101.450
7.500   -4.397   -0.136   0.611   101.449
7.550   -5.164   -0.047   0.611   101.519
7.600   -5.462   0.044   0.611   101.636
7.650   -5.256   0.139   0.611   101.762
7.700   -4.560   0.222   0.611   101.850
7.750   -3.447   0.282   0.610   101.867
7.800   -2.021   0.311   0.610   101.807
7.850   -0.421   0.315   0.610   101.696
7.900   1.219   0.288   0.610   101.575
7.950   2.749   0.231   0.610   101.490
8.000   4.034   0.152   0.610   101.471
8.050   4.950   0.063   0.610   101.526
8.100   5.411   -0.033   0.610   101.637
8.150   5.377   -0.124   0.610   101.764
8.200   4.844   -0.201   0.610   101.862
8.250   3.867   -0.252   0.607   101.894
8.300   2.543   -0.282   0.607   101.855
8.350   0.996   -0.292   0.608   101.763
8.400   -0.634   -0.282   0.608   101.648
8.450   -2.207   -0.247   0.608   101.547
8.500   -3.586   -0.190   0.608   101.496
8.550   -4.648   -0.115   0.608   101.514
8.600   -5.293   -0.025   0.608   101.601
8.650   -5.457   0.072   0.608   101.728
8.700   -5.113   0.164   0.608   101.849
8.750   -4.297   0.241   0.608   101.919
8.800   -3.087   0.291   0.608   101.915
8.850   -1.600   0.318   0.610   101.839
8.900   0.028   0.310   0.610   101.720
8.950   1.652   0.273   0.610   101.604
9.000   3.131   0.210   0.610   101.533
9.050   4.323   0.131   0.610   101.532
9.100   5.126   0.035   0.610   101.606
9.150   5.450   -0.062   0.610   101.727
9.200   5.282   -0.148   0.610   101.847
9.250   4.617   -0.215   0.610   101.926
9.300   3.537   -0.263   0.610   101.938
9.350   2.138   -0.288   0.610   101.881
9.400   0.557   -0.292   0.610   101.777
9.450   -1.074   -0.272   0.610   101.661
9.500   -2.607   -0.234   0.610   101.568
9.550   -3.912   -0.173   0.610   101.531
9.600   -4.868   -0.092   0.610   101.570
9.650   -5.387   0.004   0.610   101.673
9.700   -5.414   0.099   0.610   101.801
9.750   -4.935   0.186   0.610   101.909
9.800   -4.002   0.255   0.610   101.959
9.850   -2.705   0.303   0.610   101.933
9.900   -1.166   0.319   0.611   101.841
9.950   0.475   0.303   0.611   101.719
10.000   2.075   0.259   0.611   101.610
10.050   3.487   0.193   0.611   101.556
10.100   4.585   0.104   0.611   101.579
10.150   5.260   0.009   0.611   101.669
10.200   5.456   -0.084   0.611   101.791
10.250   5.145   -0.165   0.611   101.904
10.300   4.362   -0.231   0.611   101.967
10.350   3.180   -0.273   0.611   101.960
10.400   1.719   -0.291   0.611   101.887
10.450   0.110   -0.288   0.611   101.776
10.500   -1.506   -0.265   0.611   101.662
10.550   -2.990   -0.221   0.611   101.580
10.600   -4.209   -0.152   0.611   101.564
10.650   -5.054   -0.063   0.611   101.622
10.700   -5.445   0.029   0.611   101.733
10.750   -5.332   0.122   0.611   101.857
10.800   -4.721   0.206   0.611   101.953
10.850   -3.681   0.273   0.611   101.982
10.900   -2.307   0.309   0.611   101.933
10.950   -0.727   0.315   0.611   101.826
11.000   0.919   0.294   0.611   101.700
11.050   2.481   0.244   0.611   101.601
11.100   3.823   0.168   0.611   101.565
11.150   4.814   0.077   0.611   101.605
11.200   5.363   -0.016   0.611   101.704
11.250   5.421   -0.107   0.611   101.826
11.300   4.977   -0.190   0.611   101.930
11.350   4.076   -0.246   0.611   101.972
11.400   2.807   -0.280   0.611   101.942
11.450   1.291   -0.290   0.611   101.853
11.500   -0.334   -0.286   0.611   101.736
11.550   -1.929   -0.257   0.611   101.625
11.600   -3.354   -0.204   0.611   101.558
11.650   -4.480   -0.127   0.611   101.562
11.700   -5.209   -0.042   0.611   101.635
11.750   -5.464   0.053   0.611   101.753
11.800   -5.214   0.147   0.611   101.878
11.850   -4.479   0.229   0.611   101.959
11.900   -3.334   0.283   0.609   101.966
11.950   -1.890   0.313   0.609   101.899
12.000   -0.280   0.314   0.609   101.785
12.050   1.356   0.283   0.609   101.664
12.100   2.874   0.223   0.609   101.583
12.150   4.129   0.144   0.609   101.569
12.200   5.011   0.054   0.609   101.628
12.250   5.425   -0.042   0.609   101.742
12.300   5.351   -0.133   0.609   101.867
12.350   4.775   -0.207   0.609   101.957
12.400   3.764   -0.255   0.606   101.980
12.450   2.414   -0.284   0.606   101.936
12.500   0.854   -0.293   0.608   101.839
12.550   -0.777   -0.281   0.608   101.722
12.600   -2.338   -0.243   0.608   101.622
12.650   -3.693   -0.184   0.608   101.574
12.700   -4.721   -0.109   0.608   101.596
12.750   -5.327   -0.017   0.608   101.687
12.800   -5.447   0.081   0.608   101.814
12.850   -5.060   0.172   0.608   101.929
12.900   -4.204   0.244   0.608   101.990
12.950   -2.966   0.294   0.608   101.975
13.000   -1.463   0.318   0.611   101.892
13.050   0.167   0.309   0.611   101.769
13.100   1.786   0.268   0.611   101.653
13.150   3.244   0.206   0.611   101.585
13.200   4.412   0.122   0.611   101.589
13.250   5.172   0.026   0.611   101.666
13.300   5.459   -0.070   0.611   101.785
13.350   5.242   -0.152   0.611   101.899
13.400   4.543   -0.221   0.611   101.970
13.450   3.428   -0.266   0.611   101.972
13.500   2.010   -0.290   0.611   101.908
13.550   0.415   -0.290   0.611   101.799
13.600   -1.212   -0.271   0.611   101.680
13.650   -2.731   -0.230   0.611   101.587
13.700   -4.009   -0.168   0.611   101.553
13.750   -4.930   -0.084   0.611   101.595
13.800   -5.410   0.011   0.611   101.697
13.850   -5.392   0.106   0.611   101.821
13.900   -4.872   0.191   0.611   101.923
13.950   -3.902   0.261   0.611   101.964
14.000   -2.577   0.305   0.611   101.929
14.050   -1.025   0.318   0.611   101.830
14.100   0.616   0.299   0.611   101.704
14.150   2.203   0.255   0.611   101.596
14.200   3.596   0.184   0.611   101.546
14.250   4.661   0.095   0.611   101.573
14.300   5.299   -0.000   0.611   101.664
14.350   5.450   -0.091   0.611   101.784
14.400   5.100   -0.174   0.611   101.893
14.450   4.276   -0.237   0.611   101.949
14.500   3.068   -0.277   0.611   101.933
14.550   1.587   -0.290   0.611   101.853
14.600   -0.027   -0.285   0.611   101.739
14.650   -1.639   -0.262   0.611   101.625
14.700   -3.106   -0.217   0.611   101.547
14.750   -4.298   -0.143   0.611   101.538
14.800   -5.108   -0.056   0.611   101.602
14.850   -5.454   0.038   0.611   101.715
14.900   -5.299   0.131   0.611   101.842
14.950   -4.650   0.214   0.611   101.936
15.000   -3.574   0.276   0.609   101.959
15.050   -2.174   0.310   0.609   101.906
15.100   -0.583   0.315   0.609   101.798
15.150   1.059   0.292   0.609   101.676
15.200   2.608   0.237   0.609   101.585
15.250   3.922   0.160   0.609   101.560
15.300   4.881   0.069   0.609   101.610
15.350   5.388   -0.023   0.609   101.716
15.400   5.404   -0.116   0.609   101.844
15.450   4.917   -0.194   0.609   101.948
15.500   3.982   -0.250   0.609   101.989
15.550   2.687   -0.280   0.609   101.957
15.600   1.157   -0.293   0.611   101.871
15.650   -0.472   -0.283   0.611   101.758
15.700   -2.059   -0.253   0.611   101.655
15.750   -3.463   -0.197   0.611   101.599
15.800   -4.560   -0.122   0.611   101.613
15.850   -5.250   -0.033   0.611   101.695
15.900   -5.463   0.062   0.611   101.821
15.950   -5.170   0.156   0.611   101.948
16.000   -4.397   0.233   0.611   102.025
16.050   -3.222   0.286   0.611   102.027
16.100   -1.755   0.314   0.611   101.958
16.150   -0.136   0.314   0.611   101.843
16.200   1.496   0.278   0.611   101.726
16.250   2.993   0.218   0.611   101.650
16.300   4.221   0.138   0.611   101.642
16.350   5.065   0.046   0.611   101.708
16.400   5.441   -0.051   0.611   101.824
16.450   5.319   -0.140   0.611   101.947
16.500   4.703   -0.211   0.611   102.030
16.550   3.657   -0.259   0.608   102.047
16.600   2.287   -0.288   0.608   101.995
16.650   0.716   -0.292   0.608   101.893
16.700   -0.914   -0.277   0.608   101.773
16.750   -2.462   -0.237   0.608   101.674
16.800   -3.795   -0.180   0.608   101.628
16.850   -4.791   -0.101   0.608   101.654
16.900   -5.357   -0.007   0.608   101.748
16.950   -5.433   0.090   0.608   101.873
17.000   -5.004   0.178   0.608   101.981
17.050   -4.113   0.249   0.608   102.033
17.100   -2.848   0.297   0.608   102.010
17.150   -1.328   0.319   0.611   101.918
17.200   0.310   0.306   0.611   101.792
17.250   1.920   0.265   0.611   101.676
17.300   3.361   0.199   0.611   101.611
17.350   4.493   0.113   0.611   101.620
17.400   5.216   0.017   0.611   101.701
17.450   5.458   -0.076   0.611   101.818
17.500   5.199   -0.160   0.611   101.930
17.550   4.459   -0.226   0.611   101.996
17.600   3.314   -0.270   0.611   101.992
17.650   1.874   -0.291   0.611   101.922
17.700   0.274   -0.289   0.611   101.810
17.750   -1.350   -0.268   0.611   101.692
17.800   -2.853   -0.228   0.611   101.603
17.850   -4.104   -0.162   0.611   101.576
17.900   -4.991   -0.075   0.611   101.626
17.950   -5.428   0.020   0.611   101.731
18.000   -5.367   0.113   0.611   101.855
18.050   -4.805   0.197   0.611   101.953
18.100   -3.801   0.265   0.611   101.988
18.150   -2.453   0.307   0.611   101.946
18.200   -0.888   0.315   0.611   101.843
18.250   0.756   0.296   0.611   101.717
18.300   2.335   0.249   0.611   101.613
18.350   3.701   0.177   0.611   101.569
18.400   4.734   0.086   0.611   101.603
18.450   5.329   -0.007   0.611   101.696
18.500   5.439   -0.100   0.611   101.816
18.550   5.042   -0.180   0.611   101.922
18.600   4.184   -0.242   0.611   101.970
18.650   2.945   -0.278   0.611   101.946
18.700   1.448   -0.291   0.611   101.860
18.750   -0.172   -0.284   0.611   101.743
18.800   -1.776   -0.263   0.611   101.628
18.850   -3.223   -0.212   0.611   101.553
18.900   -4.384   -0.138   0.611   101.547
18.950   -5.156   -0.049   0.611   101.612
19.000   -5.461   0.043   0.611   101.725
19.050   -5.261   0.136   0.611   101.845
19.100   -4.571   0.220   0.611   101.930
19.150   -3.463   0.279   0.610   101.941
19.200   -2.043   0.310   0.610   101.877
19.250   -0.446   0.314   0.610   101.763
19.300   1.196   0.286   0.610   101.637
19.350   2.730   0.230   0.610   101.546
19.400   4.022   0.152   0.610   101.522
19.450   4.942   0.063   0.610   101.571
19.500   5.409   -0.033   0.610   101.677
19.550   5.381   -0.124   0.610   101.800
19.600   4.855   -0.202   0.610   101.894
19.650   3.882   -0.252   0.607   101.922
19.700   2.562   -0.282   0.607   101.880
19.750   1.017   -0.292   0.608   101.785
19.800   -0.612   -0.283   0.608   101.666
19.850   -2.188   -0.248   0.608   101.562
19.900   -3.571   -0.192   0.608   101.506
19.950   -4.636   -0.115   0.608   101.521
20.000   -5.288   -0.027   0.608   101.605
20.050   -5.457   0.070   0.608   101.729
20.100   -5.121   0.161   0.608   101.848
20.150   -4.308   0.239   0.608   101.918
20.200   -3.103   0.290   0.608   101.913
20.250   -1.621   0.316   0.609   101.838
20.300   0.004   0.311   0.609   101.720
20.350   1.628   0.273   0.609   101.604
20.400   3.112   0.210   0.609   101.534
20.450   4.309   0.130   0.609   101.535
20.500   5.119   0.036   0.609   101.609
20.550   5.450   -0.059   0.609   101.729
20.600   5.288   -0.147   0.609   101.851
20.650   4.631   -0.216   0.609   101.932
20.700   3.556   -0.264   0.609   101.946
20.750   2.158   -0.288   0.609   101.892
20.800   0.581   -0.295   0.611   101.790
20.850   -1.050   -0.274   0.611   101.675
20.900   -2.587   -0.235   0.611   101.583
20.950   -3.895   -0.175   0.611   101.547
21.000   -4.858   -0.093   0.611   101.587
21.050   -5.383   0.002   0.611   101.692
21.100   -5.417   0.097   0.611   101.821
21.150   -4.945   0.183   0.611   101.931
21.200   -4.017   0.252   0.611   101.982
21.250   -2.723   0.301   0.611   101.958
21.300   -1.185   0.319   0.613   101.868
21.350   0.454   0.302   0.613   101.746
21.400   2.053   0.259   0.613   101.638
21.450   3.470   0.193   0.613   101.583
21.500   4.573   0.105   0.613   101.605
21.550   5.256   0.009   0.613   101.695
21.600   5.458   -0.083   0.613   101.816
21.650   5.155   -0.167   0.613   101.930
21.700   4.378   -0.232   0.613   101.994
21.750   3.202   -0.274   0.613   101.987
21.800   1.744   -0.291   0.613   101.914
21.850   0.135   -0.288   0.613   101.802
21.900   -1.483   -0.266   0.613   101.687
21.950   -2.970   -0.223   0.613   101.603
22.000   -4.195   -0.154   0.613   101.586
22.050   -5.046   -0.066   0.613   101.642
22.100   -5.443   0.027   0.613   101.751
22.150   -5.337   0.121   0.613   101.875
22.200   -4.735   0.204   0.613   101.971
22.250   -3.699   0.271   0.613   102.000
22.300   -2.324   0.308   0.613   101.952
22.350   -0.747   0.315   0.613   101.845
22.400   0.900   0.294   0.613   101.719
22.450   2.460   0.244   0.613   101.619
22.500   3.806   0.168   0.613   101.582
22.550   4.803   0.079   0.613   101.620
22.600   5.361   -0.015   0.613   101.718
22.650   5.424   -0.107   0.613   101.841
22.700   4.988   -0.188   0.613   101.944
22.750   4.091   -0.246   0.613   101.987
22.800   2.828   -0.279   0.613   101.957
22.850   1.314   -0.291   0.613   101.870
22.900   -0.310   -0.285   0.613   101.753
22.950   -1.905   -0.258   0.613   101.642
23.000   -3.335   -0.204   0.613   101.575
23.050   -4.467   -0.130   0.613   101.577
23.100   -5.202   -0.043   0.613   101.649
23.150   -5.465   0.051   0.613   101.766
23.200   -5.221   0.146   0.613   101.890
23.250   -4.492   0.226   0.613   101.972
23.300   -3.353   0.283   0.610   101.980
23.350   -1.912   0.313   0.610   101.914
23.400   -0.301   0.314   0.610   101.799
23.450   1.336   0.284   0.610   101.677
23.500   2.855   0.223   0.610   101.594
23.550   4.115   0.145   0.610   101.578
23.600   5.002   0.055   0.610   101.636
23.650   5.425   -0.041   0.610   101.748
23.700   5.356   -0.133   0.610   101.873
23.750   4.784   -0.207   0.610   101.964
23.800   3.779   -0.256   0.606   101.989
23.850   2.433   -0.284   0.606   101.944
23.900   0.877   -0.293   0.608   101.847
23.950   -0.754   -0.280   0.608   101.730
24.000   -2.317   -0.244   0.608   101.631
24.050   -3.676   -0.186   0.608   101.582
24.100   -4.710   -0.110   0.608   101.604
24.150   -5.322   -0.018   0.608   101.694
24.200   -5.449   0.079   0.608   101.820
24.250   -5.069   0.169   0.608   101.936
24.300   -4.219   0.242   0.608   101.998
24.350   -2.987   0.293   0.608   101.986
24.400   -1.487   0.317   0.610   101.904
24.450   0.145   0.308   0.610   101.782
24.500   1.767   0.269   0.610   101.667
24.550   3.227   0.206   0.610   101.598
24.600   4.398   0.125   0.610   101.600
24.650   5.164   0.027   0.610   101.676
24.700   5.456   -0.067   0.610   101.793
24.750   5.247   -0.152   0.610   101.908
24.800   4.552   -0.221   0.610   101.980
24.850   3.443   -0.265   0.610   101.982
24.900   2.026   -0.290   0.610   101.917
24.950   0.434   -0.291   0.610   101.807
25.000   -1.192   -0.270   0.610   101.686
25.050   -2.714   -0.230   0.610   101.591
25.100   -3.994   -0.170   0.610   101.554
25.150   -4.921   -0.084   0.610   101.594
25.200   -5.406   0.010   0.610   101.694
25.250   -5.395   0.105   0.610   101.816
25.300   -4.880   0.189   0.610   101.915
25.350   -3.917   0.260   0.610   101.954
25.400   -2.598   0.305   0.610   101.917
25.450   -1.051   0.319   0.612   101.815
25.500   0.593   0.300   0.612   101.686
25.550   2.182   0.256   0.612   101.575
25.600   3.580   0.186   0.612   101.520
25.650   4.647   0.096   0.612   101.544
25.700   5.293   0.001   0.612   101.631
25.750   5.451   -0.091   0.612   101.749
25.800   5.103   -0.173   0.612   101.856
25.850   4.281   -0.238   0.612   101.912
25.900   3.087   -0.278   0.612   101.896
25.950   1.607   -0.292   0.612   101.816
26.000   -0.008   -0.287   0.612   101.701
26.050   -1.620   -0.265   0.612   101.586
26.100   -3.089   -0.219   0.612   101.506
26.150   -4.284   -0.147   0.612   101.494
26.200   -5.099   -0.059   0.612   101.556
26.250   -5.454   0.033   0.612   101.667
26.300   -5.305   0.127   0.612   101.791
26.350   -4.661   0.212   0.612   101.884
26.400   -3.590   0.275   0.610   101.908
26.450   -2.195   0.310   0.610   101.856
26.500   -0.606   0.314   0.610   101.748
26.550   1.035   0.292   0.610   101.624
26.600   2.588   0.239   0.610   101.531
26.650   3.907   0.162   0.610   101.502
26.700   4.871   0.070   0.610   101.548
26.750   5.383   -0.023   0.610   101.652
26.800   5.407   -0.114   0.610   101.776
26.850   4.926   -0.194   0.610   101.876
26.900   3.999   -0.251   0.610   101.915
26.950   2.706   -0.280   0.610   101.880
27.000   1.180   -0.291   0.610   101.790
27.050   -0.452   -0.285   0.610   101.673
27.100   -2.038   -0.255   0.610   101.564
27.150   -3.446   -0.198   0.610   101.503
27.200   -4.547   -0.124   0.610   101.510
27.250   -5.243   -0.035   0.610   101.587
27.300   -5.464   0.060   0.610   101.708
27.350   -5.178   0.154   0.610   101.828
27.400   -4.409   0.233   0.610   101.904
27.450   -3.237   0.286   0.610   101.904
27.500   -1.775   0.315   0.610   101.832
27.550   -0.159   0.313   0.610   101.713
27.600   1.473   0.279   0.610   101.591
27.650   2.974   0.219   0.610   101.511
27.700   4.208   0.139   0.610   101.500
27.750   5.057   0.048   0.610   101.563
27.800   5.437   -0.049   0.610   101.677
27.850   5.325   -0.139   0.610   101.799
27.900   4.716   -0.209   0.610   101.882
27.950   3.676   -0.258   0.606   101.900
28.000   2.310   -0.287   0.606   101.849
28.050   0.740   -0.291   0.606   101.748
28.100   -0.890   -0.277   0.606   101.631
28.150   -2.442   -0.239   0.606   101.533
28.200   -3.779   -0.181   0.606   101.488
28.250   -4.779   -0.103   0.606   101.515
28.300   -5.353   -0.009   0.606   101.611
28.350   -5.436   0.088   0.606   101.738
28.400   -5.014   0.176   0.606   101.850
28.450   -4.128   0.249   0.606   101.907
28.500   -2.866   0.297   0.606   101.889
28.550   -1.347   0.319   0.610   101.802
28.600   0.292   0.305   0.610   101.680
28.650   1.900   0.265   0.610   101.568
28.700   3.343   0.201   0.610   101.505
28.750   4.480   0.115   0.610   101.517
28.800   5.211   0.019   0.610   101.601
28.850   5.459   -0.074   0.610   101.721
28.900   5.208   -0.158   0.610   101.834
28.950   4.472   -0.225   0.610   101.903
29.000   3.335   -0.271   0.610   101.903
29.050   1.896   -0.290   0.610   101.835
29.100   0.297   -0.289   0.610   101.726
29.150   -1.327   -0.269   0.610   101.609
29.200   -2.832   -0.228   0.610   101.520
29.250   -4.089   -0.162   0.610   101.494
29.300   -4.981   -0.076   0.610   101.544
29.350   -5.425   0.019   0.610   101.651
29.400   -5.370   0.112   0.610   101.776
29.450   -4.814   0.197   0.610   101.877
29.500   -3.818   0.265   0.610   101.915
29.550   -2.474   0.306   0.610   101.875
29.600   -0.910   0.317   0.610   101.773
29.650   0.735   0.297   0.610   101.647
29.700   2.314   0.251   0.610   101.543
29.750   3.685   0.179   0.610   101.499
29.800   4.723   0.088   0.610   101.532
29.850   5.326   -0.006   0.610   101.628
29.900   5.442   -0.098   0.610   101.750
29.950   5.052   -0.180   0.610   101.859
30.000   4.199   -0.242   0.610   101.912
30.050   2.966   -0.278   0.610   101.892
30.100   1.471   -0.291   0.610   101.810
30.150   -0.149   -0.285   0.610   101.697
30.200   -1.753   -0.262   0.610   101.585
30.250   -3.204   -0.212   0.610   101.513
30.300   -4.371   -0.137   0.610   101.512
30.350   -5.149   -0.050   0.610   101.581
30.400   -5.461   0.042   0.610   101.697
30.450   -5.268   0.136   0.610   101.823
30.500   -4.584   0.220   0.610   101.913
30.550   -3.481   0.279   0.610   101.931
30.600   -2.065   0.312   0.610   101.873
30.650   -0.467   0.315   0.610   101.763
30.700   1.176   0.290   0.610   101.641
30.750   2.713   0.232   0.610   101.554
30.800   4.006   0.155   0.610   101.532
30.850   4.933   0.064   0.610   101.585
30.900   5.406   -0.030   0.610   101.694
30.950   5.385   -0.123   0.610   101.821
31.000   4.862   -0.200   0.610   101.919
31.050   3.897   -0.252   0.608   101.952
31.100   2.579   -0.282   0.608   101.914
31.150   1.036   -0.293   0.610   101.822
31.200   -0.592   -0.284   0.610   101.705
31.250   -2.169   -0.250   0.610   101.601
31.300   -3.554   -0.194   0.610   101.545
31.350   -4.625   -0.119   0.610   101.559
31.400   -5.282   -0.028   0.610   101.642
31.450   -5.459   0.068   0.610   101.765
31.500   -5.128   0.161   0.610   101.884
31.550   -4.323   0.237   0.610   101.953
31.600   -3.123   0.288   0.610   101.946
31.650   -1.643   0.316   0.610   101.868
31.700   -0.018   0.310   0.610   101.747
31.750   1.608   0.275   0.610   101.626
31.800   3.095   0.212   0.610   101.550
31.850   4.296   0.133   0.610   101.542
31.900   5.111   0.036   0.610   101.611
31.950   5.447   -0.059   0.610   101.725
32.000   5.291   -0.145   0.610   101.840
32.050   4.641   -0.215   0.610   101.916
32.100   3.568   -0.261   0.609   101.923
32.150   2.178   -0.288   0.609   101.863
32.200   0.599   -0.293   0.609   101.755
32.250   -1.031   -0.274   0.609   101.633
32.300   -2.569   -0.235   0.609   101.533
32.350   -3.880   -0.176   0.609   101.489
32.400   -4.847   -0.095   0.609   101.519
32.450   -5.379   -0.001   0.609   101.614
32.500   -5.419   0.096   0.609   101.737
32.550   -4.954   0.183   0.609   101.840
32.600   -4.031   0.253   0.609   101.887
32.650   -2.742   0.301   0.609   101.858
32.700   -1.209   0.317   0.611   101.763
32.750   0.427   0.302   0.611   101.636
32.800   2.031   0.259   0.611   101.524
32.850   3.451   0.194   0.611   101.464
32.900   4.561   0.106   0.611   101.481
32.950   5.250   0.010   0.611   101.567
33.000   5.459   -0.082   0.611   101.687
33.050   5.162   -0.165   0.611   101.798
33.100   4.390   -0.232   0.611   101.863
33.150   3.218   -0.273   0.611   101.855
33.200   1.765   -0.292   0.611   101.783
33.250   0.157   -0.288   0.611   101.673
33.300   -1.463   -0.267   0.611   101.558
33.350   -2.953   -0.223   0.611   101.476
33.400   -4.181   -0.156   0.611   101.459
33.450   -5.038   -0.068   0.611   101.518
33.500   -5.441   0.026   0.611   101.629
33.550   -5.343   0.119   0.611   101.756
33.600   -4.746   0.203   0.611   101.856
