0.000   3.595   -0.241   0.623   92.044
0.050   2.207   -0.282   0.623   92.005
0.100   0.627   -0.299   0.624   91.905
0.150   -1.007   -0.292   0.624   91.778
0.200   -2.548   -0.267   0.624   91.663
0.250   -3.866   -0.220   0.624   91.596
0.300   -4.839   -0.149   0.624   91.602
0.350   -5.377   -0.057   0.624   91.685
0.400   -5.420   0.041   0.624   91.814
0.450   -4.959   0.136   0.624   91.938
0.500   -4.037   0.219   0.624   92.015
0.550   -2.747   0.283   0.624   92.014
0.600   -1.211   0.320   0.624   91.936
0.650   0.430   0.322   0.624   91.807
0.700   2.034   0.294   0.624   91.675
0.750   3.454   0.240   0.624   91.588
0.800   4.565   0.160   0.624   91.577
0.850   5.250   0.066   0.624   91.648
0.900   5.457   -0.031   0.624   91.769
0.950   5.155   -0.123   0.624   91.896
1.000   4.380   -0.201   0.624   91.984
1.050   3.203   -0.258   0.624   92.001
1.100   1.743   -0.289   0.624   91.940
1.150   0.133   -0.297   0.624   91.826
1.200   -1.487   -0.287   0.624   91.699
1.250   -2.975   -0.256   0.624   91.594
1.300   -4.199   -0.199   0.624   91.549
1.350   -5.050   -0.120   0.624   91.582
1.400   -5.443   -0.027   0.624   91.682
1.450   -5.334   0.069   0.624   91.814
1.500   -4.725   0.161   0.624   91.930
1.550   -3.684   0.243   0.624   91.990
1.600   -2.306   0.298   0.624   91.967
1.650   -0.723   0.322   0.624   91.870
1.700   0.924   0.317   0.624   91.737
1.750   2.487   0.283   0.624   91.617
1.800   3.829   0.217   0.624   91.553
1.850   4.817   0.132   0.624   91.571
1.900   5.366   0.038   0.624   91.662
1.950   5.419   -0.058   0.624   91.792
2.000   4.970   -0.150   0.624   91.918
2.050   4.060   -0.223   0.624   91.991
2.100   2.788   -0.269   0.621   91.984
2.150   1.267   -0.293   0.621   91.907
2.200   -0.363   -0.298   0.621   91.789
2.250   -1.955   -0.282   0.621   91.667
2.300   -3.377   -0.241   0.621   91.580
2.350   -4.500   -0.177   0.621   91.561
2.400   -5.219   -0.094   0.621   91.618
2.450   -5.464   -0.001   0.621   91.734
2.500   -5.201   0.099   0.621   91.870
2.550   -4.453   0.190   0.621   91.977
2.600   -3.297   0.260   0.620   92.011
2.650   -1.845   0.307   0.620   91.963
2.700   -0.229   0.325   0.623   91.853
2.750   1.409   0.310   0.623   91.719
2.800   2.923   0.263   0.623   91.613
2.850   4.166   0.194   0.623   91.573
2.900   5.034   0.106   0.623   91.613
2.950   5.434   0.008   0.623   91.722
3.000   5.337   -0.089   0.623   91.857
3.050   4.740   -0.174   0.623   91.969
3.100   3.711   -0.237   0.623   92.015
3.150   2.349   -0.278   0.623   91.983
3.200   0.781   -0.297   0.623   91.889
3.250   -0.853   -0.295   0.623   91.763
3.300   -2.409   -0.270   0.623   91.646
3.350   -3.753   -0.225   0.623   91.573
3.400   -4.762   -0.157   0.623   91.572
3.450   -5.346   -0.068   0.623   91.647
3.500   -5.438   0.030   0.623   91.774
3.550   -5.024   0.127   0.623   91.902
3.600   -4.143   0.212   0.623   91.985
3.650   -2.885   0.277   0.623   91.992
3.700   -1.369   0.317   0.623   91.920
3.750   0.266   0.323   0.623   91.795
3.800   1.885   0.298   0.623   91.661
3.850   3.328   0.247   0.623   91.568
3.900   4.475   0.170   0.623   91.547
3.950   5.205   0.075   0.623   91.610
4.000   5.459   -0.024   0.623   91.729
4.050   5.207   -0.114   0.623   91.857
4.100   4.474   -0.194   0.623   91.950
4.150   3.331   -0.254   0.623   91.973
4.200   1.894   -0.288   0.623   91.919
4.250   0.290   -0.298   0.623   91.809
4.300   -1.334   -0.288   0.623   91.680
4.350   -2.841   -0.260   0.623   91.571
4.400   -4.096   -0.208   0.623   91.517
4.450   -4.986   -0.129   0.623   91.542
4.500   -5.426   -0.037   0.623   91.637
4.550   -5.367   0.060   0.623   91.768
4.600   -4.804   0.153   0.623   91.887
4.650   -3.799   0.235   0.623   91.952
4.700   -2.448   0.294   0.623   91.937
4.750   -0.882   0.322   0.623   91.846
4.800   0.764   0.319   0.623   91.714
4.850   2.341   0.288   0.623   91.590
4.900   3.712   0.226   0.623   91.519
4.950   4.740   0.142   0.623   91.529
5.000   5.335   0.048   0.623   91.613
5.050   5.437   -0.049   0.623   91.740
5.100   5.037   -0.141   0.623   91.867
5.150   4.170   -0.215   0.623   91.947
5.200   2.928   -0.266   0.621   91.948
5.250   1.423   -0.291   0.621   91.875
5.300   -0.200   -0.297   0.621   91.758
5.350   -1.805   -0.283   0.621   91.634
5.400   -3.250   -0.247   0.621   91.542
5.450   -4.406   -0.185   0.621   91.514
5.500   -5.169   -0.102   0.621   91.564
5.550   -5.462   -0.010   0.621   91.675
5.600   -5.249   0.089   0.621   91.810
5.650   -4.545   0.182   0.621   91.921
5.700   -3.423   0.256   0.621   91.964
5.750   -1.992   0.304   0.621   91.923
5.800   -0.386   0.325   0.623   91.817
5.850   1.253   0.314   0.623   91.683
5.900   2.784   0.270   0.623   91.571
5.950   4.061   0.202   0.623   91.523
6.000   4.971   0.116   0.623   91.554
6.050   5.417   0.019   0.623   91.656
6.100   5.370   -0.080   0.623   91.791
6.150   4.819   -0.166   0.623   91.907
6.200   3.831   -0.231   0.623   91.960
6.250   2.495   -0.274   0.623   91.936
6.300   0.943   -0.296   0.623   91.846
6.350   -0.691   -0.296   0.623   91.722
6.400   -2.263   -0.272   0.623   91.602
6.450   -3.634   -0.229   0.623   91.525
6.500   -4.681   -0.163   0.623   91.516
6.550   -5.310   -0.077   0.623   91.585
6.600   -5.451   0.020   0.623   91.708
6.650   -5.086   0.119   0.623   91.841
6.700   -4.249   0.205   0.623   91.932
6.750   -3.022   0.272   0.622   91.948
6.800   -1.522   0.315   0.622   91.883
6.850   0.111   0.324   0.622   91.762
6.900   1.734   0.302   0.622   91.628
6.950   3.201   0.253   0.622   91.531
7.000   4.378   0.179   0.622   91.504
7.050   5.155   0.086   0.622   91.560
7.100   5.456   -0.013   0.622   91.679
7.150   5.250   -0.106   0.622   91.811
7.200   4.560   -0.187   0.622   91.910
7.250   3.458   -0.248   0.622   91.944
7.300   2.043   -0.286   0.622   91.900
7.350   0.449   -0.298   0.623   91.796
7.400   -1.178   -0.291   0.623   91.670
7.450   -2.703   -0.263   0.623   91.561
7.500   -3.989   -0.214   0.623   91.503
7.550   -4.919   -0.139   0.623   91.521
7.600   -5.405   -0.047   0.623   91.614
7.650   -5.395   0.050   0.623   91.746
7.700   -4.879   0.144   0.623   91.870
7.750   -3.914   0.227   0.623   91.943
7.800   -2.595   0.289   0.623   91.938
7.850   -1.041   0.321   0.623   91.854
7.900   0.606   0.320   0.623   91.726
7.950   2.197   0.290   0.623   91.599
8.000   3.592   0.233   0.623   91.522
8.050   4.658   0.150   0.623   91.524
8.100   5.296   0.056   0.623   91.604
8.150   5.447   -0.040   0.623   91.729
8.200   5.095   -0.131   0.623   91.856
8.250   4.269   -0.208   0.623   91.941
8.300   3.057   -0.262   0.623   91.949
8.350   1.573   -0.289   0.623   91.882
8.400   -0.044   -0.297   0.623   91.766
8.450   -1.657   -0.285   0.623   91.639
8.500   -3.122   -0.251   0.623   91.540
8.550   -4.311   -0.191   0.623   91.503
8.600   -5.115   -0.111   0.623   91.545
8.650   -5.456   -0.017   0.623   91.651
8.700   -5.292   0.078   0.623   91.782
8.750   -4.632   0.173   0.623   91.896
8.800   -3.549   0.251   0.623   91.946
8.850   -2.144   0.301   0.623   91.912
8.900   -0.550   0.323   0.623   91.808
8.950   1.094   0.316   0.623   91.673
9.000   2.644   0.277   0.623   91.556
9.050   3.952   0.209   0.623   91.499
9.100   4.900   0.124   0.623   91.523
9.150   5.393   0.028   0.623   91.619
9.200   5.396   -0.069   0.623   91.751
9.250   4.891   -0.159   0.623   91.873
9.300   3.941   -0.228   0.623   91.935
9.350   2.631   -0.271   0.622   91.918
9.400   1.096   -0.294   0.622   91.834
9.450   -0.537   -0.297   0.622   91.713
9.500   -2.119   -0.278   0.622   91.592
9.550   -3.515   -0.234   0.622   91.511
9.600   -4.597   -0.169   0.622   91.498
9.650   -5.269   -0.086   0.622   91.561
9.700   -5.459   0.010   0.622   91.681
9.750   -5.143   0.109   0.622   91.817
9.800   -4.346   0.198   0.622   91.918
9.850   -3.153   0.265   0.620   91.943
9.900   -1.675   0.310   0.620   91.887
9.950   -0.054   0.325   0.622   91.772
10.000   1.579   0.306   0.622   91.639
10.050   3.067   0.258   0.622   91.539
10.100   4.281   0.186   0.622   91.506
10.150   5.100   0.095   0.622   91.556
10.200   5.448   -0.004   0.622   91.671
10.250   5.295   -0.098   0.622   91.805
10.300   4.652   -0.180   0.622   91.910
10.350   3.580   -0.242   0.622   91.950
10.400   2.191   -0.283   0.622   91.912
10.450   0.608   -0.298   0.623   91.813
10.500   -1.023   -0.293   0.623   91.686
10.550   -2.564   -0.266   0.623   91.573
10.600   -3.878   -0.219   0.623   91.508
10.650   -4.847   -0.147   0.623   91.515
10.700   -5.379   -0.056   0.623   91.600
10.750   -5.418   0.042   0.623   91.730
10.800   -4.951   0.137   0.623   91.857
10.850   -4.025   0.218   0.623   91.933
10.900   -2.731   0.284   0.623   91.934
10.950   -1.196   0.322   0.623   91.857
11.000   0.446   0.323   0.623   91.729
11.050   2.047   0.293   0.623   91.599
11.100   3.469   0.239   0.623   91.513
11.150   4.572   0.161   0.623   91.504
11.200   5.256   0.066   0.623   91.576
11.250   5.455   -0.031   0.623   91.698
11.300   5.152   -0.123   0.623   91.827
11.350   4.370   -0.201   0.623   91.916
11.400   3.193   -0.258   0.623   91.934
11.450   1.729   -0.289   0.623   91.874
11.500   0.118   -0.298   0.623   91.762
11.550   -1.502   -0.287   0.623   91.635
11.600   -2.988   -0.256   0.623   91.532
11.650   -4.210   -0.199   0.623   91.488
11.700   -5.056   -0.120   0.623   91.523
11.750   -5.444   -0.027   0.623   91.624
11.800   -5.330   0.068   0.623   91.756
11.850   -4.717   0.163   0.623   91.872
11.900   -3.670   0.243   0.623   91.931
11.950   -2.290   0.298   0.623   91.907
12.000   -0.705   0.321   0.623   91.808
12.050   0.940   0.316   0.623   91.675
12.100   2.502   0.282   0.623   91.554
12.150   3.839   0.216   0.623   91.490
12.200   4.821   0.132   0.623   91.508
12.250   5.371   0.037   0.623   91.598
12.300   5.419   -0.060   0.623   91.728
12.350   4.962   -0.150   0.623   91.851
12.400   4.053   -0.222   0.623   91.920
12.450   2.775   -0.269   0.621   91.910
12.500   1.254   -0.293   0.621   91.830
12.550   -0.376   -0.297   0.621   91.709
12.600   -1.969   -0.280   0.621   91.585
12.650   -3.390   -0.241   0.621   91.497
12.700   -4.508   -0.176   0.621   91.476
12.750   -5.224   -0.093   0.621   91.531
12.800   -5.464   0.000   0.621   91.645
12.850   -5.195   0.100   0.621   91.780
12.900   -4.443   0.191   0.621   91.886
12.950   -3.287   0.261   0.621   91.919
13.000   -1.829   0.308   0.621   91.870
13.050   -0.211   0.326   0.624   91.759
13.100   1.427   0.310   0.624   91.625
13.150   2.935   0.262   0.624   91.519
13.200   4.180   0.194   0.624   91.480
13.250   5.041   0.106   0.624   91.521
13.300   5.436   0.008   0.624   91.631
13.350   5.332   -0.089   0.624   91.767
13.400   4.734   -0.174   0.624   91.879
13.450   3.699   -0.236   0.624   91.927
13.500   2.335   -0.279   0.624   91.898
13.550   0.765   -0.298   0.624   91.805
13.600   -0.867   -0.295   0.624   91.682
13.650   -2.422   -0.269   0.624   91.568
13.700   -3.763   -0.223   0.624   91.499
13.750   -4.770   -0.155   0.624   91.502
13.800   -5.349   -0.067   0.624   91.581
13.850   -5.436   0.032   0.624   91.710
13.900   -5.017   0.128   0.624   91.842
13.950   -4.133   0.212   0.624   91.927
14.000   -2.871   0.278   0.624   91.936
14.050   -1.355   0.318   0.624   91.868
14.100   0.285   0.322   0.624   91.744
14.150   1.900   0.296   0.624   91.613
14.200   3.345   0.245   0.624   91.523
14.250   4.483   0.169   0.624   91.506
14.300   5.212   0.074   0.624   91.571
14.350   5.458   -0.024   0.624   91.694
14.400   5.204   -0.116   0.624   91.825
14.450   4.462   -0.195   0.624   91.920
14.500   3.320   -0.255   0.624   91.945
14.550   1.877   -0.288   0.624   91.892
14.600   0.273   -0.298   0.624   91.783
14.650   -1.351   -0.288   0.624   91.656
14.700   -2.855   -0.260   0.624   91.549
14.750   -4.107   -0.208   0.624   91.497
14.800   -4.994   -0.129   0.624   91.524
14.850   -5.428   -0.036   0.624   91.622
14.900   -5.363   0.060   0.624   91.754
14.950   -4.796   0.154   0.624   91.875
15.000   -3.787   0.235   0.624   91.941
15.050   -2.435   0.293   0.624   91.925
15.100   -0.866   0.320   0.624   91.834
15.150   0.779   0.318   0.624   91.703
15.200   2.357   0.286   0.624   91.580
15.250   3.723   0.224   0.624   91.510
15.300   4.750   0.139   0.624   91.522
15.350   5.336   0.046   0.624   91.608
15.400   5.436   -0.049   0.624   91.736
15.450   5.028   -0.141   0.624   91.863
15.500   4.158   -0.217   0.624   91.941
15.550   2.910   -0.266   0.620   91.942
15.600   1.406   -0.291   0.620   91.869
15.650   -0.218   -0.297   0.620   91.753
15.700   -1.822   -0.284   0.620   91.629
15.750   -3.265   -0.245   0.620   91.537
15.800   -4.417   -0.184   0.620   91.509
15.850   -5.175   -0.103   0.620   91.559
15.900   -5.463   -0.010   0.620   91.670
15.950   -5.244   0.088   0.620   91.803
16.000   -4.535   0.182   0.620   91.914
16.050   -3.411   0.256   0.620   91.956
16.100   -1.977   0.304   0.620   91.913
16.150   -0.372   0.325   0.623   91.805
16.200   1.268   0.313   0.623   91.671
16.250   2.796   0.270   0.623   91.558
16.300   4.073   0.200   0.623   91.510
16.350   4.975   0.115   0.623   91.541
16.400   5.418   0.017   0.623   91.642
16.450   5.364   -0.081   0.623   91.776
16.500   4.811   -0.168   0.623   91.892
16.550   3.818   -0.232   0.623   91.944
16.600   2.479   -0.275   0.623   91.917
16.650   0.925   -0.296   0.623   91.826
16.700   -0.708   -0.297   0.623   91.701
16.750   -2.277   -0.274   0.623   91.580
16.800   -3.647   -0.228   0.623   91.503
16.850   -4.690   -0.163   0.623   91.495
16.900   -5.314   -0.076   0.623   91.563
16.950   -5.451   0.021   0.623   91.686
17.000   -5.080   0.119   0.623   91.818
17.050   -4.237   0.205   0.623   91.907
17.100   -3.006   0.271   0.622   91.921
17.150   -1.505   0.315   0.622   91.857
17.200   0.127   0.324   0.622   91.735
17.250   1.747   0.301   0.622   91.601
17.300   3.213   0.252   0.622   91.504
17.350   4.387   0.179   0.622   91.477
17.400   5.160   0.085   0.622   91.533
17.450   5.455   -0.014   0.622   91.651
17.500   5.250   -0.107   0.622   91.782
17.550   4.555   -0.187   0.622   91.880
17.600   3.446   -0.248   0.622   91.910
17.650   2.027   -0.285   0.622   91.864
17.700   0.436   -0.299   0.624   91.758
17.750   -1.195   -0.290   0.624   91.630
17.800   -2.717   -0.263   0.624   91.519
17.850   -4.000   -0.212   0.624   91.460
17.900   -4.926   -0.138   0.624   91.476
17.950   -5.408   -0.045   0.624   91.569
18.000   -5.392   0.052   0.624   91.699
18.050   -4.873   0.145   0.624   91.821
18.100   -3.904   0.227   0.624   91.891
18.150   -2.579   0.290   0.624   91.882
18.200   -1.022   0.321   0.624   91.797
18.250   0.623   0.320   0.624   91.666
18.300   2.214   0.290   0.624   91.539
18.350   3.603   0.233   0.624   91.460
18.400   4.667   0.150   0.624   91.461
18.450   5.300   0.055   0.624   91.540
18.500   5.448   -0.041   0.624   91.664
18.550   5.088   -0.132   0.624   91.792
18.600   4.260   -0.210   0.624   91.877
18.650   3.044   -0.262   0.623   91.886
18.700   1.560   -0.291   0.623   91.819
18.750   -0.060   -0.297   0.623   91.704
18.800   -1.670   -0.286   0.623   91.579
18.850   -3.135   -0.252   0.623   91.481
18.900   -4.320   -0.192   0.623   91.446
18.950   -5.120   -0.110   0.623   91.490
19.000   -5.457   -0.017   0.623   91.598
19.050   -5.287   0.080   0.623   91.732
19.100   -4.623   0.173   0.623   91.848
19.150   -3.537   0.250   0.623   91.900
19.200   -2.130   0.301   0.623   91.867
19.250   -0.532   0.323   0.623   91.765
19.300   1.115   0.315   0.623   91.633
19.350   2.659   0.276   0.623   91.518
19.400   3.966   0.208   0.623   91.464
19.450   4.907   0.122   0.623   91.492
19.500   5.398   0.027   0.623   91.589
19.550   5.391   -0.070   0.623   91.724
19.600   4.886   -0.160   0.623   91.846
19.650   3.929   -0.228   0.623   91.909
19.700   2.619   -0.272   0.622   91.893
19.750   1.078   -0.294   0.622   91.810
19.800   -0.552   -0.297   0.622   91.689
19.850   -2.134   -0.277   0.622   91.569
19.900   -3.527   -0.234   0.622   91.489
19.950   -4.605   -0.169   0.622   91.477
20.000   -5.274   -0.084   0.622   91.541
20.050   -5.459   0.011   0.622   91.663
20.100   -5.137   0.111   0.622   91.799
20.150   -4.336   0.199   0.622   91.899
20.200   -3.140   0.267   0.620   91.923
20.250   -1.661   0.312   0.620   91.867
20.300   -0.036   0.326   0.623   91.752
20.350   1.595   0.305   0.623   91.619
20.400   3.085   0.256   0.623   91.519
20.450   4.291   0.186   0.623   91.487
20.500   5.108   0.096   0.623   91.537
20.550   5.448   -0.004   0.623   91.653
20.600   5.293   -0.099   0.623   91.788
20.650   4.640   -0.182   0.623   91.894
20.700   3.568   -0.243   0.623   91.934
20.750   2.174   -0.283   0.623   91.897
20.800   0.591   -0.299   0.624   91.798
20.850   -1.040   -0.293   0.624   91.673
20.900   -2.579   -0.266   0.624   91.562
20.950   -3.890   -0.219   0.624   91.498
21.000   -4.854   -0.147   0.624   91.508
21.050   -5.382   -0.055   0.624   91.595
21.100   -5.416   0.042   0.624   91.727
21.150   -4.944   0.137   0.624   91.854
21.200   -4.013   0.220   0.624   91.932
21.250   -2.718   0.284   0.624   91.933
21.300   -1.179   0.320   0.624   91.856
21.350   0.461   0.321   0.624   91.729
21.400   2.064   0.293   0.624   91.600
21.450   3.482   0.240   0.624   91.516
21.500   4.584   0.158   0.624   91.509
21.550   5.261   0.063   0.624   91.584
21.600   5.458   -0.033   0.624   91.707
21.650   5.146   -0.124   0.624   91.835
21.700   4.362   -0.204   0.624   91.925
21.750   3.178   -0.259   0.624   91.942
21.800   1.714   -0.289   0.624   91.880
21.850   0.101   -0.297   0.624   91.768
21.900   -1.517   -0.287   0.624   91.641
21.950   -3.003   -0.256   0.624   91.538
22.000   -4.221   -0.200   0.624   91.494
22.050   -5.062   -0.119   0.624   91.529
22.100   -5.446   -0.027   0.624   91.632
22.150   -5.327   0.069   0.624   91.762
22.200   -4.708   0.162   0.624   91.877
22.250   -3.658   0.243   0.624   91.934
22.300   -2.273   0.297   0.624   91.908
22.350   -0.690   0.322   0.624   91.809
22.400   0.956   0.316   0.624   91.675
22.450   2.516   0.281   0.624   91.554
22.500   3.852   0.216   0.624   91.491
22.550   4.834   0.131   0.624   91.508
22.600   5.372   0.036   0.624   91.598
22.650   5.414   -0.061   0.624   91.727
22.700   4.957   -0.151   0.624   91.850
22.750   4.040   -0.223   0.624   91.918
22.800   2.762   -0.269   0.621   91.907
22.850   1.238   -0.294   0.621   91.826
22.900   -0.392   -0.298   0.621   91.705
22.950   -1.985   -0.281   0.621   91.580
23.000   -3.402   -0.240   0.621   91.492
23.050   -4.518   -0.176   0.621   91.471
23.100   -5.229   -0.093   0.621   91.526
23.150   -5.464   0.001   0.621   91.641
23.200   -5.191   0.100   0.621   91.774
23.250   -4.435   0.192   0.621   91.878
23.300   -3.271   0.261   0.620   91.909
23.350   -1.813   0.308   0.620   91.858
23.400   -0.193   0.325   0.623   91.746
23.450   1.442   0.309   0.623   91.611
23.500   2.948   0.262   0.623   91.505
23.550   4.189   0.193   0.623   91.464
23.600   5.048   0.105   0.623   91.504
23.650   5.435   0.005   0.623   91.615
23.700   5.330   -0.091   0.623   91.751
23.750   4.723   -0.175   0.623   91.862
23.800   3.688   -0.238   0.623   91.908
23.850   2.319   -0.279   0.623   91.877
23.900   0.751   -0.298   0.623   91.782
23.950   -0.883   -0.294   0.623   91.658
24.000   -2.437   -0.269   0.623   91.543
24.050   -3.776   -0.223   0.623   91.475
24.100   -4.778   -0.155   0.623   91.478
24.150   -5.352   -0.066   0.623   91.558
24.200   -5.435   0.032   0.623   91.689
24.250   -5.011   0.128   0.623   91.819
24.300   -4.123   0.212   0.623   91.904
24.350   -2.859   0.278   0.623   91.913
24.400   -1.337   0.318   0.623   91.844
24.450   0.302   0.323   0.623   91.722
24.500   1.917   0.297   0.623   91.592
24.550   3.354   0.245   0.623   91.504
24.600   4.493   0.168   0.623   91.489
24.650   5.213   0.074   0.623   91.558
24.700   5.459   -0.025   0.623   91.681
24.750   5.195   -0.115   0.623   91.811
24.800   4.453   -0.196   0.623   91.906
24.850   3.304   -0.255   0.623   91.932
24.900   1.862   -0.288   0.623   91.878
24.950   0.257   -0.297   0.623   91.769
25.000   -1.366   -0.288   0.623   91.643
25.050   -2.869   -0.259   0.623   91.536
25.100   -4.118   -0.207   0.623   91.485
25.150   -5.000   -0.129   0.623   91.511
25.200   -5.430   -0.035   0.623   91.609
25.250   -5.360   0.061   0.623   91.741
25.300   -4.788   0.154   0.623   91.859
25.350   -3.776   0.236   0.623   91.923
25.400   -2.420   0.294   0.623   91.905
25.450   -0.851   0.322   0.623   91.812
25.500   0.796   0.318   0.623   91.678
25.550   2.371   0.286   0.623   91.553
25.600   3.737   0.224   0.623   91.480
25.650   4.757   0.139   0.623   91.490
25.700   5.339   0.045   0.623   91.574
25.750   5.432   -0.051   0.623   91.700
25.800   5.022   -0.142   0.623   91.824
25.850   4.145   -0.217   0.623   91.899
25.900   2.895   -0.267   0.620   91.897
25.950   1.388   -0.291   0.620   91.821
26.000   -0.236   -0.297   0.620   91.701
26.050   -1.839   -0.282   0.620   91.576
26.100   -3.278   -0.246   0.620   91.482
26.150   -4.426   -0.182   0.620   91.454
26.200   -5.180   -0.101   0.620   91.504
26.250   -5.463   -0.008   0.620   91.614
26.300   -5.239   0.090   0.620   91.747
26.350   -4.526   0.183   0.620   91.856
26.400   -3.397   0.256   0.620   91.897
26.450   -1.963   0.304   0.620   91.854
26.500   -0.356   0.324   0.621   91.745
26.550   1.284   0.312   0.621   91.611
26.600   2.812   0.268   0.621   91.501
26.650   4.082   0.200   0.621   91.454
26.700   4.984   0.114   0.621   91.487
26.750   5.420   0.017   0.621   91.590
26.800   5.364   -0.081   0.621   91.726
26.850   4.803   -0.168   0.621   91.842
26.900   3.807   -0.234   0.621   91.896
26.950   2.464   -0.276   0.621   91.871
27.000   0.909   -0.297   0.621   91.782
27.050   -0.724   -0.296   0.621   91.659
27.100   -2.293   -0.273   0.621   91.542
27.150   -3.660   -0.227   0.621   91.467
27.200   -4.699   -0.163   0.621   91.461
27.250   -5.317   -0.077   0.621   91.531
27.300   -5.449   0.021   0.621   91.657
27.350   -5.074   0.119   0.621   91.790
27.400   -4.226   0.206   0.621   91.881
27.450   -2.992   0.273   0.621   91.898
27.500   -1.489   0.315   0.621   91.834
27.550   0.142   0.325   0.622   91.713
27.600   1.764   0.301   0.622   91.581
27.650   3.226   0.250   0.622   91.485
27.700   4.399   0.177   0.622   91.460
27.750   5.165   0.085   0.622   91.517
27.800   5.458   -0.015   0.622   91.636
27.850   5.244   -0.108   0.622   91.767
27.900   4.548   -0.188   0.622   91.865
27.950   3.433   -0.249   0.622   91.896
28.000   2.015   -0.286   0.622   91.849
28.050   0.420   -0.298   0.623   91.743
28.100   -1.209   -0.290   0.623   91.615
28.150   -2.732   -0.262   0.623   91.504
28.200   -4.010   -0.212   0.623   91.445
28.250   -4.933   -0.137   0.623   91.463
28.300   -5.410   -0.045   0.623   91.555
28.350   -5.389   0.052   0.623   91.686
28.400   -4.866   0.145   0.623   91.806
28.450   -3.892   0.227   0.623   91.875
28.500   -2.562   0.289   0.623   91.866
28.550   -1.005   0.320   0.623   91.779
28.600   0.641   0.319   0.623   91.648
28.650   2.226   0.288   0.623   91.521
28.700   3.618   0.232   0.623   91.442
28.750   4.676   0.149   0.623   91.444
28.800   5.306   0.054   0.623   91.524
28.850   5.447   -0.042   0.623   91.648
28.900   5.084   -0.133   0.623   91.774
28.950   4.249   -0.210   0.623   91.857
29.000   3.032   -0.263   0.623   91.864
29.050   1.545   -0.290   0.623   91.796
29.100   -0.074   -0.297   0.623   91.680
29.150   -1.686   -0.286   0.623   91.554
29.200   -3.148   -0.252   0.623   91.457
29.250   -4.330   -0.191   0.623   91.421
29.300   -5.127   -0.109   0.623   91.466
29.350   -5.457   -0.017   0.623   91.572
29.400   -5.283   0.078   0.623   91.704
29.450   -4.615   0.173   0.623   91.818
29.500   -3.525   0.249   0.623   91.867
29.550   -2.113   0.300   0.623   91.832
29.600   -0.514   0.323   0.623   91.729
29.650   1.131   0.315   0.623   91.595
29.700   2.674   0.274   0.623   91.479
29.750   3.976   0.206   0.623   91.425
29.800   4.916   0.122   0.623   91.451
29.850   5.398   0.027   0.623   91.547
29.900   5.390   -0.072   0.623   91.681
29.950   4.877   -0.161   0.623   91.801
30.000   3.918   -0.229   0.623   91.862
30.050   2.604   -0.272   0.621   91.843
30.100   1.064   -0.294   0.621   91.756
30.150   -0.570   -0.297   0.621   91.633
30.200   -2.149   -0.277   0.621   91.511
30.250   -3.540   -0.233   0.621   91.430
30.300   -4.615   -0.169   0.621   91.416
30.350   -5.278   -0.085   0.621   91.478
30.400   -5.458   0.011   0.621   91.598
30.450   -5.132   0.110   0.621   91.733
30.500   -4.325   0.199   0.621   91.830
30.550   -3.127   0.266   0.620   91.852
30.600   -1.646   0.312   0.620   91.794
30.650   -0.021   0.326   0.624   91.677
30.700   1.612   0.305   0.624   91.543
30.750   3.096   0.256   0.624   91.442
30.800   4.302   0.185   0.624   91.409
30.850   5.112   0.095   0.624   91.458
30.900   5.451   -0.005   0.624   91.573
30.950   5.285   -0.099   0.624   91.708
31.000   4.632   -0.182   0.624   91.813
31.050   3.554   -0.242   0.624   91.850
31.100   2.159   -0.283   0.624   91.812
31.150   0.574   -0.298   0.624   91.712
31.200   -1.057   -0.292   0.624   91.586
31.250   -2.595   -0.265   0.624   91.474
31.300   -3.901   -0.218   0.624   91.411
31.350   -4.862   -0.146   0.624   91.422
31.400   -5.385   -0.055   0.624   91.509
31.450   -5.413   0.043   0.624   91.641
31.500   -4.937   0.138   0.624   91.768
31.550   -4.002   0.221   0.624   91.846
31.600   -2.703   0.285   0.624   91.847
31.650   -1.165   0.320   0.624   91.770
31.700   0.478   0.322   0.624   91.643
31.750   2.078   0.293   0.624   91.515
31.800   3.494   0.239   0.624   91.432
31.850   4.590   0.158   0.624   91.426
31.900   5.266   0.063   0.624   91.501
31.950   5.453   -0.033   0.624   91.625
32.000   5.140   -0.125   0.624   91.755
32.050   4.348   -0.203   0.624   91.845
32.100   3.163   -0.260   0.624   91.862
32.150   1.696   -0.290   0.624   91.802
32.200   0.084   -0.299   0.625   91.690
32.250   -1.534   -0.288   0.625   91.564
32.300   -3.016   -0.256   0.625   91.463
32.350   -4.231   -0.198   0.625   91.421
32.400   -5.069   -0.118   0.625   91.458
32.450   -5.447   -0.025   0.625   91.563
32.500   -5.322   0.071   0.625   91.696
32.550   -4.700   0.164   0.625   91.813
32.600   -3.645   0.244   0.625   91.872
32.650   -2.259   0.298   0.625   91.846
32.700   -0.673   0.321   0.625   91.749
32.750   0.970   0.316   0.625   91.616
32.800   2.531   0.280   0.625   91.498
32.850   3.862   0.214   0.625   91.437
32.900   4.841   0.130   0.625   91.457
32.950   5.373   0.036   0.625   91.548
33.000   5.413   -0.060   0.625   91.680
33.050   4.948   -0.153   0.625   91.805
33.100   4.032   -0.224   0.625   91.876
33.150   2.746   -0.268   0.620   91.866
33.200   1.221   -0.293   0.620   91.786
33.250   -0.408   -0.297   0.620   91.667
33.300   -2.001   -0.281   0.620   91.545
33.350   -3.416   -0.239   0.620   91.460
33.400   -4.528   -0.175   0.620   91.442
33.450   -5.234   -0.093   0.620   91.499
33.500   -5.464   0.002   0.620   91.616
33.550   -5.186   0.101   0.620   91.752
33.600   -4.425   0.191   0.620   91.856
33.650   -3.258   0.261   0.620   91.888
33.700   -1.795   0.307   0.620   91.838
33.750   -0.177   0.325   0.624   91.725
33.800   1.458   0.309   0.624   91.591
33.850   2.961   0.262   0.624   91.486
33.900   4.200   0.191   0.624   91.448
33.950   5.053   0.104   0.624   91.489
34.000   5.438   0.006   0.624   91.598
34.050   5.325   -0.091   0.624   91.734
34.100   4.717   -0.177   0.624   91.845
34.150   3.675   -0.237   0.624   91.889
34.200   2.306   -0.279   0.624   91.856
34.250   0.735   -0.297   0.624   91.761
34.300   -0.898   -0.295   0.624   91.636
34.350   -2.451   -0.269   0.624   91.520
34.400   -3.787   -0.223   0.624   91.451
34.450   -4.786   -0.154   0.624   91.453
34.500   -5.356   -0.065   0.624   91.532
34.550   -5.433   0.034   0.624   91.661
34.600   -5.004   0.130   0.624   91.791
34.650   -4.113   0.214   0.624   91.874
34.700   -2.844   0.279   0.622   91.881
34.750   -1.321   0.318   0.622   91.810
34.800   0.320   0.323   0.622   91.686
34.850   1.931   0.297   0.622   91.555
34.900   3.370   0.244   0.622   91.466
34.950   4.501   0.168   0.622   91.450
35.000   5.222   0.073   0.622   91.517
35.050   5.458   -0.024   0.622   91.639
35.100   5.192   -0.117   0.622   91.770
35.150   4.443   -0.196   0.622   91.865
35.200   3.293   -0.255   0.622   91.889
35.250   1.846   -0.288   0.622   91.835
