0.000  -5.224  -0.129  0.622  84.237
0.050  -5.464  -0.040  0.622  84.343
0.100  -5.194  0.059  0.622  84.480
0.150  -4.440  0.155  0.622  84.601
0.200  -3.279  0.234  0.622  84.655
0.250  -1.822  0.291  0.622  84.625
0.300  -0.205  0.322  0.622  84.524
0.350  1.436  0.320  0.622  84.387
0.400  2.945  0.285  0.622  84.267
0.450  4.189  0.225  0.622  84.207
0.500  5.047  0.144  0.622  84.229
0.550  5.439  0.048  0.622  84.328
0.600  5.328  -0.051  0.622  84.468
0.650  4.722  -0.141  0.622  84.593
0.700  3.682  -0.212  0.622  84.659
0.750  2.312  -0.264  0.620  84.646
0.800  0.738  -0.293  0.620  84.561
0.850  -0.895  -0.298  0.621  84.435
0.900  -2.449  -0.281  0.621  84.311
0.950  -3.786  -0.244  0.621  84.227
1.000  -4.786  -0.185  0.621  84.211
1.050  -5.356  -0.103  0.621  84.273
1.100  -5.432  -0.006  0.621  84.397
1.150  -5.002  0.091  0.621  84.534
1.200  -4.106  0.181  0.621  84.635
1.250  -2.835  0.256  0.621  84.663
1.300  -1.311  0.307  0.621  84.609
1.350  0.329  0.325  0.622  84.490
1.400  1.940  0.312  0.622  84.352
1.450  3.380  0.271  0.622  84.246
1.500  4.510  0.202  0.622  84.209
1.550  5.226  0.113  0.622  84.259
1.600  5.457  0.016  0.622  84.375
1.650  5.186  -0.078  0.622  84.510
1.700  4.431  -0.164  0.622  84.618
1.750  3.274  -0.234  0.622  84.662
1.800  1.823  -0.276  0.622  84.622
1.850  0.215  -0.294  0.622  84.516
1.900  -1.410  -0.293  0.622  84.384
1.950  -2.909  -0.272  0.622  84.266
2.000  -4.149  -0.228  0.622  84.198
2.050  -5.020  -0.159  0.622  84.207
2.100  -5.436  -0.070  0.622  84.292
2.150  -5.349  0.024  0.622  84.421
2.200  -4.761  0.120  0.622  84.548
2.250  -3.733  0.208  0.622  84.628
2.300  -2.365  0.277  0.622  84.628
2.350  -0.787  0.315  0.622  84.546
2.400  0.858  0.324  0.622  84.413
2.450  2.430  0.302  0.622  84.278
2.500  3.782  0.250  0.622  84.190
2.550  4.791  0.173  0.622  84.182
2.600  5.352  0.083  0.622  84.254
2.650  5.427  -0.014  0.622  84.379
2.700  4.991  -0.110  0.622  84.515
2.750  4.098  -0.192  0.622  84.609
2.800  2.832  -0.249  0.622  84.623
2.850  1.318  -0.283  0.622  84.558
2.900  -0.311  -0.298  0.622  84.442
2.950  -1.911  -0.291  0.622  84.313
3.000  -3.342  -0.260  0.622  84.211
3.050  -4.474  -0.207  0.622  84.171
3.100  -5.207  -0.133  0.622  84.208
3.150  -5.464  -0.043  0.622  84.314
3.200  -5.213  0.055  0.622  84.452
3.250  -4.476  0.153  0.622  84.577
3.300  -3.326  0.231  0.622  84.637
3.350  -1.874  0.289  0.622  84.611
3.400  -0.260  0.322  0.622  84.514
3.450  1.379  0.321  0.622  84.381
3.500  2.894  0.287  0.622  84.262
3.550  4.150  0.227  0.622  84.202
3.600  5.021  0.147  0.622  84.224
3.650  5.431  0.051  0.622  84.324
3.700  5.340  -0.047  0.622  84.466
3.750  4.751  -0.138  0.622  84.596
3.800  3.726  -0.210  0.622  84.668
3.850  2.367  -0.263  0.622  84.659
3.900  0.799  -0.291  0.622  84.579
3.950  -0.836  -0.298  0.622  84.457
4.000  -2.396  -0.282  0.622  84.334
4.050  -3.743  -0.246  0.622  84.251
4.100  -4.757  -0.187  0.622  84.234
4.150  -5.344  -0.106  0.622  84.295
4.200  -5.438  -0.010  0.622  84.419
4.250  -5.025  0.089  0.622  84.560
4.300  -4.146  0.178  0.622  84.663
4.350  -2.888  0.252  0.622  84.694
4.400  -1.369  0.305  0.622  84.642
4.450  0.273  0.325  0.623  84.525
4.500  1.888  0.311  0.623  84.386
4.550  3.334  0.271  0.623  84.278
4.600  4.477  0.205  0.623  84.238
4.650  5.208  0.117  0.623  84.285
4.700  5.454  0.019  0.623  84.399
4.750  5.204  -0.076  0.623  84.536
4.800  4.463  -0.162  0.623  84.646
4.850  3.319  -0.232  0.623  84.690
4.900  1.875  -0.276  0.623  84.653
4.950  0.272  -0.295  0.623  84.548
5.000  -1.355  -0.293  0.623  84.416
5.050  -2.859  -0.274  0.623  84.296
5.100  -4.111  -0.231  0.623  84.226
5.150  -4.996  -0.162  0.623  84.232
5.200  -5.429  -0.074  0.623  84.315
5.250  -5.360  0.021  0.623  84.444
5.300  -4.789  0.117  0.623  84.571
5.350  -3.776  0.205  0.623  84.653
5.400  -2.421  0.274  0.623  84.657
5.450  -0.848  0.314  0.623  84.578
5.500  0.800  0.324  0.623  84.447
5.550  2.380  0.303  0.623  84.312
5.600  3.740  0.253  0.623  84.222
5.650  4.762  0.176  0.623  84.211
5.700  5.342  0.086  0.623  84.282
5.750  5.433  -0.011  0.623  84.406
5.800  5.016  -0.106  0.623  84.542
5.850  4.138  -0.189  0.623  84.638
5.900  2.880  -0.248  0.623  84.656
5.950  1.373  -0.282  0.623  84.594
6.000  -0.255  -0.297  0.623  84.478
6.050  -1.857  -0.292  0.623  84.348
6.100  -3.296  -0.263  0.623  84.244
6.150  -4.440  -0.210  0.623  84.200
6.200  -5.188  -0.136  0.623  84.233
6.250  -5.463  -0.046  0.623  84.335
6.300  -5.230  0.051  0.623  84.472
6.350  -4.507  0.148  0.623  84.595
6.400  -3.373  0.229  0.623  84.656
6.450  -1.931  0.288  0.621  84.631
6.500  -0.322  0.321  0.621  84.533
6.550  1.320  0.322  0.621  84.398
6.600  2.845  0.289  0.621  84.274
6.650  4.112  0.230  0.621  84.208
6.700  5.000  0.151  0.621  84.224
6.750  5.426  0.055  0.621  84.317
6.800  5.352  -0.044  0.621  84.453
6.850  4.780  -0.136  0.621  84.582
6.900  3.768  -0.208  0.621  84.653
6.950  2.418  -0.261  0.621  84.643
7.000  0.855  -0.291  0.621  84.561
7.050  -0.779  -0.299  0.623  84.436
7.100  -2.344  -0.283  0.623  84.309
7.150  -3.701  -0.247  0.623  84.220
7.200  -4.728  -0.189  0.623  84.197
7.250  -5.331  -0.110  0.623  84.252
7.300  -5.444  -0.015  0.623  84.370
7.350  -5.048  0.084  0.623  84.508
7.400  -4.183  0.176  0.623  84.612
7.450  -2.934  0.250  0.623  84.642
7.500  -1.424  0.305  0.623  84.592
7.550  0.213  0.325  0.624  84.475
7.600  1.832  0.314  0.624  84.335
7.650  3.287  0.274  0.624  84.224
7.700  4.442  0.208  0.624  84.180
7.750  5.192  0.119  0.624  84.222
7.800  5.457  0.021  0.624  84.335
7.850  5.224  -0.073  0.624  84.472
7.900  4.500  -0.160  0.624  84.583
7.950  3.368  -0.229  0.624  84.631
8.000  1.933  -0.274  0.624  84.597
8.050  0.334  -0.295  0.624  84.495
8.100  -1.296  -0.294  0.624  84.364
8.150  -2.809  -0.275  0.624  84.246
8.200  -4.072  -0.232  0.624  84.175
8.250  -4.973  -0.165  0.624  84.179
8.300  -5.422  -0.077  0.624  84.262
8.350  -5.372  0.017  0.624  84.392
8.400  -4.819  0.113  0.624  84.522
8.450  -3.818  0.202  0.624  84.608
8.500  -2.470  0.272  0.624  84.617
8.550  -0.902  0.313  0.624  84.543
8.600  0.743  0.324  0.624  84.416
8.650  2.323  0.304  0.624  84.282
8.700  3.695  0.254  0.624  84.193
8.750  4.733  0.179  0.624  84.181
8.800  5.327  0.089  0.624  84.252
8.850  5.437  -0.007  0.624  84.378
8.900  5.039  -0.102  0.624  84.515
8.950  4.177  -0.187  0.624  84.615
9.000  2.934  -0.247  0.624  84.640
9.050  1.432  -0.282  0.624  84.582
9.100  -0.194  -0.296  0.624  84.469
9.150  -1.800  -0.292  0.624  84.341
9.200  -3.248  -0.265  0.624  84.236
9.250  -4.405  -0.213  0.624  84.192
9.300  -5.169  -0.138  0.624  84.225
9.350  -5.462  -0.050  0.624  84.327
9.400  -5.247  0.047  0.624  84.464
9.450  -4.542  0.145  0.624  84.590
9.500  -3.421  0.227  0.624  84.655
9.550  -1.986  0.286  0.621  84.635
9.600  -0.377  0.320  0.621  84.541
9.650  1.267  0.322  0.621  84.407
9.700  2.794  0.291  0.621  84.283
9.750  4.072  0.231  0.621  84.216
9.800  4.976  0.153  0.621  84.230
9.850  5.418  0.059  0.621  84.322
9.900  5.364  -0.040  0.621  84.460
9.950  4.808  -0.133  0.621  84.591
10.000  3.810  -0.207  0.621  84.666
10.050  2.470  -0.260  0.620  84.660
10.100  0.913  -0.290  0.620  84.581
10.150  -0.722  -0.299  0.623  84.458
10.200  -2.292  -0.285  0.623  84.331
10.250  -3.658  -0.249  0.623  84.242
10.300  -4.699  -0.192  0.623  84.218
10.350  -5.318  -0.112  0.623  84.272
10.400  -5.448  -0.017  0.623  84.390
10.450  -5.070  0.081  0.623  84.529
10.500  -4.221  0.173  0.623  84.636
10.550  -2.986  0.247  0.623  84.672
10.600  -1.482  0.302  0.623  84.624
10.650  0.155  0.325  0.623  84.510
10.700  1.777  0.314  0.623  84.371
10.750  3.241  0.274  0.623  84.259
10.800  4.408  0.210  0.623  84.215
10.850  5.172  0.123  0.623  84.255
10.900  5.454  0.025  0.623  84.367
10.950  5.239  -0.070  0.623  84.505
11.000  4.530  -0.157  0.623  84.619
11.050  3.411  -0.227  0.623  84.669
11.100  1.985  -0.273  0.623  84.639
11.150  0.389  -0.294  0.623  84.540
11.200  -1.240  -0.294  0.623  84.410
11.250  -2.759  -0.276  0.623  84.291
11.300  -4.033  -0.234  0.623  84.218
11.350  -4.948  -0.168  0.623  84.220
11.400  -5.414  -0.081  0.623  84.300
11.450  -5.382  0.014  0.623  84.431
11.500  -4.845  0.110  0.623  84.562
11.550  -3.860  0.198  0.623  84.650
11.600  -2.525  0.270  0.623  84.662
11.650  -0.963  0.313  0.623  84.591
11.700  0.682  0.324  0.623  84.465
11.750  2.272  0.306  0.623  84.330
11.800  3.652  0.257  0.623  84.238
11.850  4.703  0.183  0.623  84.222
11.900  5.315  0.093  0.623  84.288
11.950  5.444  -0.003  0.623  84.411
12.000  5.061  -0.099  0.623  84.548
12.050  4.213  -0.183  0.623  84.649
12.100  2.980  -0.244  0.623  84.675
12.150  1.485  -0.280  0.623  84.617
12.200  -0.139  -0.296  0.623  84.504
12.250  -1.747  -0.292  0.623  84.373
12.300  -3.202  -0.265  0.623  84.265
12.350  -4.370  -0.214  0.623  84.215
12.400  -5.150  -0.141  0.623  84.244
12.450  -5.460  -0.052  0.623  84.342
12.500  -5.263  0.044  0.623  84.475
12.550  -4.574  0.142  0.623  84.599
12.600  -3.464  0.225  0.623  84.665
12.650  -2.040  0.285  0.620  84.645
12.700  -0.439  0.319  0.620  84.549
12.750  1.206  0.323  0.620  84.413
12.800  2.742  0.293  0.620  84.285
12.850  4.032  0.235  0.620  84.213
12.900  4.951  0.157  0.620  84.222
12.950  5.411  0.062  0.620  84.308
13.000  5.375  -0.037  0.620  84.443
13.050  4.838  -0.130  0.620  84.574
13.100  3.854  -0.205  0.620  84.650
13.150  2.524  -0.258  0.620  84.646
13.200  0.972  -0.289  0.620  84.568
13.250  -0.663  -0.299  0.623  84.445
13.300  -2.236  -0.285  0.623  84.317
13.350  -3.614  -0.251  0.623  84.226
13.400  -4.668  -0.194  0.623  84.199
13.450  -5.303  -0.116  0.623  84.251
13.500  -5.453  -0.021  0.623  84.368
13.550  -5.094  0.077  0.623  84.508
13.600  -4.259  0.170  0.623  84.618
13.650  -3.034  0.245  0.623  84.658
13.700  -1.536  0.300  0.623  84.615
13.750  0.096  0.325  0.624  84.505
13.800  1.719  0.315  0.624  84.368
13.850  3.192  0.276  0.624  84.257
13.900  4.373  0.213  0.624  84.211
13.950  5.154  0.127  0.624  84.249
14.000  5.455  0.029  0.624  84.361
14.050  5.256  -0.067  0.624  84.502
14.100  4.566  -0.154  0.624  84.619
14.150  3.460  -0.225  0.624  84.674
14.200  2.042  -0.272  0.624  84.648
14.250  0.449  -0.294  0.624  84.553
14.300  -1.182  -0.294  0.624  84.425
14.350  -2.708  -0.276  0.624  84.307
14.400  -3.993  -0.236  0.624  84.233
14.450  -4.922  -0.171  0.624  84.232
14.500  -5.407  -0.084  0.624  84.311
14.550  -5.392  0.011  0.624  84.441
14.600  -4.873  0.107  0.624  84.574
14.650  -3.904  0.195  0.624  84.663
14.700  -2.577  0.268  0.624  84.678
14.750  -1.018  0.312  0.624  84.609
14.800  0.628  0.324  0.624  84.483
14.850  2.219  0.307  0.624  84.347
14.900  3.609  0.260  0.624  84.251
14.950  4.674  0.185  0.624  84.231
15.000  5.303  0.096  0.624  84.295
15.050  5.447  -0.001  0.624  84.417
15.100  5.084  -0.096  0.624  84.553
15.150  4.250  -0.181  0.624  84.655
15.200  3.031  -0.243  0.624  84.683
15.250  1.544  -0.279  0.624  84.627
15.300  -0.078  -0.296  0.624  84.515
15.350  -1.690  -0.292  0.624  84.384
15.400  -3.153  -0.267  0.624  84.275
15.450  -4.334  -0.216  0.624  84.222
15.500  -5.130  -0.144  0.624  84.248
15.550  -5.458  -0.055  0.624  84.344
15.600  -5.279  0.041  0.624  84.478
15.650  -4.606  0.138  0.624  84.603
15.700  -3.512  0.223  0.624  84.673
15.750  -2.097  0.284  0.621  84.659
15.800  -0.496  0.318  0.621  84.567
15.850  1.152  0.324  0.621  84.433
15.900  2.694  0.294  0.621  84.305
15.950  3.993  0.237  0.621  84.233
16.000  4.926  0.159  0.621  84.241
16.050  5.405  0.065  0.621  84.328
16.100  5.386  -0.032  0.621  84.463
16.150  4.864  -0.127  0.621  84.596
16.200  3.894  -0.202  0.621  84.677
16.250  2.574  -0.256  0.620  84.677
16.300  1.027  -0.288  0.620  84.602
16.350  -0.607  -0.299  0.623  84.481
16.400  -2.185  -0.286  0.623  84.354
16.450  -3.571  -0.252  0.623  84.261
16.500  -4.637  -0.195  0.623  84.234
16.550  -5.289  -0.118  0.623  84.284
16.600  -5.456  -0.025  0.623  84.398
16.650  -5.114  0.074  0.623  84.538
16.700  -4.296  0.168  0.623  84.652
16.750  -3.084  0.244  0.623  84.695
16.800  -1.596  0.299  0.623  84.654
16.850  0.034  0.325  0.624  84.545
16.900  1.664  0.317  0.624  84.408
16.950  3.145  0.278  0.624  84.294
17.000  4.337  0.216  0.624  84.245
17.050  5.134  0.131  0.624  84.279
17.100  5.452  0.032  0.624  84.389
17.150  5.272  -0.064  0.624  84.529
17.200  4.595  -0.151  0.624  84.647
17.250  3.503  -0.222  0.624  84.703
17.300  2.093  -0.271  0.624  84.680
17.350  0.504  -0.295  0.624  84.586
17.400  -1.128  -0.295  0.624  84.458
17.450  -2.659  -0.277  0.624  84.337
17.500  -3.954  -0.238  0.624  84.261
17.550  -4.897  -0.174  0.624  84.257
17.600  -5.398  -0.088  0.624  84.332
17.650  -5.401  0.008  0.624  84.461
17.700  -4.899  0.104  0.624  84.595
17.750  -3.943  0.193  0.624  84.686
17.800  -2.627  0.266  0.624  84.704
17.850  -1.078  0.311  0.624  84.638
17.900  0.566  0.325  0.624  84.513
17.950  2.164  0.308  0.624  84.376
18.000  3.564  0.263  0.624  84.278
18.050  4.642  0.188  0.624  84.255
18.100  5.289  0.099  0.624  84.316
18.150  5.452  0.003  0.624  84.436
18.200  5.104  -0.092  0.624  84.571
18.250  4.290  -0.178  0.624  84.674
18.300  3.077  -0.242  0.624  84.705
18.350  1.599  -0.279  0.624  84.653
18.400  -0.019  -0.296  0.624  84.542
18.450  -1.635  -0.292  0.624  84.411
18.500  -3.106  -0.268  0.624  84.299
18.550  -4.299  -0.218  0.624  84.244
18.600  -5.109  -0.146  0.624  84.266
18.650  -5.455  -0.058  0.624  84.359
18.700  -5.295  0.037  0.624  84.491
18.750  -4.638  0.135  0.624  84.616
18.800  -3.555  0.221  0.624  84.688
18.850  -2.148  0.283  0.621  84.676
18.900  -0.553  0.318  0.621  84.585
18.950  1.091  0.324  0.621  84.450
19.000  2.639  0.297  0.621  84.320
19.050  3.952  0.240  0.621  84.244
19.100  4.899  0.162  0.621  84.248
19.150  5.396  0.071  0.621  84.329
19.200  5.394  -0.028  0.621  84.461
19.250  4.891  -0.122  0.621  84.593
19.300  3.937  -0.200  0.621  84.675
19.350  2.628  -0.254  0.620  84.676
19.400  1.086  -0.286  0.620  84.601
19.450  -0.546  -0.298  0.623  84.480
19.500  -2.131  -0.287  0.623  84.351
19.550  -3.525  -0.254  0.623  84.255
19.600  -4.606  -0.198  0.623  84.222
19.650  -5.274  -0.122  0.623  84.267
19.700  -5.459  -0.028  0.623  84.377
19.750  -5.135  0.071  0.623  84.515
19.800  -4.334  0.165  0.623  84.629
19.850  -3.133  0.241  0.623  84.671
19.900  -1.649  0.297  0.623  84.630
19.950  -0.021  0.325  0.623  84.521
20.000  1.607  0.318  0.623  84.381
20.050  3.095  0.280  0.623  84.263
20.100  4.300  0.219  0.623  84.209
20.150  5.113  0.134  0.623  84.238
20.200  5.447  0.037  0.623  84.342
20.250  5.286  -0.060  0.623  84.478
20.300  4.627  -0.148  0.623  84.595
20.350  3.549  -0.219  0.623  84.651
20.400  2.151  -0.269  0.623  84.628
20.450  0.565  -0.294  0.623  84.534
20.500  -1.068  -0.295  0.623  84.404
20.550  -2.606  -0.278  0.623  84.280
20.600  -3.913  -0.240  0.623  84.199
20.650  -4.870  -0.176  0.623  84.190
20.700  -5.388  -0.090  0.623  84.261
20.750  -5.410  0.005  0.623  84.387
20.800  -4.926  0.101  0.623  84.519
20.850  -3.986  0.191  0.623  84.612
20.900  -2.682  0.263  0.623  84.630
20.950  -1.135  0.309  0.623  84.565
21.000  0.510  0.325  0.623  84.440
21.050  2.111  0.309  0.623  84.303
21.100  3.520  0.265  0.623  84.202
21.150  4.611  0.192  0.623  84.175
21.200  5.273  0.101  0.623  84.235
21.250  5.454  0.007  0.623  84.354
21.300  5.125  -0.089  0.623  84.490
21.350  4.323  -0.175  0.623  84.597
21.400  3.125  -0.240  0.623  84.633
21.450  1.652  -0.278  0.623  84.584
21.500  0.035  -0.295  0.623  84.476
21.550  -1.581  -0.293  0.623  84.346
21.600  -3.058  -0.270  0.623  84.235
21.650  -4.263  -0.222  0.623  84.179
21.700  -5.088  -0.149  0.623  84.200
21.750  -5.451  -0.061  0.623  84.294
21.800  -5.308  0.034  0.623  84.428
21.850  -4.668  0.131  0.623  84.557
21.900  -3.600  0.218  0.623  84.634
21.950  -2.204  0.281  0.620  84.628
22.000  -0.613  0.317  0.620  84.541
22.050  1.037  0.325  0.620  84.410
22.100  2.592  0.299  0.620  84.281
22.150  3.913  0.243  0.620  84.204
22.200  4.874  0.165  0.620  84.207
22.250  5.387  0.074  0.620  84.288
22.300  5.402  -0.025  0.620  84.421
22.350  4.918  -0.120  0.620  84.557
22.400  3.976  -0.198  0.620  84.644
22.450  2.678  -0.252  0.620  84.649
22.500  1.141  -0.286  0.620  84.579
22.550  -0.490  -0.298  0.623  84.460
22.600  -2.078  -0.288  0.623  84.331
22.650  -3.481  -0.254  0.623  84.234
22.700  -4.574  -0.200  0.623  84.200
22.750  -5.258  -0.124  0.623  84.243
22.800  -5.461  -0.032  0.623  84.352
22.850  -5.155  0.067  0.623  84.491
22.900  -4.368  0.162  0.623  84.606
22.950  -3.180  0.238  0.623  84.652
23.000  -1.708  0.295  0.623  84.614
23.050  -0.083  0.324  0.623  84.507
23.100  1.551  0.318  0.623  84.368
23.150  3.046  0.282  0.623  84.249
23.200  4.264  0.222  0.623  84.192
23.250  5.087  0.138  0.623  84.217
23.300  5.449  0.040  0.623  84.320
23.350  5.301  -0.057  0.623  84.457
23.400  4.658  -0.146  0.623  84.577
23.450  3.594  -0.217  0.623  84.635
23.500  2.203  -0.267  0.623  84.614
23.550  0.622  -0.293  0.623  84.522
23.600  -1.012  -0.296  0.623  84.393
23.650  -2.556  -0.277  0.623  84.268
23.700  -3.871  -0.242  0.623  84.186
23.750  -4.843  -0.179  0.623  84.174
23.800  -5.378  -0.095  0.623  84.242
23.850  -5.418  0.001  0.623  84.367
23.900  -4.951  0.097  0.623  84.501
23.950  -4.025  0.188  0.623  84.596
24.000  -2.729  0.260  0.623  84.618
24.050  -1.192  0.309  0.623  84.557
24.100  0.450  0.324  0.623  84.434
24.150  2.055  0.309  0.623  84.297
24.200  3.475  0.265  0.623  84.195
24.250  4.578  0.196  0.623  84.166
24.300  5.258  0.105  0.623  84.223
24.350  5.454  0.010  0.623  84.342
24.400  5.147  -0.085  0.623  84.479
24.450  4.360  -0.171  0.623  84.586
24.500  3.176  -0.238  0.623  84.626
24.550  1.710  -0.277  0.623  84.581
24.600  0.097  -0.294  0.623  84.474
24.650  -1.523  -0.292  0.623  84.345
24.700  -3.008  -0.271  0.623  84.233
24.750  -4.225  -0.223  0.623  84.175
24.800  -5.066  -0.152  0.623  84.194
24.850  -5.446  -0.064  0.623  84.288
24.900  -5.323  0.030  0.623  84.420
24.950  -4.701  0.127  0.623  84.550
25.000  -3.645  0.214  0.623  84.629
25.050  -2.257  0.279  0.620  84.625
25.100  -0.669  0.315  0.620  84.541
25.150  0.977  0.324  0.620  84.411
25.200  2.537  0.299  0.620  84.281
25.250  3.868  0.245  0.620  84.202
25.300  4.846  0.167  0.620  84.203
25.350  5.376  0.077  0.620  84.283
25.400  5.411  -0.021  0.620  84.414
25.450  4.942  -0.116  0.620  84.552
25.500  4.017  -0.196  0.620  84.642
25.550  2.730  -0.251  0.620  84.650
25.600  1.201  -0.285  0.620  84.583
25.650  -0.431  -0.297  0.621  84.465
25.700  -2.022  -0.289  0.621  84.337
25.750  -3.435  -0.256  0.621  84.239
25.800  -4.542  -0.202  0.621  84.204
25.850  -5.242  -0.127  0.621  84.245
25.900  -5.462  -0.036  0.621  84.353
25.950  -5.175  0.063  0.621  84.492
26.000  -4.404  0.158  0.621  84.610
26.050  -3.230  0.235  0.621  84.660
26.100  -1.762  0.293  0.621  84.626
26.150  -0.139  0.324  0.621  84.523
26.200  1.497  0.319  0.621  84.385
26.250  2.998  0.284  0.621  84.264
26.300  4.226  0.222  0.621  84.206
26.350  5.070  0.142  0.621  84.229
26.400  5.440  0.044  0.621  84.331
26.450  5.314  -0.053  0.621  84.469
26.500  4.689  -0.143  0.621  84.590
26.550  3.636  -0.215  0.621  84.651
26.600  2.256  -0.266  0.621  84.633
26.650  0.678  -0.293  0.621  84.544
26.700  -0.955  -0.297  0.621  84.416
26.750  -2.503  -0.280  0.621  84.290
26.800  -3.830  -0.244  0.621  84.205
26.850  -4.816  -0.182  0.621  84.189
26.900  -5.368  -0.099  0.621  84.254
26.950  -5.425  -0.003  0.621  84.376
27.000  -4.976  0.093  0.621  84.509
27.050  -4.065  0.183  0.621  84.604
27.100  -2.784  0.257  0.621  84.627
27.150  -1.252  0.308  0.621  84.567
27.200  0.393  0.324  0.621  84.445
27.250  2.001  0.310  0.621  84.305
27.300  3.430  0.268  0.621  84.198
27.350  4.545  0.198  0.621  84.163
27.400  5.244  0.108  0.621  84.214
27.450  5.456  0.012  0.621  84.330
27.500  5.165  -0.083  0.621  84.464
27.550  4.393  -0.168  0.621  84.570
27.600  3.221  -0.237  0.621  84.610
27.650  1.762  -0.278  0.621  84.566
27.700  0.153  -0.295  0.621  84.458
27.750  -1.469  -0.294  0.621  84.326
27.800  -2.961  -0.273  0.621  84.209
27.850  -4.189  -0.227  0.621  84.145
27.900  -5.044  -0.157  0.621  84.157
27.950  -5.441  -0.069  0.621  84.244
28.000  -5.335  0.026  0.621  84.373
28.050  -4.729  0.123  0.621  84.500
28.100  -3.687  0.210  0.621  84.579
28.150  -2.311  0.277  0.621  84.576
28.200  -0.728  0.314  0.621  84.492
28.250  0.917  0.323  0.621  84.360
28.300  2.485  0.300  0.621  84.228
28.350  3.826  0.247  0.621  84.143
28.400  4.820  0.170  0.621  84.139
28.450  5.361  0.079  0.621  84.214
28.500  5.419  -0.018  0.621  84.341
28.550  4.965  -0.112  0.621  84.476
28.600  4.057  -0.195  0.621  84.567
28.650  2.778  -0.249  0.621  84.578
28.700  1.255  -0.285  0.621  84.510
28.750  -0.376  -0.298  0.621  84.392
28.800  -1.970  -0.291  0.621  84.261
28.850  -3.391  -0.259  0.621  84.160
28.900  -4.509  -0.206  0.621  84.120
28.950  -5.225  -0.130  0.621  84.157
29.000  -5.463  -0.041  0.621  84.261
29.050  -5.193  0.059  0.621  84.398
29.100  -4.438  0.155  0.621  84.518
29.150  -3.275  0.233  0.621  84.570
29.200  -1.817  0.290  0.621  84.538
29.250  -0.200  0.322  0.621  84.436
29.300  1.439  0.319  0.621  84.299
29.350  2.946  0.285  0.621  84.177
29.400  4.191  0.224  0.621  84.117
29.450  5.048  0.145  0.621  84.137
29.500  5.438  0.047  0.621  84.235
29.550  5.327  -0.050  0.621  84.373
29.600  4.722  -0.141  0.621  84.497
29.650  3.681  -0.212  0.621  84.562
29.700  2.311  -0.265  0.620  84.548
29.750  0.739  -0.292  0.620  84.461
29.800  -0.897  -0.297  0.620  84.334
29.850  -2.450  -0.280  0.620  84.209
29.900  -3.788  -0.245  0.620  84.124
29.950  -4.788  -0.185  0.620  84.108
30.000  -5.356  -0.103  0.620  84.171
30.050  -5.432  -0.006  0.620  84.295
30.100  -5.001  0.090  0.620  84.432
30.150  -4.105  0.181  0.620  84.533
30.200  -2.832  0.254  0.620  84.561
30.250  -1.306  0.306  0.620  84.507
30.300  0.334  0.325  0.622  84.389
30.350  1.944  0.311  0.622  84.252
30.400  3.384  0.270  0.622  84.147
30.450  4.513  0.201  0.622  84.113
30.500  5.228  0.112  0.622  84.165
30.550  5.458  0.016  0.622  84.283
30.600  5.185  -0.079  0.622  84.420
30.650  4.428  -0.165  0.622  84.532
30.700  3.273  -0.234  0.622  84.577
30.750  1.821  -0.275  0.622  84.539
30.800  0.213  -0.295  0.622  84.436
30.850  -1.410  -0.293  0.622  84.308
30.900  -2.911  -0.273  0.622  84.193
30.950  -4.151  -0.229  0.622  84.130
31.000  -5.021  -0.159  0.622  84.142
31.050  -5.436  -0.071  0.622  84.231
31.100  -5.348  0.023  0.622  84.364
31.150  -4.760  0.120  0.622  84.494
31.200  -3.733  0.207  0.622  84.578
31.250  -2.365  0.275  0.622  84.581
31.300  -0.783  0.312  0.622  84.501
31.350  0.864  0.323  0.622  84.371
31.400  2.434  0.301  0.622  84.239
31.450  3.785  0.250  0.622  84.153
31.500  4.793  0.172  0.622  84.147
31.550  5.354  0.082  0.622  84.221
31.600  5.427  -0.015  0.622  84.349
31.650  4.989  -0.110  0.622  84.485
31.700  4.096  -0.194  0.622  84.581
31.750  2.829  -0.249  0.622  84.597
31.800  1.313  -0.284  0.622  84.533
31.850  -0.315  -0.297  0.622  84.417
31.900  -1.915  -0.292  0.622  84.287
31.950  -3.344  -0.261  0.622  84.185
32.000  -4.475  -0.208  0.622  84.144
32.050  -5.208  -0.134  0.622  84.180
32.100  -5.463  -0.044  0.622  84.284
32.150  -5.211  0.054  0.622  84.421
32.200  -4.472  0.150  0.622  84.543
32.250  -3.324  0.231  0.622  84.601
32.300  -1.874  0.289  0.622  84.573
32.350  -0.258  0.321  0.622  84.473
32.400  1.384  0.320  0.622  84.337
32.450  2.899  0.287  0.622  84.215
