0.000   5.322   0.127   0.615   77.301
0.050   5.439   0.033   0.615   77.418
0.100   5.054   -0.062   0.615   77.560
0.150   4.198   -0.151   0.615   77.676
0.200   2.963   -0.220   0.615   77.722
0.250   1.462   -0.265   0.612   77.681
0.300   -0.163   -0.289   0.612   77.575
0.350   -1.773   -0.293   0.612   77.443
0.400   -3.226   -0.274   0.612   77.327
0.450   -4.390   -0.232   0.612   77.264
0.500   -5.162   -0.168   0.612   77.276
0.550   -5.460   -0.086   0.612   77.362
0.600   -5.252   0.007   0.612   77.495
0.650   -4.553   0.105   0.612   77.626
0.700   -3.434   0.193   0.612   77.709
0.750   -2.001   0.262   0.610   77.710
0.800   -0.390   0.305   0.610   77.630
0.850   1.253   0.320   0.613   77.499
0.900   2.786   0.303   0.613   77.364
0.950   4.065   0.255   0.613   77.278
1.000   4.973   0.185   0.613   77.270
1.050   5.417   0.097   0.613   77.345
1.100   5.367   -0.000   0.613   77.475
1.150   4.810   -0.095   0.613   77.614
1.200   3.812   -0.176   0.613   77.706
1.250   2.470   -0.238   0.613   77.719
1.300   0.912   -0.278   0.613   77.654
1.350   -0.723   -0.293   0.614   77.534
1.400   -2.294   -0.287   0.614   77.401
1.450   -3.661   -0.261   0.614   77.299
1.500   -4.702   -0.214   0.614   77.258
1.550   -5.319   -0.144   0.614   77.294
1.600   -5.448   -0.055   0.614   77.400
1.650   -5.066   0.042   0.614   77.538
1.700   -4.212   0.135   0.614   77.654
1.750   -2.974   0.217   0.614   77.708
1.800   -1.465   0.281   0.614   77.678
1.850   0.172   0.315   0.614   77.575
1.900   1.797   0.316   0.614   77.435
1.950   3.258   0.289   0.614   77.310
2.000   4.424   0.234   0.614   77.246
2.050   5.180   0.155   0.614   77.266
2.100   5.457   0.062   0.614   77.365
2.150   5.228   -0.032   0.614   77.502
2.200   4.515   -0.123   0.614   77.625
2.250   3.385   -0.200   0.614   77.692
2.300   1.955   -0.255   0.614   77.677
2.350   0.353   -0.284   0.614   77.587
2.400   -1.276   -0.293   0.614   77.455
2.450   -2.792   -0.283   0.614   77.327
2.500   -4.060   -0.249   0.614   77.242
2.550   -4.964   -0.191   0.614   77.227
2.600   -5.420   -0.113   0.614   77.290
2.650   -5.373   -0.023   0.614   77.411
2.700   -4.823   0.072   0.614   77.544
2.750   -3.826   0.165   0.614   77.644
2.800   -2.480   0.244   0.614   77.673
2.850   -0.915   0.296   0.614   77.616
2.900   0.736   0.318   0.614   77.495
2.950   2.319   0.310   0.614   77.355
3.000   3.696   0.274   0.614   77.247
3.050   4.731   0.210   0.614   77.212
3.100   5.329   0.126   0.614   77.264
3.150   5.436   0.030   0.614   77.381
3.200   5.038   -0.065   0.614   77.521
3.250   4.169   -0.153   0.614   77.635
3.300   2.925   -0.221   0.614   77.677
3.350   1.419   -0.267   0.611   77.635
3.400   -0.207   -0.290   0.611   77.528
3.450   -1.813   -0.293   0.611   77.397
3.500   -3.259   -0.273   0.611   77.282
3.550   -4.414   -0.231   0.611   77.221
3.600   -5.175   -0.168   0.611   77.236
3.650   -5.462   -0.085   0.611   77.323
3.700   -5.241   0.009   0.611   77.456
3.750   -4.528   0.107   0.611   77.589
3.800   -3.400   0.193   0.611   77.670
3.850   -1.963   0.262   0.611   77.668
3.900   -0.352   0.306   0.611   77.586
3.950   1.290   0.319   0.613   77.454
4.000   2.819   0.300   0.613   77.321
4.050   4.091   0.254   0.613   77.236
4.100   4.989   0.184   0.613   77.231
4.150   5.420   0.094   0.613   77.308
4.200   5.358   -0.004   0.613   77.441
4.250   4.789   -0.097   0.613   77.578
4.300   3.784   -0.176   0.613   77.667
4.350   2.434   -0.238   0.613   77.678
4.400   0.873   -0.278   0.613   77.609
4.450   -0.764   -0.294   0.613   77.488
4.500   -2.331   -0.287   0.613   77.355
4.550   -3.692   -0.261   0.613   77.253
4.600   -4.723   -0.214   0.613   77.212
4.650   -5.328   -0.142   0.613   77.249
4.700   -5.445   -0.052   0.613   77.356
4.750   -5.051   0.044   0.613   77.493
4.800   -4.185   0.137   0.613   77.608
4.850   -2.937   0.219   0.613   77.659
4.900   -1.423   0.283   0.613   77.628
4.950   0.213   0.316   0.613   77.523
5.000   1.834   0.315   0.613   77.382
5.050   3.288   0.288   0.613   77.258
5.100   4.446   0.233   0.613   77.195
5.150   5.190   0.154   0.613   77.217
5.200   5.458   0.060   0.613   77.317
5.250   5.217   -0.035   0.613   77.454
5.300   4.492   -0.125   0.613   77.577
5.350   3.356   -0.202   0.613   77.644
5.400   1.919   -0.257   0.613   77.629
5.450   0.315   -0.285   0.613   77.538
5.500   -1.312   -0.292   0.613   77.407
5.550   -2.826   -0.281   0.613   77.281
5.600   -4.086   -0.249   0.613   77.198
5.650   -4.981   -0.191   0.613   77.186
5.700   -5.425   -0.111   0.613   77.253
5.750   -5.366   -0.020   0.613   77.375
5.800   -4.805   0.075   0.613   77.510
5.850   -3.799   0.167   0.613   77.611
5.900   -2.443   0.245   0.613   77.639
5.950   -0.871   0.297   0.613   77.582
6.000   0.778   0.320   0.614   77.461
6.050   2.354   0.312   0.614   77.323
6.100   3.723   0.273   0.614   77.218
6.150   4.750   0.207   0.614   77.187
6.200   5.338   0.124   0.614   77.240
6.250   5.434   0.030   0.614   77.360
6.300   5.021   -0.066   0.614   77.501
6.350   4.144   -0.155   0.614   77.613
6.400   2.892   -0.224   0.614   77.654
6.450   1.382   -0.267   0.614   77.610
6.500   -0.245   -0.290   0.614   77.502
6.550   -1.851   -0.292   0.614   77.370
6.600   -3.290   -0.274   0.614   77.256
6.650   -4.437   -0.231   0.614   77.196
6.700   -5.187   -0.166   0.614   77.211
6.750   -5.463   -0.082   0.614   77.299
6.800   -5.229   0.012   0.614   77.431
6.850   -4.506   0.110   0.614   77.562
6.900   -3.370   0.195   0.614   77.640
6.950   -1.927   0.263   0.612   77.635
7.000   -0.310   0.307   0.612   77.550
7.050   1.331   0.321   0.613   77.417
7.100   2.856   0.300   0.613   77.283
7.150   4.119   0.252   0.613   77.198
7.200   5.007   0.182   0.613   77.192
7.250   5.427   0.093   0.613   77.268
7.300   5.350   -0.006   0.613   77.400
7.350   4.768   -0.098   0.613   77.535
7.400   3.754   -0.179   0.613   77.620
7.450   2.395   -0.240   0.613   77.628
7.500   0.832   -0.279   0.613   77.558
7.550   -0.805   -0.294   0.615   77.434
7.600   -2.369   -0.287   0.615   77.301
7.650   -3.722   -0.260   0.615   77.199
7.700   -4.743   -0.212   0.615   77.159
7.750   -5.337   -0.140   0.615   77.197
7.800   -5.440   -0.049   0.615   77.305
7.850   -5.035   0.046   0.615   77.442
7.900   -4.159   0.139   0.615   77.555
7.950   -2.903   0.221   0.615   77.604
8.000   -1.387   0.283   0.615   77.570
8.050   0.252   0.316   0.615   77.464
8.100   1.873   0.316   0.615   77.322
8.150   3.322   0.287   0.615   77.200
8.200   4.470   0.230   0.615   77.139
8.250   5.203   0.151   0.615   77.164
8.300   5.456   0.057   0.615   77.267
8.350   5.204   -0.036   0.615   77.405
8.400   4.469   -0.128   0.615   77.529
8.450   3.321   -0.204   0.615   77.594
8.500   1.879   -0.257   0.615   77.578
8.550   0.273   -0.285   0.615   77.486
8.600   -1.354   -0.293   0.615   77.357
8.650   -2.861   -0.282   0.615   77.233
8.700   -4.113   -0.247   0.615   77.152
8.750   -4.998   -0.188   0.615   77.144
8.800   -5.430   -0.108   0.615   77.215
8.850   -5.359   -0.017   0.615   77.342
8.900   -4.784   0.077   0.615   77.479
8.950   -3.767   0.170   0.615   77.580
9.000   -2.406   0.246   0.615   77.609
9.050   -0.833   0.297   0.615   77.551
9.100   0.816   0.318   0.615   77.431
9.150   2.392   0.311   0.615   77.296
9.200   3.755   0.271   0.615   77.195
9.250   4.772   0.205   0.615   77.168
9.300   5.347   0.122   0.615   77.227
9.350   5.430   0.027   0.615   77.349
9.400   5.007   -0.069   0.615   77.493
9.450   4.119   -0.157   0.615   77.607
9.500   2.859   -0.224   0.615   77.648
9.550   1.345   -0.268   0.611   77.604
9.600   -0.285   -0.290   0.611   77.497
9.650   -1.887   -0.292   0.611   77.367
9.700   -3.323   -0.271   0.611   77.256
9.750   -4.461   -0.228   0.611   77.200
9.800   -5.200   -0.163   0.611   77.221
9.850   -5.463   -0.080   0.611   77.313
9.900   -5.217   0.016   0.611   77.449
9.950   -4.483   0.113   0.611   77.583
10.000   -3.335   0.199   0.611   77.662
10.050   -1.885   0.266   0.611   77.657
10.100   -0.269   0.309   0.611   77.574
10.150   1.370   0.321   0.614   77.443
10.200   2.890   0.299   0.614   77.312
10.250   4.145   0.251   0.614   77.232
10.300   5.023   0.180   0.614   77.232
10.350   5.431   0.089   0.614   77.314
10.400   5.342   -0.008   0.614   77.450
10.450   4.750   -0.101   0.614   77.589
10.500   3.726   -0.180   0.614   77.676
10.550   2.363   -0.241   0.614   77.686
10.600   0.794   -0.280   0.614   77.618
10.650   -0.842   -0.294   0.614   77.498
10.700   -2.403   -0.285   0.614   77.368
10.750   -3.751   -0.259   0.614   77.272
10.800   -4.763   -0.210   0.614   77.238
10.850   -5.346   -0.138   0.614   77.282
10.900   -5.436   -0.046   0.614   77.396
10.950   -5.019   0.049   0.614   77.537
11.000   -4.134   0.141   0.614   77.653
11.050   -2.870   0.223   0.614   77.704
11.100   -1.345   0.285   0.614   77.672
11.150   0.296   0.317   0.614   77.568
11.200   1.911   0.316   0.614   77.429
11.250   3.355   0.287   0.614   77.310
11.300   4.493   0.230   0.614   77.255
11.350   5.215   0.149   0.614   77.285
11.400   5.457   0.055   0.614   77.390
11.450   5.192   -0.038   0.614   77.530
11.500   4.446   -0.129   0.614   77.653
11.550   3.286   -0.206   0.614   77.719
11.600   1.843   -0.258   0.614   77.700
11.650   0.234   -0.285   0.614   77.607
11.700   -1.391   -0.293   0.614   77.477
11.750   -2.894   -0.280   0.614   77.354
11.800   -4.139   -0.246   0.614   77.274
11.850   -5.014   -0.186   0.614   77.267
11.900   -5.434   -0.107   0.614   77.337
11.950   -5.350   -0.015   0.614   77.461
12.000   -4.764   0.080   0.614   77.595
12.050   -3.740   0.172   0.614   77.692
12.100   -2.372   0.248   0.614   77.715
12.150   -0.793   0.297   0.614   77.651
12.200   0.857   0.320   0.614   77.527
12.250   2.430   0.311   0.614   77.387
12.300   3.785   0.270   0.614   77.283
12.350   4.789   0.203   0.614   77.255
12.400   5.354   0.119   0.614   77.310
12.450   5.424   0.024   0.614   77.429
12.500   4.988   -0.071   0.614   77.568
12.550   4.091   -0.159   0.614   77.677
12.600   2.821   -0.225   0.614   77.712
12.650   1.301   -0.268   0.614   77.661
12.700   -0.328   -0.292   0.614   77.550
12.750   -1.927   -0.292   0.614   77.416
12.800   -3.356   -0.271   0.614   77.302
12.850   -4.485   -0.227   0.614   77.245
12.900   -5.212   -0.161   0.614   77.263
12.950   -5.464   -0.077   0.614   77.353
13.000   -5.205   0.017   0.614   77.486
13.050   -4.459   0.116   0.614   77.617
13.100   -3.304   0.201   0.614   77.691
13.150   -1.850   0.266   0.612   77.681
13.200   -0.231   0.309   0.612   77.593
13.250   1.409   0.321   0.613   77.460
13.300   2.925   0.298   0.613   77.328
13.350   4.172   0.250   0.613   77.248
13.400   5.039   0.178   0.613   77.248
13.450   5.433   0.086   0.613   77.331
13.500   5.333   -0.010   0.613   77.467
13.550   4.728   -0.103   0.613   77.602
13.600   3.693   -0.182   0.613   77.687
13.650   2.323   -0.243   0.613   77.694
13.700   0.751   -0.280   0.613   77.622
13.750   -0.886   -0.294   0.615   77.500
13.800   -2.441   -0.286   0.615   77.370
13.850   -3.781   -0.258   0.615   77.273
13.900   -4.783   -0.208   0.615   77.240
13.950   -5.355   -0.134   0.615   77.287
14.000   -5.432   -0.044   0.615   77.401
14.050   -5.002   0.051   0.615   77.541
14.100   -4.105   0.144   0.615   77.654
14.150   -2.833   0.225   0.615   77.702
14.200   -1.307   0.287   0.615   77.668
14.250   0.333   0.317   0.615   77.561
14.300   1.948   0.315   0.615   77.422
14.350   3.386   0.285   0.615   77.305
14.400   4.516   0.228   0.615   77.251
14.450   5.227   0.147   0.615   77.283
14.500   5.457   0.054   0.615   77.389
14.550   5.179   -0.040   0.615   77.529
14.600   4.422   -0.131   0.615   77.651
14.650   3.258   -0.207   0.615   77.715
14.700   1.805   -0.259   0.615   77.695
14.750   0.195   -0.286   0.615   77.600
14.800   -1.430   -0.293   0.615   77.470
14.850   -2.929   -0.280   0.615   77.348
14.900   -4.166   -0.243   0.615   77.270
14.950   -5.031   -0.185   0.615   77.264
15.000   -5.438   -0.104   0.615   77.337
15.050   -5.342   -0.014   0.615   77.462
15.100   -4.745   0.083   0.615   77.597
15.150   -3.708   0.176   0.615   77.693
15.200   -2.333   0.250   0.615   77.715
15.250   -0.751   0.299   0.615   77.650
15.300   0.897   0.320   0.615   77.525
15.350   2.466   0.310   0.615   77.386
15.400   3.814   0.267   0.615   77.285
15.450   4.810   0.201   0.615   77.259
15.500   5.363   0.117   0.615   77.317
15.550   5.420   0.022   0.615   77.437
15.600   4.974   -0.074   0.615   77.578
15.650   4.065   -0.162   0.615   77.686
15.700   2.792   -0.227   0.615   77.719
15.750   1.266   -0.269   0.614   77.667
15.800   -0.364   -0.291   0.614   77.555
15.850   -1.963   -0.292   0.614   77.422
15.900   -3.387   -0.269   0.614   77.310
15.950   -4.507   -0.225   0.614   77.255
16.000   -5.224   -0.160   0.614   77.275
16.050   -5.463   -0.075   0.614   77.367
16.100   -5.192   0.021   0.614   77.502
16.150   -4.437   0.118   0.614   77.631
16.200   -3.271   0.202   0.614   77.705
16.250   -1.810   0.268   0.612   77.693
16.300   -0.187   0.311   0.612   77.605
16.350   1.449   0.321   0.614   77.471
16.400   2.960   0.298   0.614   77.340
16.450   4.197   0.248   0.614   77.263
16.500   5.054   0.176   0.614   77.266
16.550   5.435   0.084   0.614   77.352
16.600   5.331   -0.014   0.614   77.489
16.650   4.711   -0.105   0.614   77.624
16.700   3.664   -0.183   0.614   77.708
16.750   2.289   -0.244   0.614   77.713
16.800   0.715   -0.281   0.614   77.641
16.850   -0.922   -0.294   0.615   77.519
16.900   -2.476   -0.285   0.615   77.390
16.950   -3.809   -0.258   0.615   77.296
17.000   -4.802   -0.207   0.615   77.266
17.050   -5.362   -0.133   0.615   77.314
17.100   -5.428   -0.041   0.615   77.430
17.150   -4.985   0.053   0.615   77.569
17.200   -4.079   0.146   0.615   77.683
17.250   -2.801   0.227   0.615   77.730
17.300   -1.268   0.288   0.615   77.694
17.350   0.377   0.316   0.615   77.586
17.400   1.988   0.315   0.615   77.447
17.450   3.420   0.284   0.615   77.330
17.500   4.539   0.226   0.615   77.278
17.550   5.241   0.144   0.615   77.312
17.600   5.458   0.051   0.615   77.419
17.650   5.167   -0.043   0.615   77.559
17.700   4.396   -0.132   0.615   77.680
17.750   3.225   -0.210   0.615   77.743
17.800   1.764   -0.258   0.615   77.718
17.850   0.152   -0.287   0.615   77.622
17.900   -1.471   -0.293   0.615   77.490
17.950   -2.964   -0.280   0.615   77.367
18.000   -4.192   -0.243   0.615   77.290
18.050   -5.046   -0.183   0.615   77.285
18.100   -5.442   -0.102   0.615   77.358
18.150   -5.333   -0.011   0.615   77.483
18.200   -4.724   0.085   0.615   77.616
18.250   -3.678   0.177   0.615   77.711
18.300   -2.298   0.252   0.615   77.729
18.350   -0.714   0.299   0.615   77.661
18.400   0.936   0.320   0.615   77.534
18.450   2.503   0.309   0.615   77.395
18.500   3.843   0.268   0.615   77.294
18.550   4.830   0.199   0.615   77.269
18.600   5.369   0.115   0.615   77.327
18.650   5.415   0.019   0.615   77.448
18.700   4.955   -0.077   0.615   77.588
18.750   4.036   -0.163   0.615   77.693
18.800   2.752   -0.227   0.615   77.722
18.850   1.224   -0.271   0.614   77.667
18.900   -0.408   -0.292   0.614   77.553
18.950   -2.002   -0.292   0.614   77.419
19.000   -3.419   -0.269   0.614   77.307
19.050   -4.531   -0.225   0.614   77.252
19.100   -5.236   -0.158   0.614   77.273
19.150   -5.463   -0.073   0.614   77.366
19.200   -5.179   0.023   0.614   77.500
19.250   -4.411   0.119   0.614   77.627
19.300   -3.237   0.203   0.614   77.696
19.350   -1.772   0.269   0.612   77.681
19.400   -0.150   0.312   0.612   77.590
19.450   1.487   0.319   0.612   77.453
19.500   2.992   0.296   0.612   77.322
19.550   4.223   0.246   0.612   77.245
19.600   5.069   0.174   0.612   77.248
19.650   5.439   0.081   0.612   77.333
19.700   5.312   -0.015   0.612   77.469
19.750   4.688   -0.107   0.612   77.601
19.800   3.634   -0.185   0.612   77.680
19.850   2.252   -0.246   0.612   77.682
19.900   0.673   -0.281   0.612   77.607
19.950   -0.962   -0.294   0.614   77.482
20.000   -2.511   -0.284   0.614   77.351
20.050   -3.838   -0.257   0.614   77.256
20.100   -4.821   -0.205   0.614   77.226
20.150   -5.370   -0.130   0.614   77.275
20.200   -5.423   -0.039   0.614   77.391
20.250   -4.969   0.055   0.614   77.529
20.300   -4.051   0.148   0.614   77.639
20.350   -2.762   0.229   0.614   77.684
20.400   -1.227   0.290   0.614   77.645
20.450   0.416   0.317   0.614   77.535
20.500   2.023   0.315   0.614   77.396
20.550   3.450   0.283   0.614   77.280
20.600   4.561   0.224   0.614   77.230
20.650   5.251   0.141   0.614   77.267
20.700   5.454   0.049   0.614   77.376
20.750   5.153   -0.046   0.614   77.516
20.800   4.372   -0.136   0.614   77.638
20.850   3.194   -0.211   0.614   77.700
20.900   1.729   -0.260   0.613   77.676
20.950   0.115   -0.286   0.613   77.579
21.000   -1.507   -0.291   0.613   77.450
21.050   -2.996   -0.280   0.613   77.330
21.100   -4.217   -0.242   0.613   77.257
21.150   -5.062   -0.181   0.613   77.257
21.200   -5.446   -0.099   0.613   77.335
21.250   -5.324   -0.008   0.613   77.465
21.300   -4.704   0.088   0.613   77.600
21.350   -3.650   0.180   0.613   77.697
21.400   -2.260   0.253   0.613   77.716
21.450   -0.670   0.300   0.613   77.649
21.500   0.978   0.320   0.614   77.525
21.550   2.539   0.308   0.614   77.389
21.600   3.872   0.265   0.614   77.293
21.650   4.850   0.197   0.614   77.274
21.700   5.374   0.114   0.614   77.338
21.750   5.410   0.017   0.614   77.463
21.800   4.936   -0.079   0.614   77.606
21.850   4.011   -0.165   0.614   77.713
21.900   2.717   -0.229   0.614   77.743
21.950   1.187   -0.271   0.614   77.690
22.000   -0.446   -0.293   0.614   77.578
22.050   -2.038   -0.291   0.614   77.447
22.100   -3.449   -0.268   0.614   77.339
22.150   -4.553   -0.224   0.614   77.288
22.200   -5.247   -0.156   0.614   77.313
22.250   -5.462   -0.071   0.614   77.409
22.300   -5.166   0.026   0.614   77.547
22.350   -4.388   0.121   0.614   77.674
22.400   -3.207   0.205   0.614   77.742
22.450   -1.734   0.272   0.613   77.728
22.500   -0.107   0.312   0.613   77.637
22.550   1.530   0.321   0.614   77.501
22.600   3.027   0.297   0.614   77.372
22.650   4.252   0.245   0.614   77.296
22.700   5.084   0.174   0.614   77.301
22.750   5.444   0.080   0.614   77.388
22.800   5.303   -0.016   0.614   77.524
22.850   4.667   -0.110   0.614   77.656
22.900   3.602   -0.187   0.614   77.734
22.950   2.214   -0.248   0.614   77.734
23.000   0.631   -0.282   0.614   77.655
23.050   -1.004   -0.294   0.614   77.528
23.100   -2.549   -0.284   0.614   77.396
23.150   -3.867   -0.257   0.614   77.301
23.200   -4.840   -0.204   0.614   77.270
23.250   -5.377   -0.129   0.614   77.319
23.300   -5.418   -0.037   0.614   77.433
23.350   -4.950   0.058   0.614   77.568
23.400   -4.024   0.150   0.614   77.674
23.450   -2.729   0.231   0.614   77.713
23.500   -1.190   0.290   0.614   77.668
23.550   0.456   0.317   0.614   77.553
23.600   2.062   0.315   0.614   77.410
23.650   3.484   0.283   0.614   77.291
23.700   4.582   0.223   0.614   77.239
23.750   5.264   0.141   0.614   77.272
23.800   5.454   0.047   0.614   77.378
23.850   5.143   -0.047   0.614   77.513
23.900   4.347   -0.138   0.614   77.630
23.950   3.159   -0.213   0.614   77.684
24.000   1.688   -0.261   0.614   77.653
24.050   0.071   -0.287   0.614   77.550
24.100   -1.549   -0.293   0.614   77.415
24.150   -3.031   -0.279   0.614   77.291
24.200   -4.244   -0.240   0.614   77.215
24.250   -5.077   -0.179   0.614   77.213
24.300   -5.448   -0.099   0.614   77.287
24.350   -5.314   -0.007   0.614   77.412
24.400   -4.681   0.090   0.614   77.543
24.450   -3.616   0.181   0.614   77.633
24.500   -2.223   0.254   0.614   77.646
24.550   -0.631   0.301   0.614   77.574
24.600   1.016   0.321   0.615   77.446
24.650   2.574   0.308   0.615   77.308
24.700   3.900   0.265   0.615   77.211
24.750   4.868   0.196   0.615   77.190
24.800   5.383   0.111   0.615   77.253
24.850   5.406   0.015   0.615   77.376
24.900   4.920   -0.080   0.615   77.517
24.950   3.984   -0.166   0.615   77.620
25.000   2.683   -0.230   0.615   77.646
25.050   1.148   -0.272   0.615   77.589
25.100   -0.486   -0.292   0.615   77.475
25.150   -2.075   -0.291   0.615   77.342
25.200   -3.481   -0.267   0.615   77.234
25.250   -4.574   -0.223   0.615   77.183
25.300   -5.259   -0.154   0.615   77.209
25.350   -5.461   -0.068   0.615   77.307
25.400   -5.153   0.027   0.615   77.443
25.450   -4.362   0.123   0.615   77.568
25.500   -3.172   0.206   0.615   77.633
25.550   -1.692   0.272   0.614   77.616
25.600   -0.067   0.313   0.614   77.522
25.650   1.568   0.319   0.614   77.385
25.700   3.060   0.295   0.614   77.256
25.750   4.276   0.244   0.614   77.182
25.800   5.099   0.170   0.614   77.190
25.850   5.447   0.077   0.614   77.279
25.900   5.294   -0.019   0.614   77.417
25.950   4.649   -0.110   0.614   77.547
26.000   3.574   -0.188   0.614   77.624
26.050   2.180   -0.249   0.614   77.622
26.100   0.594   -0.282   0.614   77.542
26.150   -1.041   -0.293   0.614   77.415
26.200   -2.583   -0.283   0.614   77.286
26.250   -3.895   -0.255   0.614   77.193
26.300   -4.859   -0.203   0.614   77.165
26.350   -5.385   -0.126   0.614   77.219
26.400   -5.412   -0.034   0.614   77.337
26.450   -4.934   0.060   0.614   77.475
26.500   -3.997   0.153   0.614   77.583
26.550   -2.693   0.233   0.614   77.623
26.600   -1.147   0.291   0.614   77.580
26.650   0.500   0.316   0.614   77.466
26.700   2.100   0.314   0.614   77.327
26.750   3.513   0.283   0.614   77.213
26.800   4.604   0.221   0.614   77.167
26.850   5.273   0.137   0.614   77.209
26.900   5.451   0.045   0.614   77.320
26.950   5.127   -0.049   0.614   77.460
27.000   4.322   -0.139   0.614   77.581
27.050   3.126   -0.214   0.614   77.638
27.100   1.651   -0.262   0.612   77.609
27.150   0.034   -0.287   0.612   77.510
27.200   -1.585   -0.292   0.612   77.380
27.250   -3.064   -0.278   0.612   77.261
27.300   -4.268   -0.239   0.612   77.190
27.350   -5.092   -0.177   0.612   77.195
27.400   -5.451   -0.096   0.612   77.274
27.450   -5.305   -0.005   0.612   77.403
27.500   -4.661   0.093   0.612   77.538
27.550   -3.588   0.184   0.612   77.631
27.600   -2.188   0.256   0.612   77.645
27.650   -0.591   0.302   0.612   77.574
27.700   1.057   0.321   0.614   77.447
27.750   2.611   0.307   0.614   77.312
27.800   3.927   0.264   0.614   77.218
27.850   4.886   0.194   0.614   77.202
27.900   5.389   0.110   0.614   77.268
27.950   5.398   0.014   0.614   77.393
28.000   4.899   -0.083   0.614   77.534
28.050   3.953   -0.168   0.614   77.637
28.100   2.645   -0.231   0.614   77.662
28.150   1.104   -0.273   0.614   77.604
28.200   -0.528   -0.292   0.614   77.489
28.250   -2.114   -0.291   0.614   77.356
28.300   -3.512   -0.266   0.614   77.248
28.350   -4.597   -0.221   0.614   77.200
28.400   -5.269   -0.153   0.614   77.226
28.450   -5.459   -0.066   0.614   77.325
28.500   -5.138   0.031   0.614   77.462
28.550   -4.338   0.126   0.614   77.586
28.600   -3.140   0.209   0.614   77.650
28.650   -1.658   0.273   0.613   77.630
28.700   -0.029   0.313   0.613   77.535
28.750   1.604   0.319   0.613   77.397
28.800   3.095   0.294   0.613   77.268
28.850   4.301   0.243   0.613   77.195
28.900   5.112   0.168   0.613   77.205
28.950   5.449   0.075   0.613   77.295
29.000   5.284   -0.021   0.613   77.432
29.050   4.624   -0.112   0.613   77.560
29.100   3.540   -0.191   0.613   77.636
29.150   2.140   -0.250   0.613   77.632
29.200   0.550   -0.283   0.613   77.551
29.250   -1.083   -0.292   0.613   77.423
29.300   -2.620   -0.283   0.613   77.294
29.350   -3.924   -0.255   0.613   77.202
29.400   -4.878   -0.201   0.613   77.176
29.450   -5.391   -0.124   0.613   77.231
29.500   -5.406   -0.032   0.613   77.350
29.550   -4.915   0.062   0.613   77.486
29.600   -3.967   0.155   0.613   77.592
29.650   -2.657   0.235   0.613   77.630
29.700   -1.110   0.292   0.613   77.583
29.750   0.537   0.317   0.613   77.468
29.800   2.136   0.314   0.613   77.328
29.850   3.544   0.281   0.613   77.214
29.900   4.627   0.218   0.613   77.170
29.950   5.284   0.135   0.613   77.212
30.000   5.451   0.043   0.613   77.324
30.050   5.113   -0.052   0.613   77.462
30.100   4.297   -0.143   0.613   77.581
30.150   3.094   -0.216   0.613   77.637
30.200   1.612   -0.262   0.611   77.605
30.250   -0.007   -0.288   0.611   77.504
30.300   -1.624   -0.293   0.612   77.373
30.350   -3.097   -0.278   0.612   77.254
30.400   -4.294   -0.238   0.612   77.185
30.450   -5.107   -0.174   0.612   77.191
30.500   -5.454   -0.094   0.612   77.273
30.550   -5.295   -0.002   0.612   77.403
30.600   -4.639   0.095   0.612   77.538
30.650   -3.555   0.185   0.612   77.630
30.700   -2.147   0.256   0.612   77.642
30.750   -0.549   0.303   0.612   77.569
30.800   1.095   0.321   0.613   77.443
30.850   2.647   0.306   0.613   77.309
30.900   3.955   0.260   0.613   77.219
30.950   4.905   0.192   0.613   77.206
31.000   5.393   0.106   0.613   77.276
31.050   5.394   0.010   0.613   77.405
31.100   4.883   -0.086   0.613   77.548
31.150   3.928   -0.169   0.613   77.651
31.200   2.614   -0.232   0.613   77.675
31.250   1.070   -0.273   0.613   77.618
31.300   -0.566   -0.293   0.614   77.504
31.350   -2.149   -0.289   0.614   77.373
31.400   -3.543   -0.264   0.614   77.269
31.450   -4.619   -0.219   0.614   77.224
31.500   -5.281   -0.151   0.614   77.255
31.550   -5.458   -0.064   0.614   77.357
31.600   -5.124   0.033   0.614   77.498
31.650   -4.314   0.128   0.614   77.623
31.700   -3.106   0.211   0.614   77.687
31.750   -1.615   0.276   0.614   77.667
31.800   0.014   0.314   0.614   77.572
31.850   1.646   0.319   0.614   77.436
31.900   3.127   0.293   0.614   77.310
31.950   4.328   0.242   0.614   77.241
32.000   5.128   0.166   0.614   77.254
32.050   5.452   0.072   0.614   77.349
32.100   5.273   -0.023   0.614   77.487
32.150   4.604   -0.114   0.614   77.616
32.200   3.511   -0.192   0.614   77.691
32.250   2.106   -0.250   0.614   77.686
32.300   0.514   -0.283   0.614   77.603
32.350   -1.120   -0.293   0.614   77.475
32.400   -2.654   -0.282   0.614   77.346
32.450   -3.951   -0.253   0.614   77.255
32.500   -4.896   -0.199   0.614   77.231
32.550   -5.398   -0.122   0.614   77.287
32.600   -5.401   -0.030   0.614   77.406
32.650   -4.898   0.063   0.614   77.539
32.700   -3.941   0.157   0.614   77.642
32.750   -2.624   0.236   0.614   77.678
32.800   -1.070   0.292   0.614   77.627
32.850   0.580   0.317   0.614   77.509
32.900   2.174   0.314   0.614   77.366
32.950   3.577   0.279   0.614   77.251
33.000   4.649   0.216   0.614   77.206
33.050   5.294   0.133   0.614   77.247
33.100   5.449   0.041   0.614   77.356
33.150   5.098   -0.055   0.614   77.492
33.200   4.272   -0.145   0.614   77.607
33.250   3.059   -0.217   0.614   77.656
33.300   1.573   -0.264   0.612   77.619
33.350   -0.049   -0.289   0.612   77.513
33.400   -1.663   -0.293   0.612   77.379
33.450   -3.131   -0.277   0.612   77.258
33.500   -4.318   -0.236   0.612   77.187
33.550   -5.121   -0.174   0.612   77.192
33.600   -5.456   -0.093   0.612   77.271
33.650   -5.284   -0.000   0.612   77.398
33.700   -4.617   0.097   0.612   77.529
33.750   -3.524   0.187   0.612   77.617
33.800   -2.113   0.257   0.612   77.623
33.850   -0.511   0.303   0.612   77.546
33.900   1.135   0.320   0.613   77.417
33.950   2.683   0.305   0.613   77.281
34.000   3.984   0.259   0.613   77.190
34.050   4.923   0.191   0.613   77.177
34.100   5.401   0.105   0.613   77.246
34.150   5.385   0.007   0.613   77.374
34.200   4.865   -0.089   0.613   77.516
34.250   3.896   -0.171   0.613   77.615
34.300   2.573   -0.233   0.613   77.636
34.350   1.027   -0.274   0.613   77.575
34.400   -0.609   -0.293   0.614   77.460
