0.000   -5.238   -0.033   0.594   68.914
0.050   -4.522   0.060   0.594   69.050
0.100   -3.392   0.150   0.594   69.150
0.150   -1.949   0.225   0.594   69.174
0.200   -0.335   0.279   0.594   69.115
0.250   1.311   0.306   0.594   68.996
0.300   2.838   0.302   0.594   68.860
0.350   4.108   0.270   0.594   68.759
0.400   4.999   0.213   0.594   68.732
0.450   5.426   0.132   0.594   68.789
0.500   5.350   0.040   0.594   68.912
0.550   4.775   -0.051   0.594   69.056
0.600   3.758   -0.134   0.594   69.164
0.650   2.402   -0.205   0.594   69.202
0.700   0.833   -0.255   0.593   69.157
0.750   -0.804   -0.280   0.593   69.048
0.800   -2.370   -0.281   0.593   68.916
0.850   -3.724   -0.267   0.593   68.806
0.900   -4.745   -0.230   0.593   68.752
0.950   -5.338   -0.170   0.593   68.773
1.000   -5.439   -0.088   0.593   68.867
1.050   -5.029   0.001   0.593   69.002
1.100   -4.151   0.091   0.593   69.127
1.150   -2.891   0.176   0.593   69.198
1.200   -1.372   0.249   0.593   69.191
1.250   0.272   0.292   0.593   69.106
1.300   1.891   0.307   0.593   68.973
1.350   3.341   0.293   0.593   68.843
1.400   4.483   0.251   0.593   68.764
1.450   5.214   0.183   0.593   68.767
1.500   5.457   0.099   0.593   68.852
1.550   5.196   0.009   0.593   68.985
1.600   4.448   -0.082   0.593   69.117
1.650   3.294   -0.165   0.593   69.203
1.700   1.845   -0.226   0.593   69.209
1.750   0.236   -0.265   0.592   69.133
1.800   -1.392   -0.281   0.592   69.007
1.850   -2.897   -0.280   0.592   68.877
1.900   -4.142   -0.256   0.592   68.782
1.950   -5.016   -0.209   0.592   68.754
2.000   -5.435   -0.139   0.592   68.804
2.050   -5.348   -0.058   0.592   68.915
2.100   -4.757   0.032   0.592   69.048
2.150   -3.726   0.126   0.592   69.158
2.200   -2.354   0.208   0.592   69.205
2.250   -0.772   0.267   0.588   69.166
2.300   0.877   0.301   0.588   69.057
2.350   2.450   0.307   0.589   68.919
2.400   3.802   0.283   0.589   68.804
2.450   4.806   0.229   0.589   68.753
2.500   5.359   0.156   0.589   68.787
2.550   5.422   0.068   0.589   68.893
2.600   4.976   -0.025   0.589   69.034
2.650   4.070   -0.115   0.589   69.157
2.700   2.791   -0.188   0.589   69.215
2.750   1.267   -0.243   0.589   69.189
2.800   -0.367   -0.275   0.589   69.092
2.850   -1.965   -0.285   0.592   68.961
2.900   -3.391   -0.273   0.592   68.841
2.950   -4.511   -0.240   0.592   68.770
3.000   -5.227   -0.187   0.592   68.770
3.050   -5.463   -0.113   0.592   68.844
3.100   -5.189   -0.024   0.592   68.970
3.150   -4.427   0.069   0.592   69.105
3.200   -3.258   0.157   0.592   69.195
3.250   -1.791   0.230   0.592   69.207
3.300   -0.167   0.284   0.592   69.140
3.350   1.473   0.308   0.592   69.015
3.400   2.978   0.300   0.592   68.878
3.450   4.217   0.264   0.592   68.782
3.500   5.063   0.205   0.592   68.761
3.550   5.440   0.123   0.592   68.825
3.600   5.313   0.033   0.592   68.951
3.650   4.692   -0.059   0.592   69.089
3.700   3.636   -0.141   0.592   69.187
3.750   2.254   -0.211   0.592   69.212
3.800   0.672   -0.258   0.592   69.157
3.850   -0.965   -0.280   0.592   69.041
3.900   -2.516   -0.281   0.592   68.906
3.950   -3.843   -0.264   0.592   68.798
4.000   -4.826   -0.225   0.592   68.748
4.050   -5.372   -0.162   0.592   68.775
4.100   -5.421   -0.080   0.592   68.873
4.150   -4.961   0.009   0.592   69.005
4.200   -4.041   0.101   0.592   69.123
4.250   -2.747   0.187   0.592   69.185
4.300   -1.207   0.256   0.592   69.169
4.350   0.442   0.296   0.592   69.075
4.400   2.047   0.306   0.592   68.937
4.450   3.472   0.291   0.592   68.809
4.500   4.575   0.247   0.592   68.735
4.550   5.261   0.176   0.592   68.745
4.600   5.453   0.090   0.592   68.835
4.650   5.141   -0.000   0.592   68.969
4.700   4.346   -0.090   0.592   69.097
4.750   3.159   -0.171   0.592   69.175
4.800   1.686   -0.230   0.592   69.171
4.850   0.070   -0.267   0.592   69.087
4.900   -1.553   -0.283   0.592   68.959
4.950   -3.036   -0.279   0.592   68.831
5.000   -4.249   -0.252   0.592   68.742
5.050   -5.081   -0.202   0.592   68.722
5.100   -5.450   -0.133   0.592   68.778
5.150   -5.310   -0.048   0.592   68.893
5.200   -4.672   0.043   0.592   69.025
5.250   -3.603   0.135   0.592   69.131
5.300   -2.204   0.215   0.592   69.170
5.350   -0.608   0.271   0.591   69.121
5.400   1.043   0.303   0.591   69.006
5.450   2.601   0.306   0.591   68.868
5.500   3.919   0.277   0.591   68.756
5.550   4.883   0.222   0.591   68.713
5.600   5.388   0.147   0.591   68.756
5.650   5.400   0.058   0.591   68.868
5.700   4.901   -0.036   0.591   69.009
5.750   3.952   -0.122   0.591   69.126
5.800   2.642   -0.194   0.591   69.176
5.850   1.100   -0.247   0.589   69.140
5.900   -0.536   -0.277   0.589   69.038
5.950   -2.123   -0.284   0.590   68.906
6.000   -3.520   -0.271   0.590   68.789
6.050   -4.603   -0.237   0.590   68.724
6.100   -5.273   -0.180   0.590   68.732
6.150   -5.458   -0.104   0.590   68.814
6.200   -5.132   -0.014   0.590   68.944
6.250   -4.325   0.078   0.590   69.076
6.300   -3.121   0.164   0.590   69.159
6.350   -1.633   0.237   0.590   69.165
6.400   -0.005   0.288   0.590   69.092
6.450   1.631   0.307   0.591   68.964
6.500   3.118   0.297   0.591   68.831
6.550   4.322   0.260   0.591   68.742
6.600   5.124   0.197   0.591   68.730
6.650   5.451   0.113   0.591   68.803
6.700   5.273   0.023   0.591   68.933
6.750   4.603   -0.067   0.591   69.070
6.800   3.508   -0.151   0.591   69.166
6.850   2.099   -0.218   0.591   69.187
6.900   0.506   -0.261   0.591   69.126
6.950   -1.128   -0.281   0.591   69.007
7.000   -2.662   -0.281   0.591   68.876
7.050   -3.960   -0.263   0.591   68.774
7.100   -4.902   -0.220   0.591   68.733
7.150   -5.400   -0.155   0.591   68.770
7.200   -5.398   -0.071   0.591   68.875
7.250   -4.887   0.017   0.591   69.010
7.300   -3.924   0.109   0.591   69.126
7.350   -2.598   0.195   0.591   69.185
7.400   -1.042   0.260   0.591   69.161
7.450   0.607   0.296   0.591   69.061
7.500   2.202   0.306   0.591   68.923
7.550   3.602   0.288   0.591   68.800
7.600   4.666   0.239   0.591   68.735
7.650   5.302   0.167   0.591   68.756
7.700   5.445   0.083   0.591   68.853
7.750   5.084   -0.010   0.591   68.989
7.800   4.246   -0.101   0.591   69.116
7.850   3.025   -0.179   0.591   69.187
7.900   1.529   -0.235   0.591   69.174
7.950   -0.095   -0.270   0.591   69.085
8.000   -1.710   -0.285   0.592   68.955
8.050   -3.174   -0.279   0.592   68.829
8.100   -4.352   -0.249   0.592   68.745
8.150   -5.141   -0.197   0.592   68.732
8.200   -5.459   -0.126   0.592   68.794
8.250   -5.269   -0.041   0.592   68.912
8.300   -4.584   0.052   0.592   69.044
8.350   -3.475   0.143   0.592   69.144
8.400   -2.048   0.219   0.592   69.171
8.450   -0.438   0.275   0.592   69.114
8.500   1.207   0.305   0.592   68.994
8.550   2.747   0.303   0.592   68.855
8.600   4.036   0.271   0.592   68.748
8.650   4.956   0.215   0.592   68.713
8.700   5.411   0.138   0.592   68.763
8.750   5.373   0.046   0.592   68.880
8.800   4.824   -0.046   0.592   69.020
8.850   3.836   -0.130   0.592   69.130
8.900   2.498   -0.201   0.592   69.169
8.950   0.942   -0.253   0.590   69.127
9.000   -0.696   -0.279   0.590   69.019
9.050   -2.270   -0.283   0.590   68.885
9.100   -3.645   -0.267   0.590   68.771
9.150   -4.690   -0.232   0.590   68.712
9.200   -5.315   -0.174   0.590   68.727
9.250   -5.447   -0.095   0.590   68.816
9.300   -5.071   -0.004   0.590   68.950
9.350   -4.220   0.087   0.590   69.079
9.400   -2.982   0.172   0.590   69.156
9.450   -1.473   0.244   0.590   69.155
9.500   0.168   0.291   0.590   69.076
9.550   1.794   0.307   0.592   68.947
9.600   3.256   0.296   0.592   68.818
9.650   4.423   0.256   0.592   68.737
9.700   5.180   0.189   0.592   68.737
9.750   5.457   0.105   0.592   68.821
9.800   5.227   0.015   0.592   68.956
9.850   4.510   -0.075   0.592   69.093
9.900   3.377   -0.158   0.592   69.185
9.950   1.944   -0.224   0.592   69.201
10.000   0.339   -0.263   0.592   69.134
10.050   -1.292   -0.281   0.592   69.013
10.100   -2.807   -0.279   0.592   68.885
10.150   -4.073   -0.258   0.592   68.791
10.200   -4.974   -0.213   0.592   68.761
10.250   -5.423   -0.145   0.592   68.808
10.300   -5.368   -0.061   0.592   68.921
10.350   -4.809   0.026   0.592   69.057
10.400   -3.804   0.119   0.592   69.171
10.450   -2.451   0.204   0.592   69.225
10.500   -0.880   0.264   0.590   69.193
10.550   0.772   0.299   0.590   69.087
10.600   2.354   0.307   0.590   68.949
10.650   3.726   0.284   0.590   68.830
10.700   4.752   0.232   0.590   68.774
10.750   5.337   0.160   0.590   68.803
10.800   5.429   0.074   0.590   68.905
10.850   5.018   -0.020   0.590   69.043
10.900   4.137   -0.109   0.590   69.167
10.950   2.879   -0.183   0.590   69.228
11.000   1.366   -0.239   0.590   69.205
11.050   -0.264   -0.273   0.590   69.108
11.100   -1.869   -0.284   0.592   68.976
11.150   -3.308   -0.274   0.592   68.851
11.200   -4.450   -0.243   0.592   68.773
11.250   -5.195   -0.190   0.592   68.767
11.300   -5.463   -0.118   0.592   68.835
11.350   -5.220   -0.030   0.592   68.956
11.400   -4.488   0.064   0.592   69.088
11.450   -3.341   0.152   0.592   69.181
11.500   -1.892   0.227   0.592   69.199
11.550   -0.275   0.281   0.592   69.134
11.600   1.368   0.308   0.592   69.010
11.650   2.891   0.302   0.592   68.871
11.700   4.147   0.267   0.592   68.770
11.750   5.025   0.209   0.592   68.743
11.800   5.429   0.129   0.592   68.800
11.850   5.339   0.038   0.592   68.922
11.900   4.745   -0.053   0.592   69.062
11.950   3.717   -0.137   0.592   69.165
12.000   2.348   -0.207   0.592   69.198
12.050   0.777   -0.256   0.592   69.149
12.100   -0.863   -0.279   0.592   69.037
12.150   -2.423   -0.282   0.592   68.905
12.200   -3.768   -0.265   0.592   68.797
12.250   -4.775   -0.228   0.592   68.746
12.300   -5.351   -0.166   0.592   68.770
12.350   -5.433   -0.085   0.592   68.867
12.400   -5.006   0.004   0.592   69.002
12.450   -4.110   0.095   0.592   69.127
12.500   -2.837   0.181   0.592   69.196
12.550   -1.307   0.252   0.592   69.188
12.600   0.334   0.294   0.592   69.100
12.650   1.948   0.307   0.592   68.967
12.700   3.387   0.294   0.592   68.839
12.750   4.519   0.250   0.592   68.764
12.800   5.228   0.181   0.592   68.771
12.850   5.457   0.097   0.592   68.859
12.900   5.175   0.007   0.592   68.993
12.950   4.415   -0.085   0.592   69.125
13.000   3.245   -0.167   0.592   69.209
13.050   1.788   -0.228   0.592   69.213
13.100   0.175   -0.265   0.592   69.136
13.150   -1.450   -0.282   0.592   69.010
13.200   -2.948   -0.279   0.592   68.880
13.250   -4.181   -0.254   0.592   68.788
13.300   -5.041   -0.205   0.592   68.763
13.350   -5.440   -0.136   0.592   68.816
13.400   -5.335   -0.054   0.592   68.929
13.450   -4.727   0.037   0.592   69.062
13.500   -3.684   0.130   0.592   69.171
13.550   -2.300   0.211   0.592   69.215
13.600   -0.712   0.268   0.590   69.172
13.650   0.940   0.302   0.590   69.060
13.700   2.505   0.307   0.590   68.921
13.750   3.846   0.280   0.590   68.806
13.800   4.832   0.227   0.590   68.758
13.850   5.371   0.153   0.590   68.795
13.900   5.412   0.065   0.590   68.901
13.950   4.949   -0.029   0.590   69.041
14.000   4.026   -0.117   0.590   69.161
14.050   2.737   -0.190   0.590   69.215
14.100   1.206   -0.243   0.590   69.184
14.150   -0.428   -0.275   0.590   69.084
14.200   -2.024   -0.283   0.591   68.952
14.250   -3.439   -0.272   0.591   68.832
14.300   -4.545   -0.239   0.591   68.761
14.350   -5.244   -0.185   0.591   68.763
14.400   -5.461   -0.110   0.591   68.839
14.450   -5.167   -0.019   0.591   68.965
14.500   -4.389   0.073   0.591   69.097
14.550   -3.208   0.158   0.591   69.183
14.600   -1.735   0.233   0.591   69.192
14.650   -0.106   0.285   0.591   69.120
14.700   1.531   0.308   0.591   68.993
14.750   3.033   0.299   0.591   68.855
14.800   4.255   0.263   0.591   68.760
14.850   5.087   0.203   0.591   68.741
14.900   5.443   0.120   0.591   68.806
14.950   5.302   0.029   0.591   68.932
15.000   4.658   -0.062   0.591   69.068
15.050   3.588   -0.145   0.591   69.165
15.100   2.194   -0.214   0.591   69.188
15.150   0.608   -0.260   0.591   69.130
15.200   -1.028   -0.280   0.591   69.011
15.250   -2.572   -0.281   0.591   68.876
15.300   -3.888   -0.263   0.591   68.770
15.350   -4.855   -0.223   0.591   68.723
15.400   -5.383   -0.158   0.591   68.752
15.450   -5.412   -0.076   0.591   68.853
15.500   -4.935   0.013   0.591   68.986
15.550   -3.997   0.104   0.591   69.103
15.600   -2.694   0.190   0.591   69.164
15.650   -1.149   0.257   0.591   69.145
15.700   0.500   0.296   0.591   69.049
15.750   2.105   0.308   0.591   68.911
15.800   3.519   0.290   0.591   68.785
15.850   4.612   0.243   0.591   68.716
15.900   5.274   0.174   0.591   68.730
15.950   5.453   0.088   0.591   68.823
16.000   5.119   -0.002   0.591   68.957
16.050   4.313   -0.094   0.591   69.087
16.100   3.107   -0.174   0.591   69.165
16.150   1.631   -0.231   0.591   69.158
16.200   0.009   -0.267   0.591   69.073
16.250   -1.611   -0.283   0.591   68.945
16.300   -3.087   -0.278   0.591   68.818
16.350   -4.286   -0.250   0.591   68.733
16.400   -5.103   -0.199   0.591   68.716
16.450   -5.453   -0.131   0.591   68.776
16.500   -5.296   -0.045   0.591   68.893
16.550   -4.640   0.047   0.591   69.026
16.600   -3.555   0.139   0.591   69.132
16.650   -2.145   0.216   0.591   69.166
16.700   -0.547   0.273   0.591   69.115
16.750   1.103   0.304   0.591   68.999
16.800   2.653   0.305   0.591   68.861
16.850   3.965   0.275   0.591   68.752
16.900   4.909   0.220   0.591   68.713
16.950   5.399   0.146   0.591   68.757
17.000   5.390   0.055   0.591   68.870
17.050   4.878   -0.039   0.591   69.012
17.100   3.912   -0.124   0.591   69.126
17.150   2.594   -0.196   0.591   69.170
17.200   1.046   -0.248   0.591   69.132
17.250   -0.591   -0.278   0.591   69.027
17.300   -2.175   -0.283   0.591   68.893
17.350   -3.565   -0.269   0.591   68.776
17.400   -4.636   -0.234   0.591   68.711
17.450   -5.289   -0.179   0.591   68.720
17.500   -5.455   -0.100   0.591   68.802
17.550   -5.110   -0.011   0.591   68.931
17.600   -4.288   0.081   0.591   69.060
17.650   -3.069   0.166   0.591   69.137
17.700   -1.572   0.239   0.591   69.137
17.750   0.064   0.289   0.591   69.059
17.800   1.692   0.308   0.591   68.928
17.850   3.171   0.297   0.591   68.794
17.900   4.358   0.259   0.591   68.705
17.950   5.147   0.195   0.591   68.694
18.000   5.451   0.110   0.591   68.767
18.050   5.259   0.020   0.591   68.897
18.100   4.569   -0.069   0.591   69.030
18.150   3.463   -0.153   0.591   69.121
18.200   2.042   -0.219   0.591   69.137
18.250   0.447   -0.262   0.591   69.071
18.300   -1.189   -0.280   0.591   68.948
18.350   -2.715   -0.280   0.591   68.815
18.400   -4.002   -0.260   0.591   68.713
18.450   -4.929   -0.217   0.591   68.674
18.500   -5.409   -0.150   0.591   68.712
18.550   -5.388   -0.068   0.591   68.818
18.600   -4.860   0.021   0.591   68.950
18.650   -3.882   0.114   0.591   69.064
18.700   -2.548   0.199   0.591   69.120
18.750   -0.984   0.261   0.591   69.092
18.800   0.667   0.298   0.591   68.989
18.850   2.260   0.308   0.591   68.851
18.900   3.646   0.287   0.591   68.728
18.950   4.700   0.237   0.591   68.667
19.000   5.315   0.165   0.591   68.690
19.050   5.442   0.080   0.591   68.788
19.100   5.058   -0.011   0.591   68.925
19.150   4.205   -0.103   0.591   69.052
19.200   2.963   -0.181   0.591   69.123
19.250   1.469   -0.236   0.591   69.107
19.300   -0.159   -0.271   0.591   69.017
19.350   -1.769   -0.284   0.592   68.888
19.400   -3.223   -0.276   0.592   68.764
19.450   -4.388   -0.246   0.592   68.684
19.500   -5.161   -0.194   0.592   68.676
19.550   -5.460   -0.123   0.592   68.742
19.600   -5.251   -0.036   0.592   68.863
19.650   -4.547   0.057   0.592   68.999
19.700   -3.426   0.147   0.592   69.098
19.750   -1.992   0.222   0.592   69.125
19.800   -0.382   0.277   0.592   69.067
19.850   1.266   0.306   0.592   68.948
19.900   2.799   0.304   0.592   68.812
19.950   4.078   0.270   0.592   68.709
20.000   4.980   0.213   0.592   68.678
20.050   5.419   0.136   0.592   68.732
20.100   5.358   0.045   0.592   68.852
20.150   4.796   -0.048   0.592   68.995
20.200   3.790   -0.131   0.592   69.103
20.250   2.443   -0.203   0.592   69.141
20.300   0.878   -0.252   0.592   69.097
20.350   -0.759   -0.279   0.592   68.988
20.400   -2.329   -0.282   0.592   68.855
20.450   -3.691   -0.267   0.592   68.743
20.500   -4.722   -0.230   0.592   68.686
20.550   -5.328   -0.171   0.592   68.704
20.600   -5.443   -0.091   0.592   68.794
20.650   -5.047   -0.002   0.592   68.927
20.700   -4.179   0.090   0.592   69.053
20.750   -2.927   0.174   0.592   69.125
20.800   -1.412   0.247   0.592   69.120
20.850   0.229   0.292   0.592   69.036
20.900   1.847   0.308   0.592   68.904
20.950   3.305   0.294   0.592   68.772
21.000   4.457   0.254   0.592   68.691
21.050   5.200   0.187   0.592   68.691
21.100   5.455   0.102   0.592   68.773
21.150   5.210   0.011   0.592   68.906
21.200   4.474   -0.078   0.592   69.038
21.250   3.332   -0.162   0.592   69.125
21.300   1.888   -0.225   0.592   69.135
21.350   0.280   -0.264   0.592   69.062
21.400   -1.350   -0.281   0.592   68.937
21.450   -2.859   -0.280   0.592   68.807
21.500   -4.114   -0.256   0.592   68.712
21.550   -4.999   -0.210   0.592   68.682
21.600   -5.430   -0.143   0.592   68.729
21.650   -5.357   -0.059   0.592   68.841
21.700   -4.781   0.032   0.592   68.976
21.750   -3.761   0.123   0.592   69.088
21.800   -2.396   0.206   0.592   69.138
21.850   -0.816   0.265   0.590   69.102
21.900   0.834   0.300   0.590   68.994
21.950   2.410   0.307   0.590   68.857
22.000   3.768   0.283   0.590   68.741
22.050   4.784   0.230   0.590   68.689
22.100   5.349   0.159   0.590   68.722
22.150   5.427   0.070   0.590   68.827
22.200   4.992   -0.022   0.590   68.967
22.250   4.098   -0.111   0.590   69.091
22.300   2.830   -0.186   0.590   69.153
22.350   1.312   -0.240   0.590   69.130
22.400   -0.323   -0.272   0.590   69.034
22.450   -1.922   -0.284   0.592   68.903
22.500   -3.355   -0.272   0.592   68.782
22.550   -4.486   -0.240   0.592   68.710
22.600   -5.213   -0.188   0.592   68.708
22.650   -5.463   -0.114   0.592   68.781
22.700   -5.202   -0.026   0.592   68.907
22.750   -4.453   0.067   0.592   69.041
22.800   -3.295   0.155   0.592   69.134
22.850   -1.834   0.229   0.592   69.151
22.900   -0.211   0.282   0.592   69.085
22.950   1.431   0.307   0.592   68.961
23.000   2.942   0.302   0.592   68.825
23.050   4.189   0.267   0.592   68.728
23.100   5.048   0.207   0.592   68.706
23.150   5.438   0.126   0.592   68.767
23.200   5.325   0.035   0.592   68.892
23.250   4.714   -0.055   0.592   69.031
23.300   3.668   -0.139   0.592   69.134
23.350   2.292   -0.209   0.592   69.163
23.400   0.715   -0.257   0.591   69.112
23.450   -0.923   -0.279   0.591   68.998
23.500   -2.477   -0.280   0.591   68.865
23.550   -3.811   -0.265   0.591   68.757
23.600   -4.804   -0.226   0.591   68.707
23.650   -5.363   -0.163   0.591   68.733
23.700   -5.426   -0.082   0.591   68.830
23.750   -4.979   0.007   0.591   68.964
23.800   -4.069   0.099   0.591   69.085
23.850   -2.785   0.185   0.591   69.152
23.900   -1.253   0.253   0.591   69.139
23.950   0.395   0.294   0.591   69.048
24.000   2.006   0.308   0.592   68.913
24.050   3.438   0.292   0.592   68.784
24.100   4.552   0.246   0.592   68.711
24.150   5.249   0.177   0.592   68.720
24.200   5.454   0.093   0.592   68.809
24.250   5.163   0.003   0.592   68.944
24.300   4.375   -0.087   0.592   69.074
24.350   3.195   -0.170   0.592   69.155
24.400   1.728   -0.229   0.592   69.155
24.450   0.114   -0.265   0.592   69.074
24.500   -1.511   -0.282   0.592   68.947
24.550   -3.000   -0.278   0.592   68.819
24.600   -4.221   -0.253   0.592   68.729
24.650   -5.064   -0.204   0.592   68.707
24.700   -5.446   -0.135   0.592   68.762
24.750   -5.320   -0.051   0.592   68.877
24.800   -4.695   0.040   0.592   69.012
24.850   -3.635   0.133   0.592   69.120
24.900   -2.243   0.212   0.592   69.159
24.950   -0.652   0.269   0.590   69.114
25.000   0.998   0.302   0.590   69.000
25.050   2.561   0.307   0.590   68.862
25.100   3.890   0.278   0.590   68.750
25.150   4.863   0.223   0.590   68.706
25.200   5.380   0.149   0.590   68.746
25.250   5.405   0.062   0.590   68.856
25.300   4.921   -0.033   0.590   68.997
25.350   3.986   -0.120   0.590   69.116
25.400   2.683   -0.192   0.590   69.168
25.450   1.146   -0.244   0.590   69.134
25.500   -0.490   -0.276   0.590   69.033
25.550   -2.080   -0.284   0.592   68.901
25.600   -3.486   -0.270   0.592   68.783
25.650   -4.579   -0.236   0.592   68.716
25.700   -5.261   -0.182   0.592   68.721
25.750   -5.460   -0.106   0.592   68.799
25.800   -5.147   -0.016   0.592   68.928
25.850   -4.352   0.076   0.592   69.061
25.900   -3.156   0.162   0.592   69.145
25.950   -1.673   0.235   0.592   69.152
26.000   -0.045   0.287   0.592   69.080
26.050   1.589   0.308   0.592   68.952
26.100   3.081   0.299   0.592   68.818
26.150   4.294   0.261   0.592   68.727
26.200   5.109   0.200   0.592   68.712
26.250   5.449   0.117   0.592   68.783
26.300   5.286   0.026   0.592   68.911
26.350   4.629   -0.064   0.592   69.047
26.400   3.545   -0.147   0.592   69.143
26.450   2.143   -0.216   0.592   69.167
26.500   0.551   -0.260   0.592   69.107
26.550   -1.084   -0.280   0.592   68.989
26.600   -2.624   -0.280   0.592   68.856
26.650   -3.929   -0.262   0.592   68.753
26.700   -4.882   -0.220   0.592   68.710
26.750   -5.393   -0.155   0.592   68.744
26.800   -5.404   -0.073   0.592   68.848
26.850   -4.908   0.016   0.592   68.983
26.900   -3.955   0.108   0.592   69.100
26.950   -2.639   0.193   0.592   69.161
27.000   -1.086   0.259   0.592   69.140
27.050   0.563   0.296   0.592   69.042
27.100   2.160   0.308   0.592   68.906
27.150   3.566   0.290   0.592   68.782
27.200   4.643   0.241   0.592   68.717
27.250   5.290   0.170   0.592   68.735
27.300   5.447   0.085   0.592   68.830
27.350   5.098   -0.006   0.592   68.966
27.400   4.273   -0.098   0.592   69.095
27.450   3.058   -0.177   0.592   69.170
27.500   1.572   -0.234   0.592   69.162
27.550   -0.051   -0.268   0.592   69.074
27.600   -1.667   -0.283   0.592   68.946
27.650   -3.137   -0.277   0.592   68.820
27.700   -4.324   -0.247   0.592   68.736
27.750   -5.125   -0.197   0.592   68.722
27.800   -5.456   -0.127   0.592   68.784
27.850   -5.280   -0.042   0.592   68.902
27.900   -4.607   0.051   0.592   69.036
27.950   -3.510   0.143   0.592   69.140
28.000   -2.091   0.218   0.592   69.171
28.050   -0.484   0.275   0.592   69.117
28.100   1.163   0.306   0.592   69.000
28.150   2.708   0.306   0.592   68.863
28.200   4.005   0.273   0.592   68.756
28.250   4.936   0.217   0.592   68.720
28.300   5.405   0.142   0.592   68.768
28.350   5.379   0.053   0.592   68.882
28.400   4.847   -0.042   0.592   69.023
28.450   3.867   -0.128   0.592   69.137
28.500   2.535   -0.197   0.592   69.179
28.550   0.982   -0.248   0.591   69.138
28.600   -0.656   -0.276   0.591   69.031
28.650   -2.233   -0.282   0.591   68.898
28.700   -3.612   -0.267   0.591   68.783
28.750   -4.668   -0.233   0.591   68.722
28.800   -5.304   -0.175   0.591   68.734
28.850   -5.451   -0.097   0.591   68.818
28.900   -5.087   -0.007   0.591   68.949
28.950   -4.248   0.086   0.591   69.077
29.000   -3.020   0.171   0.591   69.153
29.050   -1.517   0.242   0.591   69.151
29.100   0.121   0.291   0.591   69.070
29.150   1.753   0.310   0.593   68.939
29.200   3.215   0.297   0.593   68.804
29.250   4.395   0.258   0.593   68.718
29.300   5.162   0.193   0.593   68.710
29.350   5.456   0.109   0.593   68.785
29.400   5.240   0.018   0.593   68.914
29.450   4.536   -0.072   0.593   69.046
29.500   3.411   -0.155   0.593   69.135
29.550   1.985   -0.221   0.593   69.147
29.600   0.384   -0.263   0.593   69.078
29.650   -1.249   -0.280   0.593   68.953
29.700   -2.769   -0.279   0.593   68.820
29.750   -4.042   -0.258   0.593   68.719
29.800   -4.954   -0.214   0.593   68.682
29.850   -5.417   -0.147   0.593   68.723
29.900   -5.377   -0.063   0.593   68.830
29.950   -4.830   0.025   0.593   68.962
30.000   -3.836   0.118   0.593   69.074
30.050   -2.490   0.201   0.593   69.125
30.100   -0.924   0.264   0.591   69.094
30.150   0.728   0.300   0.591   68.988
30.200   2.314   0.308   0.591   68.849
30.250   3.693   0.286   0.591   68.728
30.300   4.730   0.234   0.591   68.669
30.350   5.329   0.162   0.591   68.696
30.400   5.436   0.077   0.591   68.795
30.450   5.036   -0.016   0.591   68.933
30.500   4.167   -0.106   0.591   69.059
30.550   2.919   -0.182   0.591   69.125
30.600   1.412   -0.236   0.591   69.105
30.650   -0.218   -0.271   0.591   69.012
30.700   -1.827   -0.284   0.593   68.883
30.750   -3.272   -0.274   0.593   68.760
30.800   -4.424   -0.243   0.593   68.683
30.850   -5.181   -0.191   0.593   68.678
30.900   -5.462   -0.119   0.593   68.747
30.950   -5.233   -0.031   0.593   68.871
31.000   -4.514   0.061   0.593   69.006
31.050   -3.377   0.150   0.593   69.105
31.100   -1.933   0.225   0.593   69.128
31.150   -0.319   0.279   0.593   69.068
31.200   1.324   0.308   0.593   68.949
31.250   2.851   0.303   0.593   68.813
31.300   4.117   0.268   0.593   68.714
31.350   5.006   0.211   0.593   68.688
31.400   5.426   0.133   0.593   68.745
31.450   5.349   0.041   0.593   68.868
31.500   4.767   -0.050   0.593   69.012
31.550   3.748   -0.134   0.593   69.122
31.600   2.390   -0.204   0.593   69.158
31.650   0.823   -0.254   0.591   69.113
31.700   -0.817   -0.278   0.591   69.004
31.750   -2.382   -0.282   0.591   68.874
31.800   -3.734   -0.264   0.591   68.766
31.850   -4.753   -0.228   0.591   68.714
31.900   -5.342   -0.168   0.591   68.736
31.950   -5.438   -0.088   0.591   68.832
32.000   -5.024   0.003   0.591   68.968
32.050   -4.142   0.094   0.591   69.095
32.100   -2.877   0.179   0.591   69.168
32.150   -1.351   0.250   0.591   69.161
32.200   0.292   0.294   0.591   69.077
32.250   1.909   0.308   0.592   68.945
32.300   3.354   0.294   0.592   68.816
32.350   4.494   0.252   0.592   68.740
32.400   5.218   0.184   0.592   68.745
32.450   5.458   0.099   0.592   68.832
32.500   5.190   0.009   0.592   68.967
32.550   4.441   -0.081   0.592   69.100
32.600   3.284   -0.164   0.592   69.185
32.650   1.828   -0.225   0.592   69.190
32.700   0.218   -0.264   0.592   69.115
32.750   -1.407   -0.280   0.592   68.990
32.800   -2.911   -0.279   0.592   68.860
32.850   -4.153   -0.254   0.592   68.766
32.900   -5.023   -0.207   0.592   68.738
32.950   -5.436   -0.138   0.592   68.789
33.000   -5.344   -0.056   0.592   68.901
33.050   -4.748   0.035   0.592   69.034
33.100   -3.716   0.127   0.592   69.143
33.150   -2.342   0.209   0.592   69.188
33.200   -0.756   0.267   0.590   69.147
33.250   0.896   0.302   0.590   69.037
33.300   2.467   0.307   0.590   68.897
33.350   3.814   0.282   0.590   68.780
33.400   4.813   0.228   0.590   68.730
33.450   5.363   0.155   0.590   68.764
33.500   5.419   0.067   0.590   68.870
33.550   4.967   -0.026   0.590   69.009
33.600   4.055   -0.115   0.590   69.131
33.650   2.776   -0.187   0.590   69.187
33.700   1.247   -0.242   0.590   69.159
33.750   -0.387   -0.273   0.590   69.060
33.800   -1.984   -0.283   0.591   68.929
33.850   -3.406   -0.271   0.591   68.808
33.900   -4.521   -0.240   0.591   68.737
33.950   -5.231   -0.185   0.591   68.738
34.000   -5.462   -0.112   0.591   68.813
34.050   -5.182   -0.022   0.591   68.940
34.100   -4.416   0.071   0.591   69.074
34.150   -3.243   0.158   0.591   69.163
34.200   -1.778   0.231   0.591   69.177
34.250   -0.150   0.284   0.591   69.109
34.300   1.487   0.307   0.591   68.985
34.350   2.993   0.300   0.591   68.850
34.400   4.229   0.265   0.591   68.755
34.450   5.070   0.206   0.591   68.736
34.500   5.441   0.123   0.591   68.801
34.550   5.310   0.032   0.591   68.927
34.600   4.682   -0.058   0.591   69.067
34.650   3.623   -0.142   0.591   69.167
34.700   2.236   -0.211   0.591   69.195
34.750   0.654   -0.257   0.591   69.140
34.800   -0.982   -0.279   0.591   69.024
34.850   -2.532   -0.280   0.591   68.891
34.900   -3.855   -0.264   0.591   68.784
