0.000  -1.850  0.207  0.591  69.672
0.050  -0.228  0.259  0.590  69.594
0.100  1.419  0.283  0.590  69.456
0.150  2.933  0.278  0.590  69.304
0.200  4.181  0.243  0.590  69.192
0.250  5.042  0.183  0.590  69.156
0.300  5.435  0.104  0.590  69.206
0.350  5.325  0.013  0.590  69.319
0.400  4.716  -0.079  0.590  69.449
0.450  3.669  -0.163  0.590  69.542
0.500  2.293  -0.232  0.590  69.562
0.550  0.715  -0.278  0.588  69.495
0.600  -0.925  -0.302  0.588  69.366
0.650  -2.479  -0.304  0.588  69.219
0.700  -3.815  -0.286  0.588  69.096
0.750  -4.807  -0.247  0.588  69.033
0.800  -5.365  -0.187  0.588  69.046
0.850  -5.424  -0.107  0.588  69.130
0.900  -4.975  -0.017  0.588  69.252
0.950  -4.062  0.078  0.588  69.366
1.000  -2.775  0.160  0.588  69.422
1.050  -1.235  0.229  0.588  69.395
1.100  0.413  0.272  0.588  69.290
1.150  2.025  0.285  0.590  69.140
1.200  3.453  0.268  0.590  68.997
1.250  4.563  0.225  0.590  68.910
1.300  5.252  0.156  0.590  68.906
1.350  5.452  0.071  0.590  68.983
1.400  5.148  -0.021  0.590  69.107
1.450  4.359  -0.111  0.590  69.228
1.500  3.173  -0.191  0.590  69.295
1.550  1.703  -0.251  0.590  69.281
1.600  0.084  -0.290  0.590  69.187
1.650  -1.540  -0.303  0.590  69.045
1.700  -3.026  -0.300  0.590  68.901
1.750  -4.242  -0.274  0.590  68.797
1.800  -5.078  -0.227  0.590  68.761
1.850  -5.448  -0.157  0.590  68.802
1.900  -5.311  -0.072  0.590  68.908
1.950  -4.674  0.019  0.590  69.032
2.000  -3.606  0.110  0.590  69.126
2.050  -2.203  0.190  0.590  69.152
2.100  -0.605  0.248  0.589  69.093
2.150  1.047  0.280  0.589  68.966
2.200  2.604  0.281  0.589  68.811
2.250  3.923  0.255  0.589  68.685
2.300  4.885  0.201  0.589  68.627
2.350  5.390  0.125  0.589  68.658
2.400  5.398  0.036  0.589  68.760
2.450  4.897  -0.055  0.589  68.890
2.500  3.946  -0.143  0.589  68.997
2.550  2.634  -0.216  0.589  69.039
2.600  1.091  -0.268  0.589  68.996
2.650  -0.548  -0.296  0.589  68.881
2.700  -2.135  -0.306  0.591  68.736
2.750  -3.534  -0.293  0.591  68.606
2.800  -4.614  -0.258  0.591  68.529
2.850  -5.278  -0.202  0.591  68.528
2.900  -5.456  -0.127  0.591  68.602
2.950  -5.123  -0.040  0.591  68.723
3.000  -4.309  0.054  0.591  68.847
3.050  -3.097  0.141  0.591  68.925
3.100  -1.603  0.213  0.591  68.924
3.150  0.033  0.263  0.591  68.840
3.200  1.666  0.284  0.591  68.702
3.250  3.147  0.275  0.591  68.558
3.300  4.344  0.236  0.591  68.459
3.350  5.136  0.174  0.591  68.439
3.400  5.453  0.093  0.591  68.504
3.450  5.263  0.002  0.591  68.626
3.500  4.581  -0.089  0.591  68.759
3.550  3.478  -0.172  0.591  68.848
3.600  2.061  -0.238  0.591  68.861
3.650  0.463  -0.282  0.590  68.790
3.700  -1.171  -0.304  0.590  68.661
3.750  -2.703  -0.303  0.590  68.519
3.800  -3.993  -0.282  0.590  68.407
3.850  -4.923  -0.241  0.590  68.357
3.900  -5.407  -0.178  0.590  68.385
3.950  -5.388  -0.094  0.590  68.481
4.000  -4.863  -0.005  0.590  68.609
4.050  -3.884  0.087  0.590  68.721
4.100  -2.547  0.169  0.590  68.769
4.150  -0.982  0.234  0.590  68.733
4.200  0.670  0.274  0.590  68.622
4.250  2.259  0.283  0.590  68.473
4.300  3.649  0.263  0.590  68.337
4.350  4.701  0.216  0.590  68.263
4.400  5.318  0.145  0.590  68.273
4.450  5.439  0.059  0.590  68.362
4.500  5.056  -0.032  0.590  68.491
4.550  4.201  -0.121  0.590  68.609
4.600  2.964  -0.200  0.590  68.670
4.650  1.459  -0.258  0.590  68.648
4.700  -0.170  -0.294  0.590  68.549
4.750  -1.783  -0.307  0.591  68.407
4.800  -3.236  -0.300  0.591  68.269
4.850  -4.399  -0.272  0.591  68.175
4.900  -5.166  -0.221  0.591  68.152
4.950  -5.460  -0.150  0.591  68.205
5.000  -5.244  -0.064  0.591  68.317
5.050  -4.534  0.027  0.591  68.439
5.100  -3.404  0.117  0.591  68.527
5.150  -1.963  0.194  0.591  68.542
5.200  -0.350  0.249  0.591  68.472
5.250  1.295  0.278  0.591  68.338
5.300  2.826  0.278  0.591  68.186
5.350  4.099  0.248  0.591  68.066
5.400  4.994  0.191  0.591  68.020
5.450  5.422  0.115  0.591  68.058
5.500  5.354  0.025  0.591  68.163
5.550  4.778  -0.066  0.591  68.289
5.600  3.764  -0.153  0.591  68.384
5.650  2.406  -0.223  0.591  68.408
5.700  0.839  -0.272  0.590  68.346
5.750  -0.804  -0.299  0.590  68.218
5.800  -2.368  -0.306  0.590  68.066
5.850  -3.725  -0.290  0.590  67.933
5.900  -4.747  -0.252  0.590  67.858
5.950  -5.339  -0.194  0.590  67.858
6.000  -5.438  -0.117  0.590  67.930
6.050  -5.026  -0.028  0.590  68.045
6.100  -4.143  0.065  0.590  68.157
6.150  -2.879  0.151  0.590  68.217
6.200  -1.356  0.220  0.590  68.195
6.250  0.287  0.267  0.590  68.094
6.300  1.906  0.285  0.591  67.946
6.350  3.353  0.271  0.591  67.799
6.400  4.495  0.230  0.591  67.703
6.450  5.216  0.166  0.591  67.689
6.500  5.456  0.082  0.591  67.758
6.550  5.188  -0.010  0.591  67.881
6.600  4.435  -0.101  0.591  68.008
6.650  3.273  -0.181  0.591  68.087
6.700  1.819  -0.245  0.591  68.087
6.750  0.206  -0.285  0.591  68.007
6.800  -1.422  -0.304  0.591  67.875
6.850  -2.924  -0.300  0.591  67.737
6.900  -4.164  -0.279  0.591  67.635
6.950  -5.030  -0.234  0.591  67.600
7.000  -5.438  -0.168  0.591  67.643
7.050  -5.340  -0.083  0.591  67.753
7.100  -4.737  0.006  0.591  67.888
7.150  -3.696  0.096  0.591  67.997
7.200  -2.315  0.178  0.591  68.043
7.250  -0.731  0.241  0.591  68.005
7.300  0.922  0.275  0.591  67.896
7.350  2.491  0.282  0.591  67.756
7.400  3.837  0.258  0.591  67.636
7.450  4.826  0.208  0.591  67.582
7.500  5.369  0.135  0.591  67.613
7.550  5.412  0.048  0.591  67.718
7.600  4.952  -0.044  0.591  67.858
7.650  4.029  -0.132  0.591  67.978
7.700  2.741  -0.209  0.591  68.037
7.750  1.208  -0.262  0.591  68.010
7.800  -0.427  -0.293  0.591  67.907
7.850  -2.024  -0.304  0.591  67.769
7.900  -3.440  -0.297  0.591  67.640
7.950  -4.546  -0.264  0.591  67.561
8.000  -5.244  -0.211  0.591  67.554
8.050  -5.461  -0.137  0.591  67.623
8.100  -5.164  -0.052  0.591  67.743
8.150  -4.384  0.041  0.591  67.869
8.200  -3.198  0.130  0.591  67.954
8.250  -1.724  0.204  0.591  67.963
8.300  -0.095  0.256  0.589  67.886
8.350  1.543  0.282  0.589  67.752
8.400  3.045  0.276  0.589  67.604
8.450  4.266  0.242  0.589  67.496
8.500  5.094  0.183  0.589  67.465
8.550  5.445  0.104  0.589  67.518
8.600  5.295  0.013  0.589  67.634
8.650  4.646  -0.078  0.589  67.765
8.700  3.570  -0.162  0.589  67.860
8.750  2.172  -0.228  0.589  67.878
8.800  0.583  -0.277  0.586  67.813
8.850  -1.055  -0.301  0.586  67.688
8.900  -2.598  -0.304  0.586  67.544
8.950  -3.908  -0.286  0.586  67.427
9.000  -4.869  -0.248  0.586  67.370
9.050  -5.388  -0.188  0.586  67.389
9.100  -5.407  -0.107  0.586  67.477
9.150  -4.917  -0.017  0.586  67.602
9.200  -3.970  0.074  0.586  67.715
9.250  -2.658  0.158  0.586  67.770
9.300  -1.108  0.226  0.586  67.743
9.350  0.543  0.269  0.586  67.639
9.400  2.148  0.282  0.586  67.492
9.450  3.555  0.266  0.586  67.354
9.500  4.636  0.222  0.586  67.272
9.550  5.287  0.155  0.586  67.272
9.600  5.449  0.070  0.586  67.354
9.650  5.101  -0.021  0.586  67.480
9.700  4.278  -0.111  0.586  67.601
9.750  3.063  -0.190  0.586  67.668
9.800  1.576  -0.252  0.586  67.653
9.850  -0.050  -0.289  0.586  67.559
9.900  -1.667  -0.303  0.586  67.418
9.950  -3.136  -0.300  0.586  67.278
10.000  -4.324  -0.274  0.586  67.178
10.050  -5.125  -0.226  0.586  67.147
10.100  -5.456  -0.156  0.586  67.194
10.150  -5.278  -0.072  0.586  67.302
10.200  -4.602  0.017  0.586  67.428
10.250  -3.502  0.108  0.586  67.521
10.300  -2.081  0.188  0.586  67.549
10.350  -0.476  0.246  0.586  67.492
10.400  1.177  0.277  0.586  67.368
10.450  2.720  0.279  0.586  67.219
10.500  4.017  0.252  0.586  67.100
10.550  4.943  0.198  0.586  67.051
10.600  5.409  0.123  0.586  67.088
10.650  5.375  0.035  0.586  67.196
10.700  4.837  -0.056  0.586  67.332
10.750  3.847  -0.143  0.586  67.444
10.800  2.518  -0.217  0.586  67.489
10.850  0.958  -0.266  0.586  67.447
10.900  -0.680  -0.296  0.586  67.337
10.950  -2.256  -0.305  0.587  67.199
11.000  -3.634  -0.293  0.587  67.078
11.050  -4.683  -0.258  0.587  67.011
11.100  -5.311  -0.203  0.587  67.019
11.150  -5.448  -0.127  0.587  67.100
11.200  -5.074  -0.041  0.587  67.226
11.250  -4.224  0.053  0.587  67.354
11.300  -2.987  0.139  0.587  67.435
11.350  -1.479  0.211  0.587  67.437
11.400  0.166  0.260  0.587  67.356
11.450  1.791  0.281  0.587  67.223
11.500  3.256  0.272  0.587  67.086
11.550  4.421  0.234  0.587  66.995
11.600  5.181  0.172  0.587  66.983
11.650  5.455  0.092  0.587  67.053
11.700  5.226  -0.000  0.587  67.181
11.750  4.507  -0.090  0.587  67.316
11.800  3.374  -0.172  0.587  67.405
11.850  1.934  -0.236  0.587  67.416
11.900  0.329  -0.282  0.586  67.345
11.950  -1.301  -0.303  0.586  67.219
12.000  -2.818  -0.302  0.586  67.080
12.050  -4.082  -0.282  0.586  66.972
12.100  -4.980  -0.240  0.586  66.927
12.150  -5.424  -0.176  0.586  66.959
12.200  -5.365  -0.094  0.586  67.059
12.250  -4.799  -0.005  0.586  67.189
12.300  -3.789  0.085  0.586  67.297
12.350  -2.431  0.169  0.586  67.344
12.400  -0.851  0.234  0.586  67.308
12.450  0.801  0.273  0.586  67.198
12.500  2.382  0.281  0.587  67.051
12.550  3.744  0.262  0.587  66.920
12.600  4.768  0.214  0.587  66.850
12.650  5.344  0.144  0.587  66.865
12.700  5.430  0.058  0.587  66.957
12.750  5.002  -0.032  0.587  67.088
12.800  4.114  -0.121  0.587  67.206
12.850  2.849  -0.198  0.587  67.265
12.900  1.331  -0.256  0.587  67.240
12.950  -0.302  -0.290  0.587  67.140
13.000  -1.906  -0.304  0.587  67.000
13.050  -3.341  -0.296  0.587  66.866
13.100  -4.476  -0.269  0.587  66.778
13.150  -5.208  -0.217  0.587  66.762
13.200  -5.462  -0.146  0.587  66.822
13.250  -5.204  -0.061  0.587  66.936
13.300  -4.460  0.029  0.587  67.061
13.350  -3.301  0.120  0.587  67.150
13.400  -1.839  0.194  0.587  67.166
13.450  -0.217  0.251  0.585  67.098
13.500  1.426  0.278  0.585  66.968
13.550  2.938  0.277  0.585  66.822
13.600  4.186  0.246  0.585  66.710
13.650  5.047  0.189  0.585  66.673
13.700  5.436  0.112  0.585  66.720
13.750  5.323  0.024  0.585  66.833
13.800  4.712  -0.068  0.585  66.966
13.850  3.666  -0.152  0.585  67.066
13.900  2.289  -0.223  0.585  67.096
13.950  0.707  -0.271  0.585  67.040
14.000  -0.932  -0.299  0.585  66.920
14.050  -2.486  -0.302  0.585  66.778
14.100  -3.821  -0.288  0.585  66.659
14.150  -4.810  -0.250  0.585  66.598
14.200  -5.365  -0.194  0.585  66.612
14.250  -5.424  -0.115  0.585  66.697
14.300  -4.973  -0.027  0.585  66.824
14.350  -4.055  0.066  0.585  66.944
14.400  -2.765  0.148  0.585  67.010
14.450  -1.226  0.219  0.585  66.994
14.500  0.421  0.264  0.585  66.901
14.550  2.030  0.281  0.585  66.761
14.600  3.458  0.267  0.585  66.625
14.650  4.567  0.227  0.585  66.541
14.700  5.255  0.163  0.585  66.539
14.750  5.453  0.080  0.585  66.617
14.800  5.146  -0.011  0.585  66.747
14.850  4.356  -0.099  0.585  66.877
14.900  3.168  -0.181  0.585  66.956
14.950  1.695  -0.244  0.585  66.956
15.000  0.076  -0.285  0.585  66.876
15.050  -1.548  -0.302  0.585  66.746
15.100  -3.034  -0.300  0.585  66.611
15.150  -4.248  -0.277  0.585  66.513
15.200  -5.081  -0.233  0.585  66.481
15.250  -5.448  -0.165  0.585  66.527
15.300  -5.310  -0.082  0.585  66.637
15.350  -4.670  0.007  0.585  66.768
15.400  -3.597  0.097  0.585  66.871
15.450  -2.194  0.178  0.585  66.910
15.500  -0.597  0.239  0.584  66.865
15.550  1.052  0.274  0.584  66.749
15.600  2.610  0.279  0.584  66.604
15.650  3.929  0.256  0.584  66.483
15.700  4.888  0.206  0.584  66.427
15.750  5.388  0.133  0.584  66.457
15.800  5.398  0.045  0.584  66.560
15.850  4.895  -0.045  0.584  66.695
15.900  3.940  -0.133  0.584  66.810
15.950  2.626  -0.207  0.584  66.860
16.000  1.082  -0.262  0.584  66.826
16.050  -0.557  -0.293  0.584  66.720
16.100  -2.144  -0.304  0.586  66.580
16.150  -3.541  -0.293  0.586  66.453
16.200  -4.619  -0.261  0.586  66.376
16.250  -5.281  -0.208  0.586  66.373
16.300  -5.456  -0.135  0.586  66.444
16.350  -5.119  -0.049  0.586  66.565
16.400  -4.303  0.042  0.586  66.690
16.450  -3.088  0.130  0.586  66.773
16.500  -1.595  0.203  0.586  66.779
16.550  0.037  0.256  0.586  66.703
16.600  1.672  0.279  0.586  66.571
16.650  3.153  0.273  0.586  66.430
16.700  4.348  0.239  0.586  66.331
16.750  5.139  0.180  0.586  66.308
16.800  5.453  0.101  0.586  66.369
16.850  5.261  0.011  0.586  66.492
16.900  4.576  -0.080  0.586  66.627
16.950  3.468  -0.161  0.586  66.721
17.000  2.051  -0.229  0.586  66.740
17.050  0.451  -0.275  0.584  66.677
17.100  -1.182  -0.300  0.584  66.555
17.150  -2.712  -0.300  0.584  66.417
17.200  -4.000  -0.282  0.584  66.307
17.250  -4.927  -0.245  0.584  66.258
17.300  -5.408  -0.184  0.584  66.285
17.350  -5.387  -0.103  0.584  66.380
17.400  -4.858  -0.014  0.584  66.511
17.450  -3.876  0.076  0.584  66.625
17.500  -2.540  0.159  0.584  66.681
17.550  -0.977  0.228  0.584  66.655
17.600  0.676  0.269  0.584  66.555
17.650  2.266  0.280  0.584  66.412
17.700  3.655  0.262  0.584  66.281
17.750  4.705  0.220  0.584  66.207
17.800  5.319  0.152  0.584  66.216
17.850  5.440  0.068  0.584  66.304
17.900  5.053  -0.023  0.584  66.435
17.950  4.194  -0.110  0.584  66.557
18.000  2.954  -0.191  0.584  66.626
18.050  1.447  -0.250  0.584  66.612
18.100  -0.181  -0.286  0.584  66.519
18.150  -1.792  -0.301  0.584  66.382
18.200  -3.244  -0.298  0.584  66.247
18.250  -4.404  -0.271  0.584  66.155
18.300  -5.169  -0.223  0.584  66.132
18.350  -5.460  -0.152  0.584  66.187
18.400  -5.241  -0.070  0.584  66.299
18.450  -4.528  0.019  0.584  66.426
18.500  -3.397  0.110  0.584  66.520
18.550  -1.958  0.188  0.584  66.546
18.600  -0.343  0.245  0.581  66.488
18.650  1.304  0.276  0.581  66.363
18.700  2.834  0.277  0.581  66.218
18.750  4.104  0.250  0.581  66.103
18.800  4.998  0.196  0.581  66.059
18.850  5.424  0.122  0.581  66.100
18.900  5.352  0.034  0.581  66.211
18.950  4.774  -0.057  0.581  66.345
19.000  3.757  -0.144  0.581  66.453
19.050  2.396  -0.214  0.581  66.491
19.100  0.828  -0.265  0.581  66.445
19.150  -0.812  -0.294  0.581  66.332
19.200  -2.377  -0.304  0.583  66.193
19.250  -3.731  -0.289  0.583  66.073
19.300  -4.751  -0.255  0.583  66.007
19.350  -5.341  -0.199  0.583  66.017
19.400  -5.437  -0.125  0.583  66.097
19.450  -5.022  -0.037  0.583  66.222
19.500  -4.138  0.055  0.583  66.345
19.550  -2.873  0.140  0.583  66.418
19.600  -1.350  0.212  0.583  66.413
19.650  0.295  0.262  0.583  66.328
19.700  1.916  0.280  0.584  66.192
19.750  3.361  0.269  0.584  66.054
19.800  4.498  0.232  0.584  65.964
19.850  5.220  0.171  0.584  65.953
19.900  5.458  0.089  0.584  66.024
19.950  5.185  -0.002  0.584  66.152
20.000  4.429  -0.092  0.584  66.284
20.050  3.265  -0.171  0.584  66.368
20.100  1.811  -0.237  0.584  66.374
20.150  0.196  -0.280  0.584  66.300
20.200  -1.431  -0.301  0.584  66.172
20.250  -2.931  -0.299  0.584  66.035
20.300  -4.169  -0.279  0.584  65.931
20.350  -5.033  -0.237  0.584  65.891
20.400  -5.438  -0.174  0.584  65.928
20.450  -5.337  -0.090  0.584  66.032
20.500  -4.733  -0.003  0.584  66.161
20.550  -3.691  0.088  0.584  66.268
20.600  -2.311  0.170  0.584  66.313
20.650  -0.723  0.233  0.584  66.275
20.700  0.932  0.269  0.584  66.164
20.750  2.499  0.279  0.584  66.020
20.800  3.845  0.258  0.584  65.894
20.850  4.831  0.212  0.584  65.831
20.900  5.371  0.140  0.584  65.852
20.950  5.411  0.055  0.584  65.950
21.000  4.948  -0.037  0.584  66.085
21.050  4.023  -0.123  0.584  66.202
21.100  2.734  -0.201  0.584  66.262
21.150  1.199  -0.256  0.584  66.238
21.200  -0.435  -0.289  0.584  66.137
21.250  -2.030  -0.302  0.584  66.000
21.300  -3.446  -0.296  0.584  65.872
21.350  -4.551  -0.265  0.584  65.792
21.400  -5.247  -0.215  0.584  65.784
21.450  -5.460  -0.143  0.584  65.851
21.500  -5.162  -0.060  0.584  65.970
21.550  -4.379  0.032  0.584  66.096
21.600  -3.193  0.120  0.584  66.186
21.650  -1.717  0.195  0.584  66.203
21.700  -0.084  0.249  0.582  66.136
21.750  1.553  0.278  0.582  66.009
21.800  3.052  0.274  0.582  65.869
21.850  4.269  0.242  0.582  65.766
21.900  5.098  0.185  0.582  65.737
21.950  5.443  0.110  0.582  65.793
22.000  5.293  0.020  0.582  65.913
22.050  4.640  -0.070  0.582  66.049
22.100  3.565  -0.154  0.582  66.151
22.150  2.163  -0.222  0.582  66.179
22.200  0.577  -0.271  0.581  66.123
22.250  -1.061  -0.297  0.581  66.006
22.300  -2.603  -0.302  0.581  65.869
22.350  -3.914  -0.284  0.581  65.756
22.400  -4.872  -0.248  0.581  65.702
22.450  -5.389  -0.190  0.581  65.722
22.500  -5.406  -0.112  0.581  65.813
22.550  -4.915  -0.023  0.581  65.941
22.600  -3.966  0.066  0.581  66.061
22.650  -2.652  0.151  0.581  66.124
22.700  -1.096  0.219  0.581  66.107
22.750  0.554  0.264  0.581  66.013
22.800  2.154  0.279  0.581  65.874
22.850  3.560  0.265  0.581  65.741
22.900  4.641  0.224  0.581  65.662
22.950  5.288  0.159  0.581  65.665
23.000  5.449  0.075  0.581  65.749
23.050  5.098  -0.015  0.581  65.882
23.100  4.274  -0.103  0.581  66.010
23.150  3.057  -0.181  0.581  66.084
23.200  1.570  -0.245  0.581  66.080
23.250  -0.055  -0.283  0.581  65.998
23.300  -1.673  -0.300  0.581  65.867
23.350  -3.143  -0.297  0.581  65.734
23.400  -4.330  -0.275  0.581  65.640
23.450  -5.128  -0.229  0.581  65.614
23.500  -5.456  -0.161  0.581  65.665
23.550  -5.275  -0.078  0.581  65.777
23.600  -4.599  0.009  0.581  65.909
23.650  -3.497  0.101  0.581  66.011
23.700  -2.072  0.179  0.581  66.048
23.750  -0.465  0.239  0.581  66.001
23.800  1.183  0.272  0.581  65.885
23.850  2.725  0.278  0.581  65.744
23.900  4.021  0.251  0.581  65.629
23.950  4.945  0.201  0.581  65.582
24.000  5.410  0.128  0.581  65.620
24.050  5.374  0.042  0.581  65.730
24.100  4.834  -0.048  0.581  65.868
24.150  3.846  -0.134  0.581  65.982
24.200  2.511  -0.208  0.581  66.031
24.250  0.954  -0.260  0.581  65.996
24.300  -0.686  -0.292  0.581  65.890
24.350  -2.264  -0.302  0.581  65.755
24.400  -3.639  -0.292  0.581  65.634
24.450  -4.688  -0.258  0.581  65.565
24.500  -5.313  -0.205  0.581  65.570
24.550  -5.447  -0.132  0.581  65.647
24.600  -5.072  -0.047  0.581  65.771
24.650  -4.220  0.046  0.581  65.897
24.700  -2.977  0.132  0.581  65.979
24.750  -1.467  0.204  0.581  65.983
24.800  0.173  0.254  0.581  65.905
24.850  1.796  0.278  0.581  65.774
24.900  3.262  0.270  0.581  65.635
24.950  4.427  0.236  0.581  65.540
25.000  5.182  0.176  0.581  65.524
25.050  5.455  0.096  0.581  65.590
25.100  5.225  0.007  0.581  65.714
25.150  4.503  -0.081  0.581  65.848
25.200  3.368  -0.164  0.581  65.939
25.250  1.930  -0.230  0.581  65.954
25.300  0.323  -0.276  0.581  65.888
25.350  -1.310  -0.298  0.581  65.765
25.400  -2.824  -0.300  0.581  65.628
25.450  -4.088  -0.281  0.581  65.521
25.500  -4.984  -0.242  0.581  65.477
25.550  -5.425  -0.179  0.581  65.509
25.600  -5.363  -0.099  0.581  65.608
25.650  -4.796  -0.010  0.581  65.740
25.700  -3.781  0.078  0.581  65.851
25.750  -2.421  0.163  0.581  65.905
25.800  -0.843  0.227  0.581  65.876
25.850  0.806  0.267  0.581  65.773
25.900  2.388  0.278  0.581  65.632
25.950  3.752  0.261  0.581  65.505
26.000  4.772  0.215  0.581  65.437
26.050  5.345  0.147  0.581  65.454
26.100  5.430  0.063  0.581  65.548
26.150  5.000  -0.026  0.581  65.682
26.200  4.109  -0.115  0.581  65.806
26.250  2.844  -0.192  0.581  65.872
26.300  1.323  -0.250  0.581  65.856
26.350  -0.310  -0.286  0.581  65.765
26.400  -1.915  -0.300  0.581  65.631
26.450  -3.348  -0.295  0.581  65.502
26.500  -4.481  -0.268  0.581  65.418
26.550  -5.211  -0.219  0.581  65.405
26.600  -5.462  -0.149  0.581  65.468
26.650  -5.201  -0.067  0.581  65.586
26.700  -4.453  0.023  0.581  65.716
26.750  -3.291  0.113  0.581  65.812
26.800  -1.831  0.189  0.581  65.837
26.850  -0.210  0.243  0.579  65.777
26.900  1.431  0.274  0.579  65.656
26.950  2.946  0.275  0.579  65.516
27.000  4.192  0.246  0.579  65.409
27.050  5.052  0.190  0.579  65.375
27.100  5.437  0.116  0.579  65.425
27.150  5.324  0.028  0.579  65.542
27.200  4.707  -0.062  0.579  65.680
27.250  3.659  -0.147  0.579  65.789
27.300  2.277  -0.217  0.579  65.827
27.350  0.698  -0.267  0.578  65.782
27.400  -0.941  -0.295  0.578  65.671
27.450  -2.495  -0.303  0.581  65.537
27.500  -3.826  -0.287  0.581  65.423
27.550  -4.815  -0.252  0.581  65.366
27.600  -5.367  -0.197  0.581  65.383
27.650  -5.423  -0.120  0.581  65.470
27.700  -4.967  -0.032  0.581  65.601
27.750  -4.049  0.059  0.581  65.726
27.800  -2.759  0.143  0.581  65.800
27.850  -1.220  0.212  0.581  65.793
27.900  0.427  0.260  0.581  65.708
27.950  2.039  0.278  0.581  65.575
28.000  3.464  0.266  0.581  65.443
28.050  4.575  0.227  0.581  65.362
28.100  5.257  0.165  0.581  65.360
28.150  5.454  0.082  0.581  65.442
28.200  5.142  -0.007  0.581  65.575
28.250  4.349  -0.096  0.581  65.709
28.300  3.157  -0.175  0.581  65.793
28.350  1.685  -0.240  0.581  65.801
28.400  0.065  -0.281  0.581  65.728
28.450  -1.558  -0.299  0.581  65.602
28.500  -3.042  -0.297  0.581  65.470
28.550  -4.253  -0.277  0.581  65.375
28.600  -5.083  -0.233  0.581  65.345
28.650  -5.450  -0.167  0.581  65.392
28.700  -5.307  -0.085  0.581  65.504
28.750  -4.663  0.001  0.581  65.637
28.800  -3.591  0.091  0.581  65.746
28.850  -2.188  0.173  0.581  65.791
28.900  -0.592  0.234  0.581  65.754
28.950  1.061  0.269  0.581  65.644
29.000  2.618  0.278  0.581  65.506
29.050  3.936  0.256  0.581  65.388
29.100  4.891  0.206  0.581  65.336
29.150  5.389  0.134  0.581  65.369
29.200  5.393  0.049  0.581  65.475
29.250  4.888  -0.041  0.581  65.614
29.300  3.933  -0.128  0.581  65.735
29.350  2.617  -0.203  0.581  65.794
29.400  1.071  -0.257  0.581  65.768
29.450  -0.567  -0.290  0.581  65.669
29.500  -2.153  -0.302  0.581  65.536
29.550  -3.546  -0.293  0.581  65.414
29.600  -4.623  -0.262  0.581  65.342
29.650  -5.283  -0.209  0.581  65.342
29.700  -5.456  -0.139  0.581  65.416
29.750  -5.116  -0.054  0.581  65.540
29.800  -4.298  0.038  0.581  65.669
29.850  -3.083  0.125  0.581  65.759
29.900  -1.590  0.197  0.581  65.772
29.950  0.046  0.249  0.580  65.702
30.000  1.680  0.277  0.580  65.576
30.050  3.160  0.272  0.580  65.439
30.100  4.351  0.238  0.580  65.342
30.150  5.142  0.180  0.580  65.321
30.200  5.451  0.104  0.580  65.383
30.250  5.259  0.015  0.580  65.505
30.300  4.569  -0.076  0.580  65.643
30.350  3.462  -0.157  0.580  65.741
30.400  2.041  -0.224  0.580  65.764
30.450  0.444  -0.273  0.580  65.705
30.500  -1.192  -0.298  0.580  65.586
30.550  -2.719  -0.300  0.580  65.449
30.600  -4.005  -0.282  0.580  65.340
30.650  -4.931  -0.245  0.580  65.291
30.700  -5.409  -0.186  0.580  65.317
30.750  -5.385  -0.107  0.580  65.411
30.800  -4.854  -0.019  0.580  65.541
30.850  -3.871  0.070  0.580  65.657
30.900  -2.536  0.154  0.580  65.715
30.950  -0.968  0.221  0.580  65.692
31.000  0.686  0.263  0.580  65.593
31.050  2.276  0.277  0.580  65.453
31.100  3.659  0.263  0.580  65.323
31.150  4.709  0.220  0.580  65.248
31.200  5.319  0.153  0.580  65.257
31.250  5.439  0.070  0.580  65.345
31.300  5.049  -0.019  0.580  65.476
31.350  4.188  -0.106  0.580  65.599
31.400  2.946  -0.185  0.580  65.669
31.450  1.441  -0.246  0.580  65.659
31.500  -0.189  -0.283  0.579  65.570
31.550  -1.798  -0.299  0.579  65.437
31.600  -3.250  -0.296  0.579  65.304
31.650  -4.408  -0.272  0.579  65.214
31.700  -5.172  -0.224  0.579  65.191
31.750  -5.461  -0.155  0.579  65.247
