0.000   1.536   -0.185   0.543   58.531
0.050   -0.093   -0.230   0.543   58.473
0.100   -1.709   -0.258   0.543   58.360
0.150   -3.175   -0.263   0.543   58.235
0.200   -4.354   -0.247   0.543   58.141
0.250   -5.142   -0.210   0.543   58.109
0.300   -5.459   -0.156   0.543   58.150
0.350   -5.263   -0.084   0.543   58.253
0.400   -4.573   -0.001   0.543   58.384
0.450   -3.459   0.084   0.543   58.498
0.500   -2.026   0.161   0.543   58.554
0.550   -0.412   0.226   0.543   58.531
0.600   1.238   0.268   0.543   58.436
0.650   2.772   0.283   0.546   58.308
0.700   4.059   0.269   0.546   58.191
0.750   4.970   0.232   0.546   58.132
0.800   5.418   0.172   0.546   58.153
0.850   5.362   0.094   0.546   58.247
0.900   4.802   0.008   0.546   58.382
0.950   3.801   -0.071   0.546   58.502
1.000   2.448   -0.147   0.546   58.568
1.050   0.884   -0.206   0.546   58.554
1.100   -0.755   -0.246   0.546   58.468
1.150   -2.327   -0.261   0.546   58.341
1.200   -3.692   -0.258   0.546   58.220
1.250   -4.725   -0.235   0.546   58.145
1.300   -5.330   -0.193   0.546   58.136
1.350   -5.442   -0.128   0.546   58.199
1.400   -5.041   -0.051   0.546   58.313
1.450   -4.169   0.033   0.546   58.439
1.500   -2.912   0.114   0.546   58.525
1.550   -1.392   0.191   0.546   58.546
1.600   0.256   0.246   0.546   58.488
1.650   1.876   0.276   0.546   58.370
1.700   3.331   0.280   0.546   58.235
1.750   4.477   0.258   0.546   58.133
1.800   5.211   0.209   0.546   58.100
1.850   5.455   0.140   0.546   58.150
1.900   5.195   0.059   0.546   58.262
1.950   4.445   -0.022   0.546   58.390
2.000   3.289   -0.106   0.546   58.489
2.050   1.834   -0.174   0.546   58.521
2.100   0.222   -0.225   0.546   58.474
2.150   -1.408   -0.253   0.546   58.361
2.200   -2.912   -0.263   0.547   58.227
2.250   -4.155   -0.252   0.547   58.117
2.300   -5.025   -0.220   0.547   58.064
2.350   -5.437   -0.167   0.547   58.084
2.400   -5.341   -0.099   0.547   58.171
2.450   -4.741   -0.018   0.547   58.294
2.500   -3.700   0.066   0.547   58.407
2.550   -2.323   0.149   0.547   58.472
2.600   -0.734   0.215   0.547   58.461
2.650   0.918   0.260   0.547   58.375
2.700   2.493   0.282   0.547   58.246
2.750   3.836   0.274   0.547   58.121
2.800   4.830   0.239   0.547   58.047
2.850   5.368   0.184   0.547   58.052
2.900   5.413   0.110   0.547   58.133
2.950   4.946   0.025   0.547   58.262
3.000   4.024   -0.058   0.547   58.391
3.050   2.730   -0.134   0.547   58.470
3.100   1.198   -0.196   0.547   58.475
3.150   -0.441   -0.239   0.546   58.400
3.200   -2.037   -0.261   0.546   58.280
3.250   -3.452   -0.260   0.546   58.157
3.300   -4.556   -0.241   0.546   58.072
3.350   -5.250   -0.201   0.546   58.053
3.400   -5.460   -0.143   0.546   58.107
3.450   -5.157   -0.066   0.546   58.217
3.500   -4.369   0.018   0.546   58.350
3.550   -3.178   0.100   0.546   58.453
3.600   -1.696   0.176   0.546   58.492
3.650   -0.068   0.238   0.546   58.453
3.700   1.573   0.273   0.546   58.350
3.750   3.069   0.281   0.546   58.220
3.800   4.287   0.264   0.546   58.114
3.850   5.105   0.221   0.546   58.073
3.900   5.449   0.155   0.546   58.112
3.950   5.286   0.076   0.546   58.221
4.000   4.627   -0.006   0.546   58.358
4.050   3.541   -0.088   0.546   58.472
4.100   2.136   -0.163   0.546   58.523
4.150   0.542   -0.218   0.546   58.497
4.200   -1.096   -0.250   0.546   58.400
4.250   -2.636   -0.261   0.546   58.271
4.300   -3.941   -0.255   0.546   58.158
4.350   -4.891   -0.228   0.546   58.096
4.400   -5.396   -0.179   0.546   58.105
4.450   -5.400   -0.111   0.546   58.185
4.500   -4.895   -0.034   0.546   58.308
4.550   -3.932   0.050   0.546   58.430
4.600   -2.605   0.133   0.546   58.509
4.650   -1.048   0.205   0.546   58.517
4.700   0.605   0.254   0.544   58.447
4.750   2.201   0.280   0.544   58.323
4.800   3.602   0.278   0.544   58.195
4.850   4.669   0.249   0.544   58.108
4.900   5.304   0.195   0.544   58.097
4.950   5.444   0.126   0.544   58.166
5.000   5.078   0.043   0.544   58.289
5.050   4.234   -0.042   0.544   58.421
5.100   3.007   -0.121   0.544   58.512
5.150   1.508   -0.185   0.544   58.532
5.200   -0.121   -0.232   0.543   58.471
5.250   -1.737   -0.258   0.543   58.355
5.300   -3.198   -0.263   0.544   58.227
5.350   -4.371   -0.246   0.544   58.131
5.400   -5.152   -0.210   0.544   58.097
5.450   -5.460   -0.154   0.544   58.136
5.500   -5.255   -0.083   0.544   58.236
5.550   -4.557   0.001   0.544   58.364
5.600   -3.436   0.085   0.544   58.475
5.650   -2.000   0.164   0.544   58.530
5.700   -0.384   0.226   0.544   58.505
5.750   1.264   0.268   0.544   58.409
5.800   2.800   0.282   0.545   58.279
5.850   4.079   0.269   0.545   58.163
5.900   4.984   0.230   0.545   58.106
5.950   5.420   0.171   0.545   58.129
6.000   5.358   0.091   0.545   58.226
6.050   4.788   0.007   0.545   58.362
6.100   3.778   -0.074   0.545   58.485
6.150   2.424   -0.148   0.545   58.549
6.200   0.858   -0.209   0.545   58.537
6.250   -0.784   -0.246   0.545   58.452
6.300   -2.355   -0.261   0.545   58.326
6.350   -3.715   -0.257   0.545   58.207
6.400   -4.739   -0.236   0.545   58.134
6.450   -5.336   -0.191   0.545   58.130
6.500   -5.439   -0.126   0.545   58.197
6.550   -5.029   -0.048   0.545   58.316
6.600   -4.149   0.034   0.545   58.444
6.650   -2.888   0.117   0.545   58.534
6.700   -1.363   0.192   0.545   58.556
6.750   0.283   0.248   0.545   58.501
6.800   1.907   0.276   0.545   58.386
6.850   3.354   0.281   0.545   58.255
6.900   4.496   0.256   0.545   58.158
6.950   5.218   0.208   0.545   58.132
7.000   5.457   0.138   0.545   58.187
7.050   5.185   0.059   0.545   58.305
7.100   4.431   -0.025   0.545   58.438
7.150   3.265   -0.107   0.545   58.541
7.200   1.809   -0.176   0.545   58.578
7.250   0.193   -0.225   0.545   58.533
7.300   -1.435   -0.254   0.545   58.424
7.350   -2.937   -0.263   0.545   58.294
7.400   -4.173   -0.252   0.545   58.189
7.450   -5.036   -0.218   0.545   58.141
7.500   -5.439   -0.166   0.545   58.166
7.550   -5.335   -0.096   0.545   58.258
7.600   -4.726   -0.016   0.545   58.384
7.650   -3.679   0.069   0.545   58.500
7.700   -2.295   0.150   0.545   58.567
7.750   -0.706   0.216   0.545   58.558
7.800   0.949   0.261   0.545   58.473
7.850   2.516   0.282   0.545   58.346
7.900   3.859   0.274   0.545   58.224
7.950   4.842   0.239   0.545   58.152
8.000   5.375   0.182   0.545   58.160
8.050   5.409   0.109   0.545   58.244
8.100   4.937   0.023   0.545   58.375
8.150   4.003   -0.060   0.545   58.505
8.200   2.706   -0.136   0.545   58.584
8.250   1.168   -0.198   0.545   58.586
8.300   -0.468   -0.241   0.545   58.512
8.350   -2.063   -0.260   0.545   58.391
8.400   -3.473   -0.260   0.545   58.267
8.450   -4.572   -0.240   0.545   58.183
8.500   -5.258   -0.202   0.545   58.165
8.550   -5.460   -0.140   0.545   58.219
8.600   -5.148   -0.064   0.545   58.331
8.650   -4.352   0.020   0.545   58.462
8.700   -3.153   0.101   0.545   58.564
8.750   -1.669   0.178   0.545   58.601
8.800   -0.037   0.239   0.545   58.561
8.850   1.599   0.274   0.545   58.455
8.900   3.094   0.281   0.545   58.324
8.950   4.302   0.264   0.545   58.218
9.000   5.116   0.219   0.545   58.177
9.050   5.447   0.153   0.545   58.219
9.100   5.280   0.074   0.545   58.329
9.150   4.610   -0.008   0.545   58.465
9.200   3.520   -0.091   0.545   58.577
9.250   2.107   -0.164   0.545   58.627
9.300   0.515   -0.218   0.545   58.598
9.350   -1.124   -0.249   0.545   58.500
9.400   -2.661   -0.262   0.545   58.371
9.450   -3.960   -0.255   0.545   58.258
9.500   -4.903   -0.228   0.545   58.198
9.550   -5.401   -0.178   0.545   58.208
9.600   -5.395   -0.111   0.545   58.289
9.650   -4.883   -0.032   0.545   58.412
9.700   -3.913   0.051   0.545   58.532
9.750   -2.583   0.136   0.545   58.609
9.800   -1.018   0.205   0.545   58.615
9.850   0.633   0.255   0.544   58.542
9.900   2.229   0.279   0.544   58.418
9.950   3.621   0.279   0.544   58.289
10.000   4.685   0.247   0.544   58.203
10.050   5.309   0.194   0.544   58.193
10.100   5.442   0.124   0.544   58.261
10.150   5.063   0.042   0.544   58.383
10.200   4.217   -0.044   0.544   58.512
10.250   2.980   -0.123   0.544   58.602
10.300   1.479   -0.187   0.544   58.618
10.350   -0.152   -0.232   0.543   58.552
10.400   -1.764   -0.259   0.543   58.433
10.450   -3.222   -0.262   0.543   58.303
10.500   -4.389   -0.245   0.543   58.205
10.550   -5.162   -0.208   0.543   58.170
10.600   -5.461   -0.154   0.543   58.207
10.650   -5.247   -0.081   0.543   58.304
10.700   -4.539   0.003   0.543   58.430
10.750   -3.414   0.088   0.543   58.538
10.800   -1.974   0.164   0.543   58.586
10.850   -0.358   0.228   0.543   58.557
10.900   1.294   0.269   0.543   58.458
10.950   2.824   0.283   0.545   58.325
11.000   4.099   0.267   0.545   58.207
11.050   4.992   0.229   0.545   58.149
11.100   5.424   0.169   0.545   58.171
11.150   5.352   0.091   0.545   58.266
11.200   4.774   0.006   0.545   58.399
11.250   3.755   -0.074   0.545   58.518
11.300   2.398   -0.151   0.545   58.580
11.350   0.828   -0.210   0.545   58.564
11.400   -0.814   -0.247   0.545   58.476
11.450   -2.381   -0.261   0.545   58.348
11.500   -3.735   -0.258   0.545   58.229
11.550   -4.754   -0.235   0.545   58.156
11.600   -5.342   -0.190   0.545   58.151
11.650   -5.436   -0.124   0.545   58.220
11.700   -5.018   -0.047   0.545   58.340
11.750   -4.130   0.036   0.545   58.466
11.800   -2.862   0.118   0.545   58.554
11.850   -1.335   0.194   0.545   58.575
11.900   0.312   0.247   0.545   58.519
11.950   1.932   0.277   0.545   58.403
12.000   3.378   0.281   0.545   58.273
12.050   4.511   0.256   0.545   58.178
12.100   5.228   0.205   0.545   58.154
12.150   5.455   0.138   0.545   58.211
12.200   5.178   0.057   0.545   58.330
12.250   4.412   -0.026   0.545   58.464
12.300   3.243   -0.109   0.545   58.567
12.350   1.780   -0.177   0.545   58.603
12.400   0.166   -0.226   0.545   58.556
12.450   -1.463   -0.255   0.545   58.447
12.500   -2.961   -0.264   0.547   58.318
12.550   -4.192   -0.250   0.547   58.215
12.600   -5.047   -0.217   0.547   58.169
12.650   -5.442   -0.165   0.547   58.196
12.700   -5.328   -0.096   0.547   58.289
12.750   -4.711   -0.015   0.547   58.415
12.800   -3.657   0.071   0.547   58.532
12.850   -2.267   0.152   0.547   58.599
12.900   -0.675   0.217   0.547   58.588
12.950   0.975   0.262   0.547   58.502
13.000   2.543   0.282   0.547   58.375
13.050   3.878   0.273   0.547   58.252
13.100   4.857   0.238   0.547   58.182
13.150   5.379   0.182   0.547   58.191
13.200   5.408   0.109   0.547   58.274
13.250   4.923   0.022   0.547   58.405
13.300   3.987   -0.061   0.547   58.533
13.350   2.683   -0.136   0.547   58.610
13.400   1.143   -0.197   0.547   58.608
13.450   -0.497   -0.241   0.546   58.532
13.500   -2.088   -0.261   0.546   58.409
13.550   -3.496   -0.260   0.546   58.284
13.600   -4.588   -0.239   0.546   58.199
13.650   -5.266   -0.200   0.546   58.180
13.700   -5.459   -0.140   0.546   58.233
13.750   -5.138   -0.063   0.546   58.342
13.800   -4.334   0.021   0.546   58.470
13.850   -3.130   0.102   0.546   58.568
13.900   -1.639   0.179   0.546   58.600
13.950   -0.007   0.239   0.546   58.555
14.000   1.629   0.274   0.546   58.445
14.050   3.117   0.281   0.546   58.311
14.100   4.323   0.263   0.546   58.202
14.150   5.126   0.220   0.546   58.159
14.200   5.452   0.152   0.546   58.197
14.250   5.271   0.073   0.546   58.304
14.300   4.597   -0.010   0.546   58.437
14.350   3.497   -0.092   0.546   58.545
14.400   2.083   -0.166   0.546   58.591
14.450   0.487   -0.219   0.546   58.558
14.500   -1.151   -0.251   0.546   58.454
14.550   -2.686   -0.262   0.546   58.322
14.600   -3.980   -0.256   0.546   58.208
14.650   -4.916   -0.227   0.546   58.145
14.700   -5.405   -0.177   0.546   58.155
14.750   -5.391   -0.109   0.546   58.235
14.800   -4.868   -0.032   0.546   58.355
14.850   -3.893   0.052   0.546   58.473
14.900   -2.557   0.137   0.546   58.549
14.950   -0.990   0.207   0.546   58.552
15.000   0.663   0.255   0.544   58.478
15.050   2.255   0.280   0.544   58.353
15.100   3.646   0.277   0.544   58.224
15.150   4.699   0.247   0.544   58.140
15.200   5.317   0.193   0.544   58.132
15.250   5.439   0.123   0.544   58.202
15.300   5.055   0.039   0.544   58.326
15.350   4.196   -0.045   0.544   58.456
15.400   2.956   -0.125   0.544   58.546
15.450   1.450   -0.188   0.544   58.563
15.500   -0.180   -0.234   0.543   58.498
15.550   -1.792   -0.259   0.543   58.381
15.600   -3.245   -0.263   0.544   58.254
15.650   -4.406   -0.245   0.544   58.159
15.700   -5.171   -0.209   0.544   58.127
15.750   -5.461   -0.153   0.544   58.168
15.800   -5.238   -0.080   0.544   58.269
15.850   -4.523   0.004   0.544   58.397
15.900   -3.390   0.088   0.544   58.506
15.950   -1.947   0.165   0.544   58.555
16.000   -0.328   0.228   0.544   58.525
16.050   1.320   0.269   0.544   58.426
16.100   2.850   0.282   0.545   58.295
16.150   4.117   0.268   0.545   58.179
16.200   5.008   0.229   0.545   58.122
16.250   5.422   0.167   0.545   58.147
16.300   5.342   0.087   0.545   58.244
16.350   4.760   0.004   0.545   58.379
16.400   3.736   -0.077   0.545   58.499
16.450   2.370   -0.152   0.545   58.560
16.500   0.799   -0.211   0.545   58.542
16.550   -0.843   -0.247   0.545   58.453
16.600   -2.407   -0.262   0.545   58.325
16.650   -3.756   -0.257   0.545   58.206
16.700   -4.768   -0.235   0.545   58.133
16.750   -5.349   -0.189   0.545   58.130
16.800   -5.433   -0.123   0.545   58.198
16.850   -5.007   -0.045   0.545   58.318
16.900   -4.110   0.037   0.545   58.444
16.950   -2.836   0.120   0.545   58.532
17.000   -1.305   0.196   0.545   58.553
17.050   0.339   0.250   0.545   58.497
17.100   1.959   0.278   0.545   58.382
17.150   3.398   0.280   0.545   58.252
17.200   4.528   0.255   0.545   58.159
17.250   5.233   0.205   0.545   58.137
17.300   5.457   0.135   0.545   58.198
17.350   5.166   0.056   0.545   58.319
17.400   4.396   -0.028   0.545   58.455
17.450   3.217   -0.109   0.545   58.559
17.500   1.754   -0.178   0.545   58.595
17.550   0.137   -0.226   0.545   58.549
17.600   -1.490   -0.255   0.545   58.441
17.650   -2.985   -0.263   0.546   58.315
17.700   -4.210   -0.252   0.546   58.214
17.750   -5.059   -0.217   0.546   58.171
17.800   -5.445   -0.164   0.546   58.203
17.850   -5.322   -0.094   0.546   58.298
17.900   -4.696   -0.014   0.546   58.427
17.950   -3.636   0.072   0.546   58.544
18.000   -2.240   0.153   0.546   58.612
18.050   -0.649   0.218   0.546   58.602
18.100   1.005   0.263   0.546   58.516
18.150   2.568   0.283   0.546   58.389
18.200   3.900   0.273   0.546   58.269
18.250   4.867   0.238   0.546   58.201
18.300   5.384   0.181   0.546   58.211
18.350   5.401   0.106   0.546   58.297
18.400   4.911   0.020   0.546   58.429
18.450   3.965   -0.061   0.546   58.556
18.500   2.658   -0.137   0.546   58.631
18.550   1.115   -0.199   0.546   58.628
18.600   -0.524   -0.242   0.546   58.549
18.650   -2.116   -0.261   0.546   58.425
18.700   -3.518   -0.260   0.546   58.300
18.750   -4.603   -0.239   0.546   58.215
18.800   -5.274   -0.199   0.546   58.196
18.850   -5.457   -0.139   0.546   58.249
18.900   -5.128   -0.062   0.546   58.358
18.950   -4.317   0.022   0.546   58.485
19.000   -3.106   0.103   0.546   58.579
19.050   -1.612   0.181   0.546   58.610
19.100   0.023   0.241   0.546   58.563
19.150   1.655   0.274   0.546   58.451
19.200   3.142   0.281   0.546   58.316
19.250   4.338   0.263   0.546   58.208
19.300   5.136   0.218   0.546   58.165
19.350   5.451   0.150   0.546   58.205
19.400   5.263   0.071   0.546   58.312
19.450   4.579   -0.011   0.546   58.443
19.500   3.475   -0.094   0.546   58.550
19.550   2.055   -0.166   0.546   58.593
19.600   0.457   -0.220   0.546   58.558
19.650   -1.180   -0.250   0.546   58.454
19.700   -2.712   -0.262   0.546   58.322
19.750   -4.000   -0.255   0.546   58.209
19.800   -4.929   -0.226   0.546   58.148
19.850   -5.409   -0.176   0.546   58.159
19.900   -5.385   -0.108   0.546   58.241
19.950   -4.854   -0.030   0.546   58.363
20.000   -3.872   0.054   0.546   58.481
20.050   -2.533   0.139   0.546   58.556
20.100   -0.962   0.208   0.546   58.559
20.150   0.691   0.256   0.545   58.483
20.200   2.284   0.281   0.545   58.358
20.250   3.666   0.278   0.545   58.229
20.300   4.716   0.246   0.545   58.147
20.350   5.323   0.192   0.545   58.140
20.400   5.439   0.122   0.545   58.212
20.450   5.042   0.038   0.545   58.336
20.500   4.180   -0.046   0.545   58.466
20.550   2.930   -0.125   0.545   58.556
20.600   1.422   -0.188   0.545   58.570
20.650   -0.210   -0.234   0.543   58.505
20.700   -1.818   -0.259   0.543   58.387
20.750   -3.268   -0.261   0.543   58.260
20.800   -4.423   -0.244   0.543   58.166
20.850   -5.181   -0.207   0.543   58.136
20.900   -5.461   -0.151   0.543   58.179
20.950   -5.231   -0.078   0.543   58.281
21.000   -4.506   0.005   0.543   58.409
21.050   -3.367   0.090   0.543   58.517
21.100   -1.919   0.167   0.543   58.566
21.150   -0.301   0.230   0.543   58.535
21.200   1.350   0.270   0.543   58.436
21.250   2.872   0.283   0.545   58.305
21.300   4.140   0.266   0.545   58.190
21.350   5.019   0.228   0.545   58.136
21.400   5.428   0.166   0.545   58.163
21.450   5.338   0.087   0.545   58.262
21.500   4.747   0.003   0.545   58.398
21.550   3.713   -0.078   0.545   58.516
21.600   2.345   -0.153   0.545   58.576
21.650   0.770   -0.211   0.545   58.559
21.700   -0.871   -0.248   0.545   58.470
21.750   -2.433   -0.261   0.545   58.343
21.800   -3.777   -0.257   0.545   58.225
21.850   -4.782   -0.233   0.545   58.154
21.900   -5.354   -0.189   0.545   58.153
21.950   -5.430   -0.122   0.545   58.223
22.000   -4.994   -0.045   0.545   58.343
22.050   -4.091   0.038   0.545   58.469
22.100   -2.810   0.122   0.545   58.557
22.150   -1.278   0.197   0.545   58.576
22.200   0.370   0.249   0.544   58.518
22.250   1.985   0.277   0.544   58.400
22.300   3.423   0.280   0.544   58.270
22.350   4.543   0.255   0.544   58.176
22.400   5.245   0.204   0.544   58.154
22.450   5.455   0.135   0.544   58.215
22.500   5.160   0.054   0.544   58.335
22.550   4.379   -0.029   0.544   58.469
22.600   3.198   -0.112   0.544   58.571
22.650   1.728   -0.179   0.544   58.603
22.700   0.109   -0.227   0.544   58.554
22.750   -1.517   -0.255   0.544   58.443
22.800   -3.007   -0.264   0.546   58.315
22.850   -4.229   -0.249   0.546   58.212
22.900   -5.069   -0.217   0.546   58.169
22.950   -5.447   -0.162   0.546   58.199
23.000   -5.315   -0.093   0.546   58.294
23.050   -4.682   -0.012   0.546   58.422
23.100   -3.613   0.074   0.546   58.538
23.150   -2.214   0.154   0.546   58.602
23.200   -0.617   0.218   0.546   58.589
23.250   1.034   0.264   0.546   58.501
23.300   2.595   0.283   0.547   58.373
23.350   3.918   0.273   0.547   58.252
23.400   4.883   0.236   0.547   58.185
23.450   5.387   0.179   0.547   58.198
23.500   5.397   0.105   0.547   58.284
23.550   4.897   0.019   0.547   58.417
23.600   3.946   -0.063   0.547   58.545
23.650   2.631   -0.139   0.547   58.620
23.700   1.086   -0.201   0.547   58.618
23.750   -0.553   -0.243   0.547   58.540
23.800   -2.142   -0.261   0.547   58.418
23.850   -3.540   -0.259   0.547   58.295
23.900   -4.619   -0.239   0.547   58.213
23.950   -5.281   -0.199   0.547   58.197
24.000   -5.455   -0.137   0.547   58.254
24.050   -5.117   -0.060   0.547   58.366
24.100   -4.299   0.023   0.547   58.495
24.150   -3.085   0.105   0.547   58.591
24.200   -1.585   0.182   0.547   58.623
24.250   0.051   0.241   0.547   58.577
24.300   1.686   0.274   0.547   58.467
24.350   3.164   0.280   0.547   58.333
24.400   4.358   0.261   0.547   58.228
24.450   5.145   0.217   0.547   58.189
24.500   5.453   0.149   0.547   58.231
24.550   5.254   0.069   0.547   58.341
24.600   4.563   -0.012   0.547   58.472
24.650   3.449   -0.096   0.547   58.580
24.700   2.028   -0.168   0.547   58.624
24.750   0.425   -0.220   0.547   58.587
24.800   -1.209   -0.251   0.547   58.482
24.850   -2.737   -0.262   0.547   58.350
24.900   -4.020   -0.256   0.547   58.236
24.950   -4.942   -0.225   0.547   58.175
25.000   -5.413   -0.174   0.547   58.187
25.050   -5.381   -0.107   0.547   58.267
25.100   -4.840   -0.029   0.547   58.387
25.150   -3.850   0.056   0.547   58.504
25.200   -2.507   0.140   0.547   58.577
25.250   -0.937   0.209   0.547   58.576
25.300   0.720   0.256   0.545   58.497
25.350   2.309   0.281   0.545   58.370
25.400   3.689   0.277   0.545   58.240
25.450   4.729   0.245   0.545   58.156
25.500   5.329   0.190   0.545   58.150
25.550   5.435   0.120   0.545   58.222
25.600   5.031   0.036   0.545   58.346
25.650   4.157   -0.049   0.545   58.476
25.700   2.905   -0.127   0.545   58.564
25.750   1.392   -0.189   0.545   58.575
25.800   -0.239   -0.236   0.543   58.508
25.850   -1.848   -0.259   0.543   58.390
25.900   -3.293   -0.262   0.544   58.263
25.950   -4.441   -0.244   0.544   58.171
26.000   -5.190   -0.208   0.544   58.142
26.050   -5.462   -0.151   0.544   58.186
26.100   -5.221   -0.077   0.544   58.290
26.150   -4.490   0.007   0.544   58.420
26.200   -3.343   0.090   0.544   58.528
26.250   -1.892   0.168   0.544   58.577
26.300   -0.271   0.230   0.544   58.545
26.350   1.375   0.270   0.544   58.447
26.400   2.899   0.282   0.544   58.317
26.450   4.155   0.265   0.544   58.205
26.500   5.030   0.227   0.544   58.154
26.550   5.429   0.164   0.544   58.184
26.600   5.334   0.085   0.544   58.286
26.650   4.730   0.001   0.544   58.423
26.700   3.694   -0.080   0.544   58.544
26.750   2.318   -0.155   0.544   58.605
26.800   0.742   -0.213   0.544   58.588
26.850   -0.898   -0.249   0.544   58.499
26.900   -2.458   -0.263   0.545   58.372
26.950   -3.798   -0.258   0.545   58.256
27.000   -4.797   -0.234   0.545   58.188
27.050   -5.360   -0.187   0.545   58.189
27.100   -5.427   -0.122   0.545   58.262
27.150   -4.983   -0.044   0.545   58.384
27.200   -4.071   0.039   0.545   58.511
27.250   -2.786   0.123   0.545   58.598
27.300   -1.247   0.198   0.545   58.618
27.350   0.398   0.250   0.545   58.559
27.400   2.014   0.276   0.545   58.442
27.450   3.444   0.279   0.545   58.313
27.500   4.561   0.253   0.545   58.222
27.550   5.251   0.202   0.545   58.203
27.600   5.455   0.132   0.545   58.266
27.650   5.149   0.053   0.545   58.388
27.700   4.363   -0.032   0.545   58.523
27.750   3.174   -0.113   0.545   58.624
27.800   1.704   -0.181   0.545   58.657
27.850   0.081   -0.229   0.545   58.607
27.900   -1.544   -0.256   0.545   58.496
27.950   -3.032   -0.264   0.546   58.369
28.000   -4.247   -0.251   0.546   58.268
28.050   -5.081   -0.215   0.546   58.227
28.100   -5.449   -0.162   0.546   58.259
28.150   -5.309   -0.092   0.546   58.355
28.200   -4.667   -0.010   0.546   58.483
28.250   -3.592   0.076   0.546   58.600
28.300   -2.186   0.155   0.546   58.664
28.350   -0.587   0.220   0.546   58.650
28.400   1.065   0.263   0.546   58.561
28.450   2.619   0.283   0.548   58.433
28.500   3.941   0.272   0.548   58.313
28.550   4.894   0.237   0.548   58.248
28.600   5.396   0.178   0.548   58.261
28.650   5.391   0.102   0.548   58.350
28.700   4.887   0.017   0.548   58.483
28.750   3.923   -0.064   0.548   58.609
28.800   2.608   -0.141   0.548   58.682
28.850   1.057   -0.202   0.548   58.676
28.900   -0.581   -0.244   0.548   58.597
28.950   -2.169   -0.262   0.548   58.473
29.000   -3.561   -0.260   0.548   58.349
29.050   -4.634   -0.239   0.548   58.267
29.100   -5.289   -0.199   0.548   58.251
29.150   -5.454   -0.137   0.548   58.307
29.200   -5.107   -0.059   0.548   58.419
29.250   -4.281   0.025   0.548   58.546
29.300   -3.060   0.106   0.548   58.640
29.350   -1.559   0.183   0.548   58.667
29.400   0.082   0.242   0.548   58.617
29.450   1.712   0.274   0.548   58.504
29.500   3.191   0.280   0.548   58.369
29.550   4.374   0.261   0.548   58.262
29.600   5.157   0.215   0.548   58.222
29.650   5.454   0.148   0.548   58.263
29.700   5.248   0.068   0.548   58.371
29.750   4.546   -0.014   0.548   58.501
29.800   3.428   -0.098   0.548   58.606
29.850   1.999   -0.169   0.548   58.646
29.900   0.398   -0.221   0.548   58.605
29.950   -1.238   -0.251   0.548   58.497
30.000   -2.763   -0.264   0.548   58.363
30.050   -4.039   -0.255   0.548   58.248
30.100   -4.954   -0.225   0.548   58.188
30.150   -5.417   -0.173   0.548   58.200
30.200   -5.375   -0.106   0.548   58.280
30.250   -4.826   -0.027   0.548   58.400
30.300   -3.828   0.057   0.548   58.516
30.350   -2.481   0.142   0.548   58.588
30.400   -0.907   0.211   0.548   58.586
30.450   0.747   0.257   0.547   58.506
30.500   2.336   0.280   0.547   58.378
30.550   3.710   0.278   0.547   58.249
30.600   4.746   0.244   0.547   58.167
30.650   5.334   0.191   0.547   58.163
30.700   5.434   0.118   0.547   58.237
30.750   5.019   0.034   0.547   58.363
30.800   4.140   -0.051   0.547   58.493
30.850   2.880   -0.128   0.547   58.581
30.900   1.366   -0.191   0.547   58.592
30.950   -0.269   -0.235   0.544   58.525
31.000   -1.875   -0.260   0.544   58.407
31.050   -3.316   -0.262   0.544   58.282
31.100   -4.458   -0.245   0.544   58.192
31.150   -5.199   -0.207   0.544   58.166
31.200   -5.462   -0.150   0.544   58.212
31.250   -5.213   -0.075   0.544   58.318
31.300   -4.471   0.008   0.544   58.448
31.350   -3.320   0.093   0.544   58.557
31.400   -1.863   0.169   0.544   58.604
31.450   -0.243   0.232   0.544   58.572
31.500   1.404   0.271   0.544   58.472
31.550   2.922   0.283   0.547   58.342
31.600   4.175   0.267   0.547   58.230
31.650   5.039   0.226   0.547   58.180
31.700   5.432   0.163   0.547   58.210
31.750   5.325   0.084   0.547   58.312
31.800   4.718   0.000   0.547   58.447
31.850   3.672   -0.080   0.547   58.563
31.900   2.295   -0.156   0.547   58.620
31.950   0.713   -0.213   0.547   58.599
32.000   -0.927   -0.249   0.547   58.506
32.050   -2.483   -0.261   0.547   58.377
32.100   -3.818   -0.257   0.547   58.257
32.150   -4.810   -0.232   0.547   58.187
32.200   -5.365   -0.187   0.547   58.185
32.250   -5.424   -0.119   0.547   58.256
32.300   -4.971   -0.041   0.547   58.375
32.350   -4.052   0.042   0.547   58.498
32.400   -2.760   0.124   0.547   58.580
32.450   -1.220   0.200   0.547   58.594
32.500   0.428   0.251   0.545   58.529
32.550   2.038   0.278   0.545   58.407
32.600   3.467   0.279   0.545   58.275
32.650   4.574   0.254   0.545   58.181
32.700   5.260   0.202   0.545   58.159
32.750   5.452   0.133   0.545   58.219
32.800   5.140   0.052   0.545   58.338
32.850   4.344   -0.032   0.545   58.468
32.900   3.151   -0.114   0.545   58.566
32.950   1.674   -0.180   0.545   58.593
33.000   0.053   -0.228   0.545   58.538
33.050   -1.572   -0.256   0.545   58.424
33.100   -3.056   -0.264   0.547   58.295
33.150   -4.265   -0.249   0.547   58.194
33.200   -5.091   -0.215   0.547   58.152
33.250   -5.451   -0.161   0.547   58.184
33.300   -5.302   -0.091   0.547   58.278
33.350   -4.653   -0.008   0.547   58.405
33.400   -3.571   0.076   0.547   58.519
33.450   -2.161   0.157   0.547   58.580
33.500   -0.559   0.221   0.547   58.563
33.550   1.092   0.265   0.547   58.472
33.600   2.647   0.283   0.547   58.342
33.650   3.959   0.272   0.547   58.222
33.700   4.908   0.235   0.547   58.157
33.750   5.396   0.177   0.547   58.171
33.800   5.389   0.101   0.547   58.259
33.850   4.871   0.016   0.547   58.393
33.900   3.904   -0.066   0.547   58.517
33.950   2.580   -0.141   0.547   58.588
34.000   1.028   -0.203   0.547   58.581
34.050   -0.612   -0.244   0.546   58.501
34.100   -2.195   -0.262   0.546   58.376
34.150   -3.584   -0.259   0.546   58.253
34.200   -4.650   -0.238   0.546   58.173
34.250   -5.296   -0.197   0.546   58.159
34.300   -5.453   -0.135   0.546   58.217
34.350   -5.096   -0.057   0.546   58.329
34.400   -4.263   0.026   0.546   58.458
34.450   -3.036   0.108   0.546   58.552
34.500   -1.532   0.185   0.546   58.580
34.550   0.109   0.244   0.546   58.531
34.600   1.741   0.275   0.546   58.419
34.650   3.212   0.281   0.546   58.286
34.700   4.392   0.261   0.546   58.181
34.750   5.163   0.215   0.546   58.145
34.800   5.456   0.146   0.546   58.191
34.850   5.237   0.067   0.546   58.302
34.900   4.530   -0.017   0.546   58.436
34.950   3.405   -0.098   0.546   58.541
35.000   1.973   -0.170   0.546   58.584
35.050   0.366   -0.221   0.546   58.545
35.100   -1.267   -0.252   0.546   58.440
35.150   -2.788   -0.263   0.546   58.309
35.200   -4.059   -0.255   0.546   58.199
35.250   -4.966   -0.224   0.546   58.143
35.300   -5.421   -0.173   0.546   58.159
35.350   -5.370   -0.105   0.546   58.243
35.400   -4.812   -0.026   0.546   58.367
35.450   -3.807   0.059   0.546   58.484
35.500   -2.454   0.142   0.546   58.556
35.550   -0.879   0.211   0.546   58.555
35.600   0.776   0.257   0.545   58.475
35.650   2.360   0.281   0.545   58.348
35.700   3.733   0.276   0.545   58.221
35.750   4.758   0.244   0.545   58.141
35.800   5.344   0.188   0.545   58.138
35.850   5.428   0.118   0.545   58.213
35.900   5.008   0.033   0.545   58.339
35.950   4.122   -0.051   0.545   58.469
36.000   2.856   -0.129   0.545   58.554
36.050   1.337   -0.192   0.545   58.564
36.100   -0.296   -0.238   0.544   58.494
36.150   -1.901   -0.261   0.544   58.375
36.200   -3.338   -0.262   0.544   58.248
36.250   -4.474   -0.243   0.544   58.156
36.300   -5.208   -0.207   0.544   58.128
36.350   -5.462   -0.150   0.544   58.173
36.400   -5.204   -0.075   0.544   58.276
36.450   -4.456   0.009   0.544   58.404
36.500   -3.295   0.093   0.544   58.510
36.550   -1.835   0.170   0.544   58.553
