0.000  -2.286  -0.015  0.298  31.026
0.050  -0.679  0.030  0.298  31.102
0.100  0.986  0.070  0.298  31.123
0.150  2.564  0.100  0.298  31.088
0.200  3.904  0.118  0.298  31.017
0.250  4.879  0.122  0.298  30.945
0.300  5.387  0.110  0.298  30.906
0.350  5.391  0.084  0.298  30.927
0.400  4.876  0.050  0.298  31.005
0.450  3.902  0.005  0.298  31.121
0.500  2.563  -0.040  0.298  31.239
0.550  0.995  -0.084  0.298  31.317
0.600  -0.661  -0.123  0.298  31.336
0.650  -2.254  -0.154  0.298  31.298
0.700  -3.644  -0.172  0.298  31.221
0.750  -4.698  -0.177  0.299  31.135
0.800  -5.320  -0.169  0.299  31.082
0.850  -5.440  -0.150  0.299  31.084
0.900  -5.039  -0.118  0.299  31.142
0.950  -4.154  -0.079  0.299  31.240
1.000  -2.880  -0.034  0.299  31.343
1.050  -1.340  0.012  0.299  31.421
1.100  0.318  0.057  0.299  31.451
1.150  1.952  0.091  0.299  31.423
1.200  3.403  0.115  0.299  31.349
1.250  4.540  0.123  0.300  31.257
1.300  5.243  0.118  0.300  31.188
1.350  5.452  0.098  0.300  31.170
1.400  5.142  0.066  0.300  31.214
1.450  4.340  0.024  0.300  31.308
1.500  3.134  -0.021  0.300  31.416
1.550  1.642  -0.068  0.300  31.503
1.600  0.003  -0.109  0.300  31.539
1.650  -1.633  -0.144  0.300  31.512
1.700  -3.121  -0.166  0.300  31.435
1.750  -4.323  -0.179  0.302  31.342
1.800  -5.128  -0.175  0.302  31.267
1.850  -5.455  -0.158  0.302  31.240
1.900  -5.261  -0.131  0.302  31.274
1.950  -4.562  -0.096  0.302  31.356
2.000  -3.431  -0.051  0.302  31.459
2.050  -1.980  -0.006  0.302  31.550
2.100  -0.353  0.041  0.302  31.597
2.150  1.310  0.079  0.302  31.586
2.200  2.851  0.109  0.302  31.526
2.250  4.130  0.123  0.302  31.436
2.300  5.018  0.123  0.302  31.354
2.350  5.429  0.108  0.302  31.314
2.400  5.329  0.081  0.302  31.335
2.450  4.715  0.041  0.302  31.414
2.500  3.658  -0.002  0.302  31.523
2.550  2.264  -0.048  0.302  31.622
2.600  0.666  -0.093  0.302  31.678
2.650  -0.987  -0.133  0.302  31.679
2.700  -2.552  -0.161  0.302  31.619
2.750  -3.883  -0.176  0.302  31.526
2.800  -4.859  -0.178  0.302  31.437
2.850  -5.385  -0.169  0.302  31.388
2.900  -5.402  -0.145  0.302  31.396
2.950  -4.898  -0.111  0.302  31.462
3.000  -3.930  -0.069  0.302  31.560
3.050  -2.591  -0.023  0.302  31.659
3.100  -1.018  0.025  0.302  31.728
3.150  0.649  0.067  0.302  31.746
3.200  2.257  0.100  0.302  31.702
3.250  3.659  0.120  0.302  31.618
3.300  4.714  0.127  0.305  31.527
3.350  5.325  0.117  0.305  31.467
3.400  5.430  0.093  0.305  31.464
3.450  5.019  0.059  0.305  31.522
3.500  4.129  0.016  0.305  31.623
3.550  2.856  -0.031  0.305  31.731
3.600  1.321  -0.077  0.305  31.812
3.650  -0.329  -0.118  0.305  31.833
3.700  -1.946  -0.151  0.305  31.795
3.750  -3.387  -0.174  0.305  31.714
3.800  -4.517  -0.180  0.307  31.621
3.850  -5.233  -0.175  0.307  31.555
3.900  -5.458  -0.155  0.307  31.542
3.950  -5.161  -0.127  0.307  31.587
4.000  -4.368  -0.086  0.307  31.678
4.050  -3.165  -0.041  0.307  31.783
4.100  -1.669  0.005  0.307  31.866
4.150  -0.022  0.051  0.307  31.905
4.200  1.629  0.089  0.307  31.887
4.250  3.132  0.116  0.307  31.817
4.300  4.339  0.128  0.308  31.723
4.350  5.140  0.123  0.308  31.645
4.400  5.448  0.107  0.308  31.616
4.450  5.247  0.075  0.308  31.649
4.500  4.538  0.033  0.308  31.737
4.550  3.405  -0.013  0.308  31.849
4.600  1.960  -0.059  0.308  31.943
4.650  0.338  -0.104  0.308  31.990
4.700  -1.310  -0.141  0.308  31.977
4.750  -2.839  -0.167  0.308  31.907
4.800  -4.109  -0.179  0.308  31.812
4.850  -5.001  -0.180  0.308  31.731
4.900  -5.429  -0.166  0.308  31.695
4.950  -5.342  -0.140  0.308  31.719
5.000  -4.741  -0.104  0.308  31.795
5.050  -3.690  -0.060  0.308  31.897
5.100  -2.297  -0.012  0.308  31.994
5.150  -0.692  0.035  0.308  32.057
5.200  0.977  0.077  0.308  32.062
5.250  2.558  0.106  0.308  32.008
5.300  3.899  0.125  0.308  31.920
5.350  4.875  0.128  0.308  31.833
5.400  5.385  0.115  0.308  31.782
5.450  5.393  0.089  0.308  31.793
5.500  4.877  0.052  0.308  31.862
5.550  3.904  0.005  0.308  31.971
5.600  2.568  -0.040  0.308  32.077
5.650  0.999  -0.087  0.308  32.144
5.700  -0.656  -0.126  0.308  32.152
5.750  -2.249  -0.160  0.308  32.105
5.800  -3.638  -0.178  0.308  32.017
5.850  -4.695  -0.181  0.309  31.923
5.900  -5.319  -0.173  0.309  31.864
5.950  -5.441  -0.154  0.309  31.861
6.000  -5.041  -0.120  0.309  31.916
6.050  -4.159  -0.077  0.309  32.013
6.100  -2.888  -0.031  0.309  32.116
6.150  -1.350  0.016  0.309  32.191
6.200  0.310  0.061  0.309  32.214
6.250  1.946  0.096  0.309  32.178
6.300  3.397  0.121  0.309  32.095
6.350  4.536  0.129  0.310  31.998
6.400  5.241  0.124  0.310  31.925
6.450  5.454  0.103  0.310  31.906
6.500  5.141  0.069  0.310  31.949
6.550  4.345  0.025  0.310  32.042
6.600  3.138  -0.021  0.310  32.146
6.650  1.647  -0.070  0.310  32.229
6.700  0.008  -0.113  0.310  32.259
6.750  -1.626  -0.148  0.310  32.225
6.800  -3.115  -0.171  0.310  32.139
6.850  -4.318  -0.184  0.314  32.038
6.900  -5.125  -0.180  0.314  31.956
6.950  -5.454  -0.164  0.314  31.923
7.000  -5.263  -0.134  0.314  31.951
7.050  -4.565  -0.097  0.314  32.026
7.100  -3.439  -0.050  0.314  32.123
7.150  -1.990  -0.003  0.314  32.207
7.200  -0.361  0.044  0.314  32.246
7.250  1.305  0.084  0.314  32.225
7.300  2.845  0.114  0.314  32.153
7.350  4.126  0.129  0.314  32.051
7.400  5.015  0.129  0.314  31.957
7.450  5.430  0.113  0.314  31.908
7.500  5.329  0.085  0.314  31.921
7.550  4.720  0.044  0.314  31.991
7.600  3.664  -0.003  0.314  32.094
7.650  2.272  -0.050  0.314  32.184
7.700  0.674  -0.095  0.314  32.229
7.750  -0.979  -0.136  0.314  32.214
7.800  -2.545  -0.164  0.314  32.142
7.850  -3.877  -0.181  0.314  32.038
7.900  -4.855  -0.182  0.314  31.940
7.950  -5.383  -0.173  0.314  31.882
8.000  -5.402  -0.148  0.314  31.883
8.050  -4.902  -0.113  0.314  31.941
8.100  -3.936  -0.069  0.314  32.032
8.150  -2.602  -0.022  0.314  32.123
8.200  -1.027  0.026  0.314  32.181
8.250  0.643  0.070  0.314  32.186
8.300  2.253  0.104  0.314  32.131
8.350  3.653  0.126  0.314  32.035
8.400  4.712  0.131  0.315  31.934
8.450  5.323  0.122  0.315  31.865
8.500  5.431  0.098  0.315  31.853
8.550  5.024  0.062  0.315  31.905
8.600  4.136  0.017  0.315  31.999
8.650  2.862  -0.031  0.315  32.099
8.700  1.331  -0.079  0.315  32.172
8.750  -0.319  -0.121  0.315  32.182
8.800  -1.937  -0.155  0.315  32.135
8.850  -3.378  -0.177  0.315  32.043
8.900  -4.512  -0.186  0.317  31.943
8.950  -5.230  -0.179  0.317  31.869
9.000  -5.458  -0.160  0.317  31.850
9.050  -5.164  -0.130  0.317  31.888
9.100  -4.374  -0.089  0.317  31.971
9.150  -3.175  -0.041  0.317  32.073
9.200  -1.677  0.005  0.317  32.147
9.250  -0.028  0.053  0.317  32.175
9.300  1.624  0.092  0.317  32.144
9.350  3.125  0.120  0.317  32.065
9.400  4.335  0.132  0.318  31.964
9.450  5.136  0.128  0.318  31.879
9.500  5.452  0.111  0.318  31.843
9.550  5.248  0.079  0.318  31.869
9.600  4.544  0.035  0.318  31.952
9.650  3.412  -0.011  0.318  32.055
9.700  1.967  -0.059  0.318  32.139
9.750  0.348  -0.105  0.318  32.174
9.800  -1.301  -0.144  0.318  32.149
9.850  -2.830  -0.169  0.318  32.065
9.900  -4.102  -0.184  0.318  31.958
9.950  -4.997  -0.184  0.318  31.865
10.000  -5.429  -0.171  0.318  31.817
10.050  -5.344  -0.143  0.318  31.829
10.100  -4.746  -0.107  0.318  31.892
10.150  -3.699  -0.063  0.318  31.982
10.200  -2.303  -0.013  0.318  32.064
10.250  -0.697  0.036  0.318  32.111
10.300  0.971  0.078  0.318  32.098
10.350  2.550  0.110  0.318  32.029
10.400  3.892  0.129  0.318  31.924
10.450  4.870  0.133  0.319  31.823
10.500  5.386  0.120  0.319  31.758
10.550  5.391  0.093  0.319  31.754
10.600  4.880  0.055  0.319  31.810
10.650  3.912  0.007  0.319  31.903
10.700  2.576  -0.040  0.319  31.995
10.750  1.010  -0.087  0.319  32.046
10.800  -0.645  -0.129  0.319  32.038
10.850  -2.240  -0.161  0.319  31.972
10.900  -3.632  -0.181  0.319  31.869
10.950  -4.690  -0.185  0.319  31.762
11.000  -5.316  -0.178  0.319  31.691
11.050  -5.441  -0.156  0.319  31.676
11.100  -5.045  -0.124  0.319  31.718
11.150  -4.168  -0.080  0.319  31.801
11.200  -2.896  -0.033  0.319  31.890
11.250  -1.358  0.016  0.319  31.952
11.300  0.305  0.062  0.319  31.962
11.350  1.937  0.100  0.319  31.916
11.400  3.392  0.124  0.319  31.824
11.450  4.530  0.134  0.320  31.717
11.500  5.239  0.129  0.320  31.636
11.550  5.451  0.107  0.320  31.608
11.600  5.147  0.072  0.320  31.644
11.650  4.349  0.028  0.320  31.728
11.700  3.148  -0.020  0.320  31.827
11.750  1.658  -0.068  0.320  31.900
11.800  0.020  -0.114  0.320  31.922
11.850  -1.617  -0.150  0.320  31.881
11.900  -3.107  -0.175  0.320  31.791
11.950  -4.312  -0.186  0.321  31.685
12.000  -5.123  -0.184  0.321  31.599
12.050  -5.453  -0.166  0.321  31.563
12.100  -5.265  -0.139  0.321  31.587
12.150  -4.572  -0.100  0.321  31.658
12.200  -3.444  -0.053  0.321  31.750
12.250  -1.996  -0.003  0.321  31.830
12.300  -0.367  0.044  0.321  31.865
12.350  1.294  0.087  0.321  31.843
12.400  2.838  0.116  0.321  31.769
12.450  4.118  0.132  0.321  31.665
12.500  5.012  0.132  0.321  31.570
12.550  5.426  0.118  0.321  31.519
12.600  5.331  0.088  0.321  31.530
12.650  4.724  0.047  0.321  31.597
12.700  3.674  -0.001  0.321  31.697
12.750  2.282  -0.049  0.321  31.787
12.800  0.685  -0.096  0.321  31.828
12.850  -0.970  -0.138  0.321  31.814
12.900  -2.535  -0.169  0.321  31.744
12.950  -3.871  -0.185  0.321  31.641
13.000  -4.851  -0.187  0.322  31.542
13.050  -5.382  -0.177  0.322  31.484
13.100  -5.404  -0.153  0.322  31.484
13.150  -4.907  -0.117  0.322  31.539
13.200  -3.942  -0.073  0.322  31.629
13.250  -2.606  -0.024  0.322  31.717
13.300  -1.032  0.024  0.322  31.774
13.350  0.633  0.071  0.322  31.779
13.400  2.243  0.105  0.322  31.723
13.450  3.644  0.128  0.322  31.628
13.500  4.708  0.135  0.323  31.526
13.550  5.322  0.127  0.323  31.456
13.600  5.434  0.102  0.323  31.442
13.650  5.026  0.065  0.323  31.491
13.700  4.143  0.020  0.323  31.581
13.750  2.873  -0.028  0.323  31.678
13.800  1.340  -0.077  0.323  31.743
13.850  -0.309  -0.122  0.323  31.751
13.900  -1.928  -0.156  0.323  31.698
13.950  -3.372  -0.180  0.323  31.603
14.000  -4.507  -0.188  0.324  31.497
14.050  -5.228  -0.183  0.324  31.418
14.100  -5.458  -0.165  0.324  31.391
14.150  -5.167  -0.133  0.324  31.422
14.200  -4.380  -0.092  0.324  31.496
14.250  -3.178  -0.044  0.324  31.584
14.300  -1.682  0.005  0.324  31.651
14.350  -0.037  0.053  0.324  31.671
14.400  1.614  0.093  0.324  31.633
14.450  3.115  0.121  0.324  31.544
14.500  4.332  0.134  0.324  31.434
14.550  5.135  0.133  0.324  31.340
14.600  5.450  0.114  0.324  31.294
14.650  5.251  0.083  0.324  31.310
14.700  4.549  0.039  0.324  31.381
14.750  3.420  -0.009  0.324  31.473
14.800  1.977  -0.058  0.324  31.545
14.850  0.357  -0.105  0.324  31.570
14.900  -1.292  -0.145  0.324  31.537
14.950  -2.823  -0.172  0.324  31.449
15.000  -4.096  -0.186  0.324  31.335
15.050  -4.995  -0.187  0.324  31.235
15.100  -5.428  -0.174  0.324  31.180
15.150  -5.346  -0.147  0.324  31.184
15.200  -4.750  -0.110  0.324  31.241
15.250  -3.703  -0.065  0.324  31.322
15.300  -2.308  -0.016  0.324  31.398
15.350  -0.707  0.034  0.324  31.439
15.400  0.962  0.078  0.324  31.423
15.450  2.541  0.113  0.324  31.354
15.500  3.888  0.132  0.324  31.251
15.550  4.867  0.137  0.325  31.148
15.600  5.384  0.124  0.325  31.083
15.650  5.394  0.097  0.325  31.078
15.700  4.887  0.059  0.325  31.130
15.750  3.917  0.013  0.325  31.221
15.800  2.584  -0.038  0.325  31.311
15.850  1.018  -0.085  0.325  31.362
15.900  -0.637  -0.130  0.325  31.356
15.950  -2.233  -0.162  0.325  31.292
16.000  -3.625  -0.184  0.325  31.192
16.050  -4.685  -0.188  0.325  31.086
16.100  -5.314  -0.181  0.325  31.015
16.150  -5.442  -0.160  0.325  30.999
16.200  -5.048  -0.127  0.325  31.040
16.250  -4.171  -0.084  0.325  31.121
16.300  -2.901  -0.036  0.325  31.208
16.350  -1.366  0.014  0.325  31.266
16.400  0.293  0.062  0.325  31.277
16.450  1.927  0.101  0.325  31.231
16.500  3.386  0.126  0.325  31.139
16.550  4.525  0.137  0.325  31.031
16.600  5.236  0.132  0.325  30.948
16.650  5.452  0.111  0.325  30.916
16.700  5.151  0.075  0.325  30.946
16.750  4.355  0.031  0.325  31.025
16.800  3.155  -0.017  0.325  31.117
16.850  1.664  -0.066  0.325  31.185
16.900  0.027  -0.113  0.325  31.202
16.950  -1.610  -0.150  0.325  31.158
17.000  -3.100  -0.176  0.325  31.065
17.050  -4.307  -0.189  0.326  30.955
17.100  -5.119  -0.188  0.326  30.865
17.150  -5.454  -0.171  0.326  30.823
17.200  -5.268  -0.142  0.326  30.839
17.250  -4.575  -0.103  0.326  30.903
17.300  -3.450  -0.056  0.326  30.988
17.350  -2.005  -0.005  0.326  31.060
17.400  -0.378  0.043  0.326  31.091
17.450  1.285  0.086  0.326  31.065
17.500  2.831  0.117  0.326  30.986
17.550  4.114  0.135  0.326  30.879
17.600  5.009  0.135  0.326  30.780
17.650  5.426  0.121  0.326  30.724
17.700  5.334  0.092  0.326  30.728
17.750  4.725  0.051  0.326  30.789
17.800  3.678  0.002  0.326  30.881
17.850  2.286  -0.046  0.326  30.962
17.900  0.689  -0.094  0.326  31.000
17.950  -0.964  -0.136  0.326  30.980
18.000  -2.530  -0.169  0.326  30.908
18.050  -3.865  -0.185  0.326  30.801
18.100  -4.848  -0.189  0.326  30.698
18.150  -5.381  -0.179  0.326  30.636
18.200  -5.405  -0.156  0.326  30.630
18.250  -4.910  -0.120  0.326  30.679
18.300  -3.947  -0.076  0.326  30.761
18.350  -2.615  -0.027  0.326  30.842
18.400  -1.044  0.023  0.326  30.891
18.450  0.623  0.070  0.326  30.891
18.500  2.236  0.106  0.326  30.835
18.550  3.638  0.131  0.326  30.738
18.600  4.702  0.139  0.328  30.635
18.650  5.319  0.130  0.328  30.560
18.700  5.433  0.105  0.328  30.541
18.750  5.027  0.069  0.328  30.583
18.800  4.146  0.024  0.328  30.666
18.850  2.876  -0.025  0.328  30.755
18.900  1.344  -0.076  0.328  30.818
18.950  -0.304  -0.120  0.328  30.825
19.000  -1.923  -0.156  0.328  30.771
19.050  -3.366  -0.180  0.328  30.676
19.100  -4.502  -0.190  0.330  30.569
19.150  -5.226  -0.184  0.330  30.488
19.200  -5.458  -0.166  0.330  30.459
19.250  -5.169  -0.136  0.330  30.487
19.300  -4.384  -0.095  0.330  30.558
19.350  -3.187  -0.046  0.330  30.647
19.400  -1.694  0.003  0.330  30.714
19.450  -0.046  0.052  0.330  30.735
19.500  1.607  0.092  0.330  30.700
19.550  3.111  0.123  0.330  30.618
19.600  4.326  0.137  0.330  30.512
19.650  5.131  0.136  0.330  30.421
19.700  5.448  0.118  0.330  30.378
19.750  5.251  0.086  0.330  30.395
19.800  4.552  0.043  0.330  30.467
19.850  3.423  -0.004  0.330  30.560
19.900  1.983  -0.055  0.330  30.636
19.950  0.363  -0.103  0.330  30.666
20.000  -1.286  -0.144  0.330  30.638
20.050  -2.817  -0.172  0.330  30.557
20.100  -4.091  -0.189  0.330  30.452
20.150  -4.991  -0.189  0.330  30.358
20.200  -5.427  -0.177  0.330  30.307
20.250  -5.347  -0.149  0.330  30.314
20.300  -4.753  -0.113  0.330  30.373
20.350  -3.710  -0.067  0.330  30.458
20.400  -2.319  -0.018  0.330  30.536
20.450  -0.717  0.033  0.330  30.582
20.500  0.955  0.077  0.330  30.571
20.550  2.535  0.112  0.330  30.506
20.600  3.883  0.132  0.330  30.406
20.650  4.862  0.138  0.330  30.306
20.700  5.382  0.126  0.330  30.243
20.750  5.393  0.100  0.330  30.237
20.800  4.889  0.061  0.330  30.289
20.850  3.920  0.015  0.330  30.377
20.900  2.590  -0.037  0.330  30.468
20.950  1.023  -0.083  0.330  30.518
21.000  -0.630  -0.129  0.330  30.513
21.050  -2.225  -0.162  0.330  30.453
21.100  -3.619  -0.185  0.329  30.355
21.150  -4.681  -0.189  0.329  30.251
21.200  -5.312  -0.183  0.329  30.179
21.250  -5.443  -0.162  0.329  30.162
21.300  -5.050  -0.131  0.329  30.199
21.350  -4.176  -0.085  0.329  30.278
21.400  -2.911  -0.038  0.329  30.362
21.450  -1.375  0.013  0.329  30.422
21.500  0.288  0.060  0.329  30.434
21.550  1.922  0.100  0.329  30.390
21.600  3.380  0.127  0.328  30.302
21.650  4.520  0.138  0.328  30.197
21.700  5.235  0.134  0.328  30.115
21.750  5.451  0.115  0.328  30.083
21.800  5.153  0.079  0.328  30.113
21.850  4.358  0.035  0.328  30.190
21.900  3.161  -0.014  0.328  30.282
21.950  1.672  -0.064  0.328  30.352
22.000  0.036  -0.111  0.328  30.373
22.050  -1.601  -0.149  0.328  30.334
22.100  -3.092  -0.175  0.328  30.244
22.150  -4.302  -0.189  0.328  30.139
22.200  -5.116  -0.189  0.328  30.052
22.250  -5.453  -0.172  0.328  30.012
22.300  -5.270  -0.144  0.328  30.031
22.350  -4.580  -0.105  0.328  30.094
22.400  -3.459  -0.060  0.328  30.178
22.450  -2.014  -0.008  0.328  30.251
22.500  -0.384  0.040  0.328  30.282
22.550  1.280  0.084  0.328  30.255
22.600  2.826  0.118  0.328  30.182
22.650  4.109  0.138  0.328  30.080
22.700  5.007  0.137  0.328  29.982
22.750  5.424  0.123  0.328  29.926
22.800  5.336  0.094  0.328  29.928
22.850  4.731  0.055  0.328  29.984
22.900  3.685  0.006  0.328  30.071
22.950  2.295  -0.043  0.328  30.149
23.000  0.702  -0.092  0.328  30.185
23.050  -0.955  -0.135  0.328  30.166
23.100  -2.521  -0.167  0.328  30.091
23.150  -3.859  -0.185  0.328  29.981
23.200  -4.843  -0.190  0.328  29.876
23.250  -5.379  -0.180  0.328  29.809
23.300  -5.406  -0.159  0.328  29.797
23.350  -4.914  -0.122  0.328  29.839
23.400  -3.955  -0.078  0.328  29.915
23.450  -2.623  -0.029  0.328  29.990
23.500  -1.049  0.021  0.328  30.036
23.550  0.618  0.069  0.328  30.032
23.600  2.229  0.105  0.328  29.974
23.650  3.633  0.130  0.328  29.875
23.700  4.700  0.139  0.328  29.768
23.750  5.317  0.132  0.328  29.691
23.800  5.436  0.108  0.328  29.668
23.850  5.031  0.072  0.328  29.704
23.900  4.154  0.026  0.328  29.783
23.950  2.884  -0.023  0.328  29.872
24.000  1.358  -0.074  0.328  29.933
24.050  -0.292  -0.117  0.328  29.938
24.100  -1.913  -0.155  0.328  29.886
24.150  -3.359  -0.179  0.328  29.794
24.200  -4.497  -0.190  0.329  29.689
24.250  -5.223  -0.185  0.329  29.610
24.300  -5.458  -0.168  0.329  29.582
24.350  -5.172  -0.138  0.329  29.610
24.400  -4.390  -0.097  0.329  29.682
24.450  -3.194  -0.049  0.329  29.770
24.500  -1.698  -0.000  0.329  29.839
24.550  -0.053  0.050  0.329  29.862
24.600  1.599  0.092  0.329  29.833
24.650  3.103  0.123  0.329  29.756
24.700  4.320  0.137  0.329  29.655
24.750  5.128  0.136  0.329  29.569
24.800  5.449  0.120  0.329  29.528
24.850  5.254  0.088  0.329  29.547
24.900  4.558  0.045  0.329  29.619
24.950  3.432  -0.002  0.329  29.714
25.000  1.994  -0.052  0.329  29.793
25.050  0.375  -0.099  0.329  29.825
25.100  -1.275  -0.142  0.329  29.803
25.150  -2.809  -0.170  0.329  29.726
25.200  -4.085  -0.187  0.329  29.624
25.250  -4.987  -0.189  0.329  29.532
25.300  -5.426  -0.178  0.329  29.483
25.350  -5.349  -0.151  0.329  29.490
25.400  -4.759  -0.115  0.329  29.548
25.450  -3.716  -0.070  0.329  29.631
25.500  -2.324  -0.020  0.329  29.709
25.550  -0.721  0.030  0.329  29.753
25.600  0.945  0.075  0.329  29.745
25.650  2.527  0.111  0.329  29.682
25.700  3.875  0.132  0.329  29.585
25.750  4.858  0.139  0.329  29.487
25.800  5.381  0.128  0.329  29.422
25.850  5.396  0.102  0.329  29.414
25.900  4.895  0.064  0.329  29.462
25.950  3.929  0.018  0.329  29.545
26.000  2.601  -0.034  0.329  29.633
26.050  1.034  -0.081  0.329  29.685
26.100  -0.620  -0.127  0.329  29.681
26.150  -2.217  -0.161  0.329  29.622
26.200  -3.613  -0.184  0.329  29.525
26.250  -4.677  -0.190  0.329  29.422
26.300  -5.310  -0.184  0.329  29.349
26.350  -5.444  -0.164  0.329  29.330
26.400  -5.055  -0.132  0.329  29.366
26.450  -4.183  -0.087  0.329  29.442
26.500  -2.915  -0.040  0.329  29.528
26.550  -1.381  0.011  0.329  29.588
26.600  0.278  0.058  0.329  29.602
26.650  1.912  0.099  0.329  29.561
26.700  3.372  0.126  0.329  29.478
26.750  4.514  0.139  0.329  29.378
26.800  5.232  0.134  0.329  29.299
26.850  5.450  0.116  0.329  29.270
26.900  5.156  0.081  0.329  29.300
26.950  4.366  0.038  0.329  29.379
27.000  3.170  -0.011  0.329  29.474
27.050  1.681  -0.061  0.329  29.548
27.100  0.045  -0.109  0.329  29.574
27.150  -1.593  -0.146  0.329  29.539
27.200  -3.086  -0.175  0.329  29.457
27.250  -4.297  -0.189  0.329  29.359
27.300  -5.113  -0.188  0.329  29.277
27.350  -5.453  -0.172  0.329  29.240
27.400  -5.272  -0.146  0.329  29.260
27.450  -4.585  -0.108  0.329  29.325
27.500  -3.463  -0.061  0.329  29.411
27.550  -2.019  -0.009  0.329  29.488
27.600  -0.393  0.039  0.329  29.524
27.650  1.269  0.084  0.329  29.506
27.700  2.816  0.116  0.329  29.439
27.750  4.102  0.136  0.329  29.341
27.800  5.003  0.138  0.329  29.248
27.850  5.421  0.124  0.329  29.194
27.900  5.337  0.096  0.329  29.197
27.950  4.735  0.056  0.329  29.255
28.000  3.692  0.008  0.329  29.344
28.050  2.304  -0.041  0.329  29.424
28.100  0.710  -0.090  0.329  29.464
28.150  -0.946  -0.133  0.329  29.449
28.200  -2.514  -0.166  0.329  29.381
28.250  -3.854  -0.184  0.329  29.279
28.300  -4.839  -0.189  0.329  29.178
28.350  -5.378  -0.180  0.329  29.114
28.400  -5.408  -0.158  0.329  29.104
28.450  -4.917  -0.123  0.329  29.147
28.500  -3.958  -0.079  0.329  29.225
28.550  -2.628  -0.031  0.329  29.303
28.600  -1.057  0.020  0.329  29.354
28.650  0.607  0.068  0.329  29.357
28.700  2.219  0.105  0.329  29.304
28.750  3.626  0.129  0.328  29.213
28.800  4.695  0.139  0.328  29.113
28.850  5.315  0.132  0.328  29.040
28.900  5.436  0.109  0.328  29.019
28.950  5.035  0.074  0.328  29.058
29.000  4.158  0.029  0.328  29.140
29.050  2.891  -0.021  0.328  29.231
29.100  1.364  -0.071  0.328  29.297
29.150  -0.286  -0.116  0.328  29.310
29.200  -1.904  -0.154  0.328  29.265
29.250  -3.353  -0.178  0.328  29.179
29.300  -4.492  -0.190  0.329  29.080
29.350  -5.220  -0.185  0.329  29.006
29.400  -5.459  -0.168  0.329  28.981
29.450  -5.175  -0.139  0.329  29.012
29.500  -4.393  -0.100  0.329  29.086
29.550  -3.199  -0.051  0.329  29.175
29.600  -1.707  -0.002  0.329  29.246
29.650  -0.064  0.048  0.329  29.272
29.700  1.590  0.089  0.329  29.245
29.750  3.096  0.121  0.329  29.172
29.800  4.316  0.136  0.329  29.075
29.850  5.124  0.137  0.329  28.990
29.900  5.450  0.120  0.329  28.949
29.950  5.256  0.090  0.329  28.966
30.000  4.562  0.047  0.329  29.034
30.050  3.439  -0.000  0.329  29.126
30.100  2.000  -0.050  0.329  29.203
30.150  0.380  -0.099  0.329  29.236
30.200  -1.269  -0.141  0.329  29.213
30.250  -2.802  -0.169  0.329  29.136
30.300  -4.081  -0.186  0.329  29.031
30.350  -4.984  -0.189  0.329  28.938
30.400  -5.425  -0.178  0.329  28.885
30.450  -5.351  -0.152  0.329  28.887
30.500  -4.761  -0.117  0.329  28.938
30.550  -3.721  -0.072  0.329  29.015
30.600  -2.332  -0.022  0.329  29.088
30.650  -0.733  0.029  0.329  29.130
30.700  0.937  0.074  0.329  29.120
30.750  2.518  0.110  0.329  29.056
30.800  3.871  0.132  0.329  28.958
30.850  4.855  0.139  0.329  28.858
30.900  5.382  0.128  0.329  28.791
30.950  5.397  0.104  0.329  28.778
31.000  4.898  0.066  0.329  28.823
31.050  3.933  0.020  0.329  28.904
31.100  2.606  -0.031  0.329  28.988
31.150  1.040  -0.079  0.329  29.037
31.200  -0.613  -0.124  0.329  29.033
31.250  -2.210  -0.160  0.329  28.975
31.300  -3.607  -0.182  0.329  28.879
31.350  -4.673  -0.190  0.330  28.777
31.400  -5.309  -0.184  0.330  28.705
31.450  -5.443  -0.164  0.330  28.685
31.500  -5.057  -0.133  0.330  28.718
31.550  -4.187  -0.090  0.330  28.791
31.600  -2.923  -0.042  0.330  28.873
31.650  -1.391  0.008  0.330  28.932
31.700  0.269  0.056  0.330  28.946
31.750  1.903  0.097  0.330  28.907
31.800  3.366  0.125  0.330  28.824
31.850  4.510  0.137  0.330  28.724
31.900  5.231  0.134  0.330  28.644
31.950  5.453  0.115  0.330  28.612
32.000  5.158  0.082  0.330  28.639
32.050  4.369  0.039  0.330  28.714
32.100  3.174  -0.010  0.330  28.805
32.150  1.686  -0.060  0.330  28.877
32.200  0.051  -0.108  0.330  28.904
32.250  -1.587  -0.145  0.330  28.869
32.300  -3.080  -0.174  0.330  28.788
32.350  -4.292  -0.188  0.330  28.689
32.400  -5.110  -0.189  0.330  28.606
32.450  -5.452  -0.173  0.330  28.567
32.500  -5.274  -0.147  0.330  28.584
32.550  -4.589  -0.108  0.330  28.647
32.600  -3.470  -0.063  0.330  28.731
32.650  -2.029  -0.012  0.330  28.807
32.700  -0.403  0.037  0.330  28.845
32.750  1.260  0.082  0.330  28.831
32.800  2.811  0.115  0.330  28.768
32.850  4.097  0.134  0.330  28.673
32.900  5.000  0.137  0.330  28.584
32.950  5.423  0.124  0.330  28.534
33.000  5.339  0.097  0.330  28.539
33.050  4.739  0.058  0.330  28.599
33.100  3.696  0.009  0.330  28.692
33.150  2.308  -0.040  0.330  28.778
33.200  0.715  -0.088  0.330  28.823
33.250  -0.941  -0.131  0.330  28.815
33.300  -2.508  -0.165  0.330  28.755
33.350  -3.848  -0.183  0.328  28.660
33.400  -4.836  -0.189  0.328  28.566
33.450  -5.377  -0.181  0.328  28.508
33.500  -5.408  -0.160  0.328  28.503
33.550  -4.921  -0.124  0.328  28.551
33.600  -3.965  -0.080  0.328  28.633
33.650  -2.639  -0.032  0.328  28.715
33.700  -1.068  0.017  0.328  28.770
33.750  0.598  0.065  0.328  28.779
33.800  2.213  0.102  0.328  28.732
33.850  3.621  0.128  0.326  28.645
33.900  4.690  0.137  0.326  28.549
33.950  5.312  0.131  0.326  28.478
34.000  5.435  0.109  0.326  28.459
34.050  5.035  0.075  0.326  28.497
34.100  4.163  0.030  0.326  28.578
34.150  2.896  -0.019  0.326  28.668
34.200  1.371  -0.069  0.326  28.733
34.250  -0.279  -0.114  0.326  28.746
34.300  -1.899  -0.152  0.326  28.701
34.350  -3.346  -0.177  0.326  28.615
34.400  -4.488  -0.189  0.326  28.516
34.450  -5.218  -0.185  0.326  28.438
34.500  -5.458  -0.169  0.326  28.409
34.550  -5.177  -0.140  0.326  28.435
34.600  -4.399  -0.100  0.326  28.503
34.650  -3.208  -0.052  0.326  28.588
34.700  -1.717  -0.003  0.326  28.657
34.750  -0.073  0.046  0.326  28.683
34.800  1.583  0.088  0.326  28.657
34.850  3.089  0.120  0.326  28.584
34.900  4.311  0.136  0.326  28.487
34.950  5.122  0.136  0.326  28.401
35.000  5.448  0.120  0.326  28.359
35.050  5.257  0.091  0.326  28.374
35.100  4.565  0.048  0.326  28.442
35.150  3.442  0.002  0.326  28.532
35.200  2.006  -0.049  0.326  28.612
35.250  0.387  -0.096  0.326  28.648
35.300  -1.260  -0.140  0.326  28.630
35.350  -2.795  -0.168  0.326  28.558
35.400  -4.074  -0.185  0.326  28.459
35.450  -4.981  -0.189  0.327  28.372
35.500  -5.424  -0.177  0.327  28.323
35.550  -5.353  -0.152  0.327  28.330
35.600  -4.766  -0.117  0.327  28.386
35.650  -3.729  -0.072  0.327  28.469
35.700  -2.342  -0.023  0.327  28.549
35.750  -0.741  0.027  0.327  28.597
35.800  0.930  0.072  0.327  28.594
35.850  2.512  0.109  0.327  28.540
35.900  3.864  0.131  0.327  28.451
35.950  4.850  0.138  0.327  28.358
36.000  5.379  0.127  0.327  28.297
36.050  5.398  0.103  0.327  28.291
36.100  4.900  0.067  0.327  28.340
36.150  3.939  0.020  0.327  28.426
36.200  2.612  -0.029  0.327  28.517
36.250  1.049  -0.079  0.327  28.577
36.300  -0.605  -0.122  0.327  28.580
36.350  -2.202  -0.158  0.327  28.529
36.400  -3.600  -0.180  0.327  28.440
36.450  -4.668  -0.187  0.327  28.345
36.500  -5.306  -0.183  0.327  28.278
36.550  -5.444  -0.163  0.327  28.263
36.600  -5.060  -0.133  0.327  28.301
36.650  -4.194  -0.089  0.327  28.380
36.700  -2.932  -0.044  0.327  28.467
36.750  -1.399  0.007  0.327  28.531
36.800  0.262  0.056  0.327  28.552
36.850  1.898  0.095  0.327  28.519
36.900  3.359  0.123  0.327  28.442
36.950  4.505  0.137  0.327  28.349
37.000  5.227  0.134  0.327  28.275
37.050  5.450  0.115  0.327  28.247
37.100  5.160  0.082  0.327  28.277
37.150  4.374  0.040  0.327  28.354
37.200  3.181  -0.008  0.327  28.448
37.250  1.695  -0.058  0.327  28.526
37.300  0.061  -0.106  0.327  28.556
37.350  -1.578  -0.144  0.327  28.529
37.400  -3.072  -0.172  0.327  28.452
37.450  -4.287  -0.187  0.327  28.358
37.500  -5.107  -0.187  0.327  28.278
37.550  -5.452  -0.172  0.327  28.242
37.600  -5.277  -0.146  0.327  28.262
37.650  -4.594  -0.109  0.327  28.326
37.700  -3.478  -0.063  0.327  28.414
37.750  -2.038  -0.013  0.327  28.493
37.800  -0.410  0.036  0.327  28.533
37.850  1.254  0.080  0.327  28.520
37.900  2.804  0.114  0.327  28.459
37.950  4.090  0.134  0.325  28.368
38.000  4.997  0.136  0.325  28.280
38.050  5.422  0.123  0.325  28.229
38.100  5.342  0.097  0.325  28.234
38.150  4.743  0.058  0.325  28.294
38.200  3.703  0.011  0.325  28.384
38.250  2.317  -0.038  0.325  28.471
38.300  0.727  -0.087  0.325  28.519
38.350  -0.929  -0.130  0.325  28.514
38.400  -2.499  -0.163  0.325  28.455
38.450  -3.841  -0.182  0.324  28.362
38.500  -4.831  -0.188  0.325  28.269
38.550  -5.374  -0.181  0.325  28.211
38.600  -5.410  -0.160  0.325  28.206
38.650  -4.924  -0.125  0.325  28.255
38.700  -3.972  -0.082  0.325  28.337
38.750  -2.645  -0.034  0.325  28.420
38.800  -1.073  0.016  0.325  28.478
38.850  0.592  0.063  0.325  28.487
38.900  2.206  0.100  0.325  28.443
38.950  3.614  0.126  0.325  28.359
39.000  4.687  0.137  0.325  28.267
39.050  5.311  0.131  0.325  28.199
39.100  5.438  0.108  0.325  28.182
39.150  5.040  0.074  0.325  28.223
39.200  4.170  0.030  0.325  28.304
39.250  2.906  -0.018  0.325  28.397
39.300  1.381  -0.069  0.325  28.468
39.350  -0.267  -0.114  0.325  28.485
39.400  -1.888  -0.151  0.325  28.446
39.450  -3.339  -0.177  0.325  28.364
39.500  -4.483  -0.189  0.326  28.269
39.550  -5.216  -0.185  0.326  28.196
39.600  -5.459  -0.169  0.326  28.170
39.650  -5.180  -0.140  0.326  28.198
39.700  -4.405  -0.101  0.326  28.268
39.750  -3.215  -0.053  0.326  28.355
39.800  -1.722  -0.004  0.326  28.428
39.850  -0.077  0.045  0.326  28.456
39.900  1.575  0.087  0.326  28.436
39.950  3.082  0.118  0.326  28.367
40.000  4.304  0.134  0.326  28.272
40.050  5.120  0.134  0.326  28.189
40.100  5.449  0.119  0.326  28.149
40.150  5.260  0.090  0.326  28.165
40.200  4.573  0.048  0.326  28.233
40.250  3.452  0.001  0.326  28.325
40.300  2.017  -0.048  0.326  28.405
40.350  0.399  -0.096  0.326  28.444
40.400  -1.251  -0.137  0.326  28.427
40.450  -2.787  -0.167  0.326  28.356
40.500  -4.068  -0.185  0.326  28.260
40.550  -4.977  -0.187  0.326  28.171
40.600  -5.423  -0.177  0.326  28.122
