0.000 5.342 0.067 0.220 15.990
0.050 4.739 0.046 0.220 16.001
0.100 3.680 0.019 0.220 16.048
0.150 2.284 -0.013 0.220 16.105
0.200 0.668 -0.046 0.220 16.148
0.250 -0.999 -0.080 0.220 16.162
0.300 -2.576 -0.107 0.220 16.131
0.350 -3.914 -0.125 0.220 16.065
0.400 -4.884 -0.136 0.218 15.987
0.450 -5.395 -0.137 0.218 15.921
0.500 -5.384 -0.128 0.218 15.887
0.550 -4.847 -0.109 0.218 15.894
0.600 -3.838 -0.084 0.218 15.932
0.650 -2.465 -0.053 0.218 15.984
0.700 -0.859 -0.018 0.218 16.030
0.750 0.826 0.014 0.218 16.040
0.800 2.427 0.042 0.218 16.016
0.850 3.809 0.064 0.218 15.956
0.900 4.821 0.077 0.218 15.880
0.950 5.367 0.079 0.218 15.811
1.000 5.398 0.069 0.218 15.769
1.050 4.904 0.051 0.218 15.768
1.100 3.936 0.025 0.218 15.804
1.150 2.595 -0.007 0.218 15.859
1.200 1.019 -0.039 0.218 15.906
1.250 -0.656 -0.071 0.218 15.921
1.300 -2.261 -0.100 0.218 15.899
1.350 -3.660 -0.122 0.218 15.839
1.400 -4.716 -0.133 0.218 15.756
1.450 -5.330 -0.136 0.218 15.684
1.500 -5.430 -0.129 0.218 15.641
1.550 -5.001 -0.114 0.218 15.639
1.600 -4.087 -0.088 0.218 15.672
1.650 -2.775 -0.059 0.218 15.722
1.700 -1.209 -0.026 0.218 15.769
1.750 0.473 0.006 0.218 15.788
1.800 2.106 0.036 0.218 15.770
1.850 3.544 0.059 0.218 15.718
1.900 4.645 0.073 0.217 15.645
1.950 5.295 0.079 0.217 15.575
2.000 5.436 0.072 0.217 15.529
2.050 5.049 0.055 0.217 15.523
2.100 4.174 0.030 0.217 15.554
2.150 2.901 -0.000 0.217 15.610
2.200 1.358 -0.033 0.217 15.664
2.250 -0.302 -0.065 0.217 15.691
2.300 -1.938 -0.093 0.217 15.680
2.350 -3.390 -0.118 0.217 15.634
2.400 -4.529 -0.132 0.217 15.562
2.450 -5.242 -0.136 0.217 15.491
2.500 -5.454 -0.130 0.217 15.445
2.550 -5.134 -0.117 0.217 15.440
2.600 -4.313 -0.095 0.217 15.472
2.650 -3.078 -0.066 0.217 15.526
2.700 -1.549 -0.034 0.217 15.578
2.750 0.117 -0.001 0.217 15.612
2.800 1.774 0.030 0.217 15.611
2.850 3.268 0.054 0.217 15.570
2.900 4.446 0.071 0.217 15.508
2.950 5.202 0.077 0.216 15.441
3.000 5.449 0.073 0.216 15.394
3.050 5.175 0.058 0.216 15.384
3.100 4.391 0.035 0.216 15.414
3.150 3.197 0.007 0.216 15.471
3.200 1.696 -0.026 0.216 15.532
3.250 0.046 -0.059 0.216 15.575
3.300 -1.604 -0.089 0.216 15.580
3.350 -3.110 -0.113 0.216 15.545
3.400 -4.322 -0.130 0.216 15.485
3.450 -5.133 -0.136 0.215 15.415
3.500 -5.452 -0.132 0.215 15.364
3.550 -5.245 -0.120 0.215 15.353
3.600 -4.522 -0.100 0.215 15.380
3.650 -3.364 -0.072 0.215 15.437
3.700 -1.888 -0.040 0.215 15.499
3.750 -0.234 -0.008 0.215 15.541
3.800 1.434 0.023 0.215 15.553
3.850 2.976 0.050 0.215 15.529
3.900 4.232 0.069 0.215 15.476
3.950 5.084 0.076 0.215 15.413
4.000 5.440 0.074 0.215 15.365
4.050 5.275 0.062 0.215 15.351
4.100 4.595 0.040 0.215 15.379
4.150 3.475 0.013 0.215 15.439
4.200 2.031 -0.019 0.215 15.506
4.250 0.398 -0.052 0.215 15.562
4.300 -1.267 -0.082 0.215 15.582
4.350 -2.811 -0.107 0.215 15.559
4.400 -4.099 -0.125 0.215 15.505
4.450 -5.001 -0.134 0.214 15.442
4.500 -5.429 -0.133 0.214 15.392
4.550 -5.331 -0.122 0.214 15.377
4.600 -4.714 -0.103 0.214 15.402
4.650 -3.636 -0.078 0.214 15.457
4.700 -2.215 -0.046 0.214 15.524
4.750 -0.589 -0.013 0.214 15.581
4.800 1.092 0.018 0.214 15.603
4.850 2.671 0.044 0.214 15.589
4.900 4.000 0.065 0.214 15.545
4.950 4.945 0.075 0.213 15.486
5.000 5.407 0.075 0.213 15.435
5.050 5.355 0.063 0.213 15.415
5.100 4.777 0.045 0.213 15.436
5.150 3.744 0.018 0.213 15.494
5.200 2.351 -0.012 0.213 15.565
5.250 0.750 -0.045 0.213 15.627
5.300 -0.924 -0.077 0.213 15.659
5.350 -2.506 -0.103 0.213 15.648
5.400 -3.857 -0.122 0.213 15.602
5.450 -4.848 -0.132 0.213 15.540
5.500 -5.382 -0.133 0.213 15.490
5.550 -5.397 -0.125 0.213 15.469
5.600 -4.882 -0.107 0.213 15.490
5.650 -3.897 -0.082 0.213 15.546
5.700 -2.534 -0.052 0.213 15.616
5.750 -0.938 -0.019 0.213 15.682
5.800 0.741 0.013 0.213 15.724
5.850 2.358 0.039 0.213 15.724
5.900 3.747 0.062 0.213 15.693
5.950 4.785 0.074 0.211 15.643
6.000 5.353 0.077 0.211 15.596
6.050 5.413 0.067 0.211 15.577
6.100 4.938 0.050 0.211 15.597
6.150 3.993 0.025 0.211 15.656
6.200 2.667 -0.006 0.211 15.737
6.250 1.093 -0.039 0.211 15.815
6.300 -0.574 -0.069 0.211 15.861
6.350 -2.189 -0.098 0.211 15.871
6.400 -3.601 -0.118 0.211 15.842
6.450 -4.676 -0.131 0.211 15.791
6.500 -5.311 -0.132 0.211 15.743
6.550 -5.438 -0.128 0.211 15.724
6.600 -5.033 -0.111 0.211 15.745
6.650 -4.135 -0.089 0.211 15.802
6.700 -2.846 -0.059 0.211 15.877
6.750 -1.284 -0.027 0.211 15.948
6.800 0.391 0.005 0.211 15.998
6.850 2.031 0.034 0.211 16.007
6.900 3.483 0.057 0.211 15.979
6.950 4.602 0.071 0.210 15.927
7.000 5.276 0.076 0.210 15.874
7.050 5.442 0.069 0.210 15.841
7.100 5.080 0.053 0.210 15.846
7.150 4.226 0.029 0.210 15.890
7.200 2.968 -0.000 0.210 15.958
7.250 1.438 -0.032 0.210 16.026
7.300 -0.227 -0.064 0.210 16.069
7.350 -1.861 -0.092 0.210 16.073
7.400 -3.329 -0.114 0.210 16.036
7.450 -4.483 -0.130 0.210 15.973
7.500 -5.218 -0.133 0.210 15.905
7.550 -5.456 -0.129 0.210 15.862
7.600 -5.161 -0.116 0.210 15.858
7.650 -4.362 -0.094 0.210 15.892
7.700 -3.140 -0.064 0.210 15.952
7.750 -1.628 -0.035 0.210 16.010
7.800 0.037 -0.002 0.210 16.050
7.850 1.699 0.028 0.210 16.057
7.900 3.200 0.053 0.210 16.023
7.950 4.403 0.068 0.210 15.961
8.000 5.175 0.075 0.209 15.895
8.050 5.453 0.070 0.209 15.849
8.100 5.197 0.057 0.209 15.840
8.150 4.443 0.034 0.209 15.872
8.200 3.258 0.005 0.209 15.935
8.250 1.774 -0.027 0.209 16.003
8.300 0.127 -0.058 0.209 16.054
8.350 -1.530 -0.088 0.209 16.069
8.400 -3.041 -0.110 0.209 16.041
8.450 -4.274 -0.126 0.209 15.985
8.500 -5.104 -0.133 0.209 15.922
8.550 -5.450 -0.131 0.209 15.880
8.600 -5.266 -0.117 0.209 15.875
8.650 -4.567 -0.099 0.209 15.910
8.700 -3.427 -0.071 0.209 15.975
8.750 -1.960 -0.040 0.209 16.048
8.800 -0.320 -0.008 0.209 16.105
8.850 1.359 0.022 0.209 16.130
8.900 2.906 0.049 0.209 16.119
8.950 4.181 0.066 0.209 16.075
9.000 5.053 0.074 0.209 16.019
9.050 5.436 0.071 0.209 15.979
9.100 5.295 0.060 0.209 15.973
9.150 4.636 0.038 0.209 16.011
9.200 3.538 0.012 0.209 16.082
9.250 2.101 -0.020 0.209 16.164
9.300 0.477 -0.052 0.209 16.236
9.350 -1.189 -0.082 0.209 16.273
9.400 -2.746 -0.105 0.209 16.261
9.450 -4.045 -0.124 0.209 16.217
9.500 -4.968 -0.132 0.208 16.162
9.550 -5.420 -0.132 0.208 16.121
9.600 -5.349 -0.120 0.208 16.113
9.650 -4.752 -0.102 0.208 16.148
9.700 -3.698 -0.076 0.208 16.213
9.750 -2.288 -0.047 0.208 16.295
9.800 -0.668 -0.013 0.208 16.365
9.850 1.011 0.016 0.208 16.404
9.900 2.601 0.043 0.208 16.403
9.950 3.944 0.062 0.208 16.366
10.000 4.908 0.074 0.208 16.316
10.050 5.398 0.072 0.208 16.273
10.100 5.368 0.062 0.208 16.261
10.150 4.815 0.044 0.208 16.291
10.200 3.796 0.017 0.208 16.360
10.250 2.425 -0.013 0.208 16.445
10.300 0.823 -0.044 0.208 16.517
10.350 -0.844 -0.076 0.208 16.560
10.400 -2.435 -0.101 0.208 16.559
10.450 -3.801 -0.121 0.208 16.521
10.500 -4.810 -0.131 0.207 16.464
10.550 -5.369 -0.131 0.207 16.415
10.600 -5.407 -0.122 0.207 16.398
10.650 -4.919 -0.106 0.207 16.422
10.700 -3.950 -0.082 0.207 16.481
10.750 -2.607 -0.053 0.207 16.555
10.800 -1.020 -0.019 0.207 16.628
10.850 0.664 0.011 0.207 16.670
10.900 2.281 0.039 0.207 16.672
10.950 3.692 0.059 0.207 16.638
11.000 4.743 0.071 0.206 16.581
11.050 5.339 0.073 0.206 16.527
11.100 5.418 0.066 0.206 16.501
11.150 4.973 0.048 0.206 16.516
11.200 4.044 0.024 0.206 16.569
11.250 2.733 -0.008 0.206 16.647
11.300 1.172 -0.038 0.206 16.720
11.350 -0.499 -0.070 0.206 16.764
11.400 -2.116 -0.096 0.206 16.764
11.450 -3.540 -0.118 0.206 16.727
11.500 -4.634 -0.129 0.206 16.665
11.550 -5.292 -0.133 0.207 16.606
11.600 -5.444 -0.125 0.207 16.575
11.650 -5.063 -0.111 0.207 16.586
11.700 -4.190 -0.086 0.207 16.636
11.750 -2.911 -0.059 0.207 16.706
11.800 -1.367 -0.026 0.207 16.777
11.850 0.310 0.004 0.207 16.824
11.900 1.957 0.033 0.207 16.833
11.950 3.420 0.056 0.207 16.803
12.000 4.558 0.070 0.207 16.747
12.050 5.256 0.073 0.207 16.689
12.100 5.447 0.068 0.207 16.654
12.150 5.108 0.051 0.207 16.661
12.200 4.275 0.028 0.207 16.709
12.250 3.034 -0.002 0.207 16.786
12.300 1.510 -0.033 0.207 16.865
12.350 -0.145 -0.065 0.207 16.919
12.400 -1.790 -0.091 0.207 16.932
12.450 -3.265 -0.115 0.207 16.908
12.500 -4.437 -0.129 0.206 16.855
12.550 -5.195 -0.132 0.206 16.797
12.600 -5.457 -0.126 0.206 16.765
12.650 -5.186 -0.113 0.206 16.773
12.700 -4.408 -0.091 0.206 16.824
12.750 -3.209 -0.064 0.206 16.903
12.800 -1.703 -0.034 0.206 16.980
12.850 -0.046 -0.002 0.206 17.040
12.900 1.620 0.028 0.206 17.066
12.950 3.138 0.051 0.206 17.051
13.000 4.351 0.068 0.206 17.005
13.050 5.152 0.073 0.206 16.952
13.100 5.449 0.069 0.206 16.919
13.150 5.225 0.056 0.206 16.924
13.200 4.485 0.032 0.206 16.974
13.250 3.324 0.005 0.206 17.054
13.300 1.846 -0.026 0.206 17.139
13.350 0.203 -0.059 0.206 17.211
13.400 -1.453 -0.087 0.206 17.240
13.450 -2.979 -0.110 0.206 17.226
13.500 -4.223 -0.126 0.206 17.181
13.550 -5.075 -0.133 0.206 17.125
13.600 -5.445 -0.129 0.206 17.089
13.650 -5.287 -0.117 0.206 17.091
13.700 -4.610 -0.097 0.206 17.135
13.750 -3.488 -0.071 0.206 17.208
13.800 -2.039 -0.039 0.206 17.291
13.850 -0.396 -0.008 0.206 17.357
13.900 1.278 0.021 0.206 17.387
13.950 2.842 0.047 0.206 17.378
14.000 4.130 0.065 0.206 17.333
14.050 5.024 0.073 0.206 17.276
14.100 5.428 0.071 0.206 17.232
14.150 5.315 0.059 0.206 17.223
14.200 4.680 0.038 0.206 17.257
14.250 3.596 0.011 0.206 17.327
14.300 2.176 -0.019 0.206 17.408
14.350 0.554 -0.053 0.206 17.477
14.400 -1.113 -0.082 0.206 17.511
14.450 -2.675 -0.107 0.206 17.495
14.500 -3.992 -0.123 0.206 17.443
14.550 -4.934 -0.132 0.206 17.376
14.600 -5.411 -0.131 0.206 17.324
14.650 -5.364 -0.121 0.206 17.307
14.700 -4.793 -0.101 0.206 17.333
14.750 -3.754 -0.077 0.206 17.394
14.800 -2.362 -0.045 0.206 17.468
14.850 -0.751 -0.014 0.206 17.533
14.900 0.935 0.016 0.206 17.560
14.950 2.529 0.043 0.206 17.552
15.000 3.889 0.063 0.206 17.505
15.050 4.875 0.072 0.206 17.441
15.100 5.387 0.073 0.206 17.386
15.150 5.383 0.062 0.206 17.364
15.200 4.852 0.043 0.206 17.386
15.250 3.856 0.016 0.206 17.447
15.300 2.492 -0.014 0.206 17.530
15.350 0.905 -0.046 0.206 17.600
15.400 -0.768 -0.076 0.206 17.638
15.450 -2.366 -0.104 0.206 17.635
15.500 -3.743 -0.121 0.206 17.591
15.550 -4.773 -0.131 0.206 17.527
15.600 -5.352 -0.131 0.206 17.473
15.650 -5.419 -0.124 0.206 17.452
15.700 -4.952 -0.106 0.206 17.475
15.750 -4.008 -0.081 0.206 17.537
15.800 -2.676 -0.052 0.206 17.615
15.850 -1.098 -0.020 0.206 17.690
15.900 0.581 0.012 0.206 17.738
15.950 2.213 0.038 0.206 17.743
16.000 3.628 0.059 0.206 17.712
16.050 4.706 0.071 0.205 17.658
16.100 5.320 0.074 0.206 17.607
16.150 5.430 0.064 0.206 17.585
16.200 5.003 0.047 0.206 17.606
16.250 4.099 0.021 0.206 17.670
16.300 2.802 -0.008 0.206 17.759
16.350 1.247 -0.041 0.206 17.849
16.400 -0.418 -0.070 0.206 17.900
16.450 -2.044 -0.097 0.206 17.911
16.500 -3.480 -0.118 0.206 17.882
16.550 -4.590 -0.130 0.206 17.825
16.600 -5.273 -0.132 0.206 17.772
16.650 -5.448 -0.126 0.206 17.749
16.700 -5.094 -0.110 0.206 17.768
16.750 -4.239 -0.087 0.206 17.828
16.800 -2.984 -0.058 0.206 17.912
16.850 -1.442 -0.026 0.206 17.995
16.900 0.228 0.005 0.206 18.053
16.950 1.882 0.033 0.206 18.072
17.000 3.357 0.057 0.206 18.048
17.050 4.512 0.069 0.206 17.997
17.100 5.233 0.074 0.207 17.944
17.150 5.450 0.068 0.207 17.915
17.200 5.135 0.053 0.207 17.926
17.250 4.325 0.027 0.207 17.983
17.300 3.107 0.000 0.207 18.064
17.350 1.586 -0.031 0.207 18.146
17.400 -0.073 -0.062 0.207 18.200
17.450 -1.714 -0.090 0.207 18.211
17.500 -3.203 -0.114 0.207 18.183
17.550 -4.391 -0.128 0.207 18.122
17.600 -5.169 -0.133 0.207 18.057
17.650 -5.456 -0.127 0.207 18.014
17.700 -5.211 -0.114 0.207 18.012
17.750 -4.456 -0.093 0.207 18.052
17.800 -3.272 -0.064 0.207 18.119
17.850 -1.785 -0.032 0.207 18.191
17.900 -0.124 -0.001 0.207 18.235
17.950 1.544 0.029 0.207 18.247
18.000 3.071 0.054 0.207 18.212
18.050 4.303 0.068 0.207 18.144
18.100 5.124 0.074 0.207 18.068
18.150 5.445 0.070 0.207 18.010
18.200 5.244 0.056 0.207 17.991
18.250 4.531 0.034 0.207 18.018
18.300 3.383 0.006 0.207 18.077
18.350 1.920 -0.025 0.207 18.141
18.400 0.282 -0.059 0.207 18.191
18.450 -1.380 -0.087 0.207 18.196
18.500 -2.909 -0.110 0.207 18.157
18.550 -4.173 -0.126 0.207 18.084
18.600 -5.045 -0.133 0.207 18.005
18.650 -5.439 -0.129 0.207 17.944
18.700 -5.306 -0.117 0.207 17.925
18.750 -4.653 -0.098 0.207 17.950
18.800 -3.552 -0.071 0.207 18.007
18.850 -2.112 -0.039 0.207 18.078
18.900 -0.481 -0.008 0.207 18.131
18.950 1.204 0.023 0.207 18.149
19.000 2.770 0.048 0.207 18.126
19.050 4.076 0.066 0.207 18.069
19.100 4.991 0.074 0.207 17.998
19.150 5.420 0.072 0.207 17.945
19.200 5.332 0.060 0.207 17.928
19.250 4.718 0.039 0.207 17.958
19.300 3.657 0.011 0.207 18.028
19.350 2.244 -0.019 0.207 18.109
19.400 0.634 -0.052 0.207 18.178
19.450 -1.036 -0.082 0.207 18.210
19.500 -2.608 -0.107 0.207 18.199
19.550 -3.936 -0.123 0.207 18.145
19.600 -4.900 -0.132 0.207 18.083
19.650 -5.399 -0.132 0.207 18.034
19.700 -5.380 -0.121 0.207 18.023
19.750 -4.829 -0.101 0.207 18.057
19.800 -3.816 -0.076 0.207 18.126
19.850 -2.437 -0.046 0.207 18.211
19.900 -0.829 -0.013 0.207 18.284
19.950 0.853 0.017 0.207 18.325
20.000 2.461 0.044 0.207 18.320
20.050 3.829 0.063 0.207 18.279
20.100 4.839 0.073 0.207 18.217
20.150 5.372 0.074 0.207 18.166
20.200 5.397 0.063 0.207 18.146
20.250 4.887 0.044 0.207 18.171
20.300 3.911 0.017 0.207 18.237
20.350 2.564 -0.014 0.207 18.323
20.400 0.980 -0.045 0.207 18.400
20.450 -0.688 -0.077 0.207 18.441
20.500 -2.294 -0.103 0.207 18.441
20.550 -3.686 -0.122 0.207 18.400
20.600 -4.732 -0.132 0.207 18.338
20.650 -5.337 -0.133 0.207 18.281
20.700 -5.427 -0.124 0.207 18.257
20.750 -4.988 -0.106 0.207 18.279
20.800 -4.060 -0.082 0.207 18.340
20.850 -2.751 -0.053 0.207 18.419
20.900 -1.178 -0.020 0.207 18.495
20.950 0.503 0.011 0.207 18.543
21.000 2.137 0.039 0.207 18.546
21.050 3.571 0.060 0.207 18.509
21.100 4.663 0.073 0.207 18.450
21.150 5.303 0.075 0.207 18.393
21.200 5.436 0.066 0.207 18.364
21.250 5.037 0.048 0.207 18.381
21.300 4.151 0.023 0.207 18.441
21.350 2.868 -0.006 0.207 18.524
21.400 1.326 -0.039 0.207 18.606
21.450 -0.342 -0.070 0.207 18.656
21.500 -1.969 -0.099 0.207 18.665
21.550 -3.418 -0.119 0.207 18.629
21.600 -4.548 -0.131 0.207 18.564
21.650 -5.251 -0.132 0.207 18.500
21.700 -5.452 -0.127 0.207 18.466
21.750 -5.121 -0.111 0.207 18.476
21.800 -4.292 -0.087 0.207 18.530
21.850 -3.048 -0.059 0.207 18.605
21.900 -1.523 -0.027 0.207 18.681
21.950 0.150 0.006 0.207 18.733
22.000 1.808 0.035 0.207 18.744
22.050 3.293 0.058 0.207 18.712
22.100 4.469 0.071 0.207 18.649
22.150 5.211 0.076 0.209 18.585
22.200 5.452 0.069 0.209 18.544
22.250 5.161 0.054 0.209 18.546
22.300 4.374 0.029 0.209 18.594
22.350 3.165 0.000 0.209 18.671
22.400 1.662 -0.032 0.209 18.752
22.450 0.013 -0.064 0.209 18.810
22.500 -1.639 -0.093 0.209 18.823
22.550 -3.135 -0.115 0.209 18.789
22.600 -4.343 -0.130 0.209 18.727
22.650 -5.143 -0.135 0.211 18.660
22.700 -5.454 -0.129 0.211 18.616
22.750 -5.234 -0.115 0.211 18.615
22.800 -4.503 -0.093 0.211 18.659
22.850 -3.340 -0.064 0.211 18.735
22.900 -1.857 -0.033 0.211 18.814
22.950 -0.207 -0.001 0.211 18.869
23.000 1.470 0.028 0.211 18.886
23.050 3.005 0.053 0.211 18.860
23.100 4.254 0.069 0.211 18.801
23.150 5.096 0.075 0.211 18.732
23.200 5.443 0.071 0.211 18.684
23.250 5.267 0.057 0.211 18.676
23.300 4.575 0.034 0.211 18.714
23.350 3.449 0.006 0.211 18.788
23.400 1.995 -0.025 0.211 18.867
23.450 0.362 -0.057 0.211 18.927
23.500 -1.299 -0.088 0.211 18.947
23.550 -2.843 -0.109 0.211 18.912
23.600 -4.119 -0.127 0.211 18.848
23.650 -5.014 -0.134 0.211 18.771
23.700 -5.431 -0.131 0.211 18.715
23.750 -5.326 -0.118 0.211 18.698
23.800 -4.694 -0.098 0.211 18.727
23.850 -3.613 -0.072 0.211 18.789
23.900 -2.188 -0.040 0.211 18.859
23.950 -0.557 -0.007 0.211 18.914
24.000 1.124 0.023 0.211 18.932
24.050 2.703 0.049 0.211 18.906
24.100 4.023 0.067 0.211 18.843
24.150 4.957 0.077 0.212 18.767
24.200 5.414 0.072 0.212 18.703
24.250 5.349 0.061 0.212 18.678
24.300 4.760 0.040 0.212 18.700
24.350 3.713 0.013 0.212 18.759
24.400 2.322 -0.019 0.212 18.835
24.450 0.711 -0.050 0.212 18.892
24.500 -0.957 -0.083 0.212 18.920
24.550 -2.535 -0.107 0.212 18.899
24.600 -3.882 -0.125 0.212 18.838
24.650 -4.862 -0.134 0.212 18.763
24.700 -5.388 -0.133 0.212 18.700
24.750 -5.391 -0.122 0.212 18.675
24.800 -4.869 -0.103 0.212 18.698
24.850 -3.871 -0.078 0.212 18.758
24.900 -2.509 -0.047 0.212 18.834
24.950 -0.910 -0.014 0.212 18.901
25.000 0.778 0.017 0.212 18.933
25.050 2.385 0.044 0.212 18.924
25.100 3.775 0.063 0.212 18.873
25.150 4.799 0.075 0.210 18.805
25.200 5.361 0.075 0.210 18.744
25.250 5.404 0.065 0.210 18.717
25.300 4.924 0.045 0.210 18.737
25.350 3.967 0.019 0.210 18.798
25.400 2.634 -0.012 0.210 18.880
25.450 1.060 -0.044 0.210 18.954
25.500 -0.611 -0.076 0.210 18.991
25.550 -2.220 -0.103 0.210 18.985
25.600 -3.625 -0.123 0.210 18.936
25.650 -4.693 -0.133 0.210 18.862
25.700 -5.318 -0.134 0.211 18.795
25.750 -5.436 -0.125 0.211 18.762
25.800 -5.018 -0.110 0.211 18.775
25.850 -4.117 -0.083 0.211 18.829
25.900 -2.817 -0.054 0.211 18.902
25.950 -1.258 -0.022 0.211 18.968
26.000 0.424 0.010 0.211 19.003
26.050 2.064 0.038 0.211 18.993
26.100 3.508 0.060 0.211 18.942
26.150 4.619 0.074 0.211 18.869
26.200 5.284 0.076 0.211 18.798
26.250 5.440 0.068 0.211 18.754
26.300 5.066 0.050 0.211 18.754
26.350 4.202 0.026 0.211 18.797
26.400 2.938 -0.006 0.211 18.866
26.450 1.400 -0.038 0.211 18.934
26.500 -0.258 -0.069 0.211 18.966
26.550 -1.895 -0.097 0.211 18.955
26.600 -3.354 -0.119 0.211 18.902
26.650 -4.502 -0.131 0.210 18.820
26.700 -5.229 -0.135 0.211 18.739
26.750 -5.455 -0.127 0.211 18.688
26.800 -5.150 -0.114 0.211 18.680
26.850 -4.340 -0.089 0.211 18.716
26.900 -3.119 -0.061 0.211 18.776
26.950 -1.597 -0.028 0.211 18.834
27.000 0.068 0.003 0.211 18.868
27.050 1.732 0.034 0.211 18.864
27.100 3.230 0.057 0.211 18.816
27.150 4.419 0.073 0.211 18.740
27.200 5.187 0.077 0.212 18.660
27.250 5.451 0.071 0.212 18.605
27.300 5.189 0.056 0.212 18.593
27.350 4.419 0.031 0.212 18.628
27.400 3.232 0.001 0.212 18.692
27.450 1.739 -0.030 0.212 18.759
27.500 0.091 -0.064 0.212 18.805
27.550 -1.560 -0.091 0.212 18.807
27.600 -3.072 -0.115 0.212 18.763
27.650 -4.292 -0.129 0.212 18.691
27.700 -5.116 -0.135 0.212 18.611
27.750 -5.451 -0.130 0.212 18.557
27.800 -5.258 -0.117 0.212 18.546
27.850 -4.548 -0.095 0.212 18.581
27.900 -3.402 -0.068 0.212 18.646
27.950 -1.936 -0.035 0.212 18.717
28.000 -0.283 -0.003 0.212 18.767
28.050 1.391 0.028 0.212 18.780
28.100 2.938 0.052 0.212 18.749
28.150 4.203 0.070 0.212 18.686
28.200 5.067 0.076 0.212 18.613
28.250 5.436 0.073 0.212 18.560
28.300 5.288 0.059 0.212 18.547
28.350 4.619 0.037 0.212 18.580
28.400 3.508 0.008 0.212 18.649
28.450 2.071 -0.023 0.212 18.726
28.500 0.444 -0.057 0.212 18.786
28.550 -1.223 -0.087 0.212 18.807
28.600 -2.771 -0.111 0.212 18.779
28.650 -4.068 -0.128 0.212 18.717
28.700 -4.981 -0.136 0.212 18.643
28.750 -5.425 -0.133 0.212 18.587
28.800 -5.340 -0.121 0.212 18.570
28.850 -4.738 -0.100 0.212 18.599
28.900 -3.674 -0.074 0.212 18.662
28.950 -2.262 -0.041 0.212 18.737
29.000 -0.638 -0.010 0.212 18.798
29.050 1.048 0.022 0.212 18.820
29.100 2.631 0.048 0.212 18.800
29.150 3.967 0.068 0.212 18.744
29.200 4.924 0.076 0.212 18.672
29.250 5.402 0.075 0.212 18.612
29.300 5.364 0.063 0.212 18.589
29.350 4.798 0.043 0.212 18.612
29.400 3.775 0.015 0.212 18.674
29.450 2.391 -0.016 0.212 18.750
29.500 0.794 -0.049 0.212 18.813
29.550 -0.878 -0.080 0.212 18.841
29.600 -2.465 -0.108 0.212 18.824
29.650 -3.822 -0.124 0.212 18.760
29.700 -4.827 -0.134 0.212 18.684
29.750 -5.373 -0.133 0.212 18.619
29.800 -5.404 -0.125 0.212 18.590
29.850 -4.902 -0.105 0.212 18.607
29.900 -3.932 -0.080 0.212 18.662
29.950 -2.579 -0.049 0.212 18.729
30.000 -0.986 -0.016 0.212 18.790
30.050 0.696 0.016 0.212 18.818
30.100 2.318 0.042 0.212 18.800
30.150 3.713 0.064 0.212 18.744
30.200 4.761 0.074 0.212 18.666
30.250 5.344 0.077 0.213 18.595
30.300 5.418 0.066 0.213 18.556
30.350 4.957 0.048 0.213 18.563
30.400 4.023 0.021 0.213 18.612
30.450 2.706 -0.010 0.213 18.683
30.500 1.138 -0.043 0.213 18.747
30.550 -0.527 -0.073 0.213 18.771
30.600 -2.146 -0.102 0.213 18.756
30.650 -3.565 -0.122 0.213 18.698
30.700 -4.650 -0.134 0.213 18.615
30.750 -5.301 -0.135 0.213 18.540
30.800 -5.441 -0.128 0.213 18.498
30.850 -5.052 -0.110 0.213 18.502
30.900 -4.168 -0.085 0.213 18.547
30.950 -2.890 -0.057 0.213 18.610
31.000 -1.331 -0.024 0.213 18.669
31.050 0.345 0.009 0.213 18.703
31.100 1.990 0.038 0.213 18.695
31.150 3.447 0.060 0.213 18.644
31.200 4.576 0.073 0.212 18.569
31.250 5.265 0.078 0.213 18.496
31.300 5.445 0.070 0.213 18.451
31.350 5.096 0.053 0.213 18.450
31.400 4.254 0.027 0.213 18.493
31.450 3.006 -0.003 0.213 18.563
31.500 1.482 -0.037 0.213 18.635
31.550 -0.180 -0.067 0.213 18.675
31.600 -1.817 -0.096 0.213 18.671
31.650 -3.292 -0.119 0.213 18.627
31.700 -4.456 -0.132 0.213 18.552
31.750 -5.205 -0.135 0.213 18.476
31.800 -5.456 -0.129 0.213 18.429
31.850 -5.176 -0.114 0.213 18.426
31.900 -4.391 -0.092 0.213 18.467
31.950 -3.182 -0.063 0.213 18.535
32.000 -1.675 -0.031 0.213 18.602
32.050 -0.008 0.002 0.213 18.644
32.100 1.656 0.032 0.213 18.648
32.150 3.163 0.057 0.213 18.607
32.200 4.374 0.072 0.213 18.539
32.250 5.161 0.077 0.213 18.465
32.300 5.450 0.072 0.213 18.413
32.350 5.210 0.057 0.213 18.403
32.400 4.468 0.032 0.213 18.440
32.450 3.294 0.004 0.213 18.506
32.500 1.816 -0.029 0.213 18.577
32.550 0.173 -0.062 0.213 18.630
32.600 -1.485 -0.092 0.213 18.640
32.650 -3.001 -0.114 0.213 18.602
32.700 -4.244 -0.130 0.213 18.531
32.750 -5.087 -0.136 0.213 18.454
32.800 -5.448 -0.132 0.213 18.399
32.850 -5.278 -0.117 0.213 18.386
32.900 -4.594 -0.098 0.213 18.418
32.950 -3.467 -0.069 0.213 18.481
33.000 -2.007 -0.038 0.213 18.552
33.050 -0.365 -0.005 0.213 18.604
33.100 1.315 0.025 0.213 18.616
33.150 2.867 0.052 0.213 18.589
33.200 4.150 0.070 0.213 18.528
33.250 5.035 0.077 0.213 18.455
33.300 5.431 0.074 0.213 18.400
33.350 5.306 0.061 0.213 18.384
33.400 4.661 0.038 0.213 18.413
33.450 3.572 0.010 0.213 18.481
33.500 2.145 -0.021 0.213 18.555
33.550 0.524 -0.054 0.213 18.614
33.600 -1.142 -0.086 0.213 18.636
33.650 -2.705 -0.109 0.213 18.606
33.700 -4.012 -0.127 0.213 18.541
33.750 -4.949 -0.135 0.213 18.465
33.800 -5.414 -0.134 0.213 18.405
33.850 -5.359 -0.122 0.213 18.383
33.900 -4.775 -0.103 0.213 18.406
33.950 -3.736 -0.076 0.213 18.463
34.000 -2.332 -0.045 0.213 18.532
34.050 -0.714 -0.012 0.213 18.585
34.100 0.967 0.020 0.213 18.602
34.150 2.560 0.047 0.213 18.578
34.200 3.912 0.066 0.213 18.516
34.250 4.888 0.077 0.213 18.437
34.300 5.392 0.076 0.213 18.369
34.350 5.377 0.065 0.213 18.335
34.400 4.838 0.045 0.213 18.345
34.450 3.830 0.018 0.213 18.395
34.500 2.468 -0.015 0.213 18.464
34.550 0.870 -0.046 0.213 18.516
34.600 -0.796 -0.079 0.213 18.534
34.650 -2.392 -0.105 0.213 18.506
34.700 -3.767 -0.125 0.213 18.436
34.750 -4.787 -0.134 0.213 18.350
34.800 -5.360 -0.135 0.213 18.274
34.850 -5.414 -0.126 0.213 18.233
34.900 -4.940 -0.108 0.213 18.237
34.950 -3.985 -0.082 0.213 18.278
35.000 -2.651 -0.052 0.213 18.336
35.050 -1.064 -0.019 0.213 18.384
35.100 0.619 0.012 0.213 18.401
35.150 2.239 0.041 0.213 18.377
35.200 3.656 0.062 0.213 18.313
35.250 4.719 0.075 0.213 18.231
35.300 5.330 0.076 0.213 18.152
35.350 5.424 0.067 0.213 18.103
35.400 4.992 0.049 0.213 18.101
35.450 4.077 0.023 0.213 18.140
35.500 2.775 -0.010 0.213 18.205
35.550 1.220 -0.040 0.213 18.261
35.600 -0.450 -0.073 0.213 18.285
35.650 -2.071 -0.101 0.213 18.269
35.700 -3.504 -0.122 0.213 18.212
35.750 -4.608 -0.133 0.213 18.127
35.800 -5.281 -0.136 0.213 18.048
35.850 -5.446 -0.128 0.213 18.003
35.900 -5.081 -0.112 0.213 18.003
35.950 -4.222 -0.087 0.213 18.046
36.000 -2.954 -0.060 0.213 18.109
36.050 -1.411 -0.026 0.213 18.166
36.100 0.266 0.005 0.213 18.201
36.150 1.914 0.035 0.213 18.195
36.200 3.382 0.059 0.213 18.153
36.250 4.532 0.074 0.213 18.085
36.300 5.244 0.077 0.213 18.018
36.350 5.448 0.071 0.213 17.975
36.400 5.124 0.054 0.213 17.976
36.450 4.305 0.030 0.213 18.022
36.500 3.075 -0.001 0.213 18.096
36.550 1.557 -0.033 0.213 18.169
36.600 -0.095 -0.066 0.213 18.217
36.650 -1.744 -0.094 0.213 18.221
36.700 -3.225 -0.117 0.213 18.183
36.750 -4.410 -0.131 0.213 18.116
36.800 -5.180 -0.137 0.214 18.046
36.850 -5.456 -0.130 0.214 18.003
36.900 -5.200 -0.117 0.214 18.002
36.950 -4.438 -0.094 0.214 18.043
37.000 -3.249 -0.066 0.214 18.111
37.050 -1.747 -0.033 0.214 18.181
37.100 -0.089 -0.002 0.214 18.225
37.150 1.579 0.029 0.214 18.230
37.200 3.099 0.054 0.214 18.195
37.250 4.323 0.070 0.214 18.127
37.300 5.137 0.077 0.214 18.052
37.350 5.447 0.072 0.214 17.997
37.400 5.237 0.058 0.214 17.982
37.450 4.512 0.035 0.214 18.011
37.500 3.363 0.006 0.214 18.071
37.550 1.893 -0.026 0.214 18.136
37.600 0.251 -0.061 0.214 18.184
37.650 -1.405 -0.090 0.214 18.188
37.700 -2.937 -0.113 0.214 18.144
37.750 -4.192 -0.129 0.214 18.069
37.800 -5.058 -0.138 0.215 17.985
37.850 -5.441 -0.132 0.215 17.920
37.900 -5.299 -0.120 0.215 17.896
37.950 -4.636 -0.099 0.215 17.915
38.000 -3.528 -0.073 0.215 17.966
38.050 -2.082 -0.040 0.215 18.027
38.100 -0.440 -0.008 0.215 18.070
38.150 1.234 0.023 0.215 18.076
38.200 2.801 0.050 0.215 18.043
38.250 4.099 0.069 0.215 17.977
38.300 5.006 0.076 0.215 17.900
38.350 5.424 0.074 0.215 17.837
38.400 5.325 0.062 0.215 17.813
38.450 4.704 0.041 0.215 17.835
38.500 3.633 0.013 0.215 17.892
38.550 2.222 -0.019 0.215 17.962
38.600 0.604 -0.053 0.215 18.019
38.650 -1.065 -0.084 0.215 18.042
38.700 -2.633 -0.109 0.215 18.013
38.750 -3.959 -0.125 0.215 17.950
38.800 -4.913 -0.136 0.214 17.876
38.850 -5.404 -0.134 0.214 17.816
38.900 -5.372 -0.124 0.214 17.794
38.950 -4.817 -0.104 0.214 17.817
39.000 -3.791 -0.079 0.214 17.873
39.050 -2.405 -0.047 0.214 17.944
39.100 -0.794 -0.014 0.214 18.003
39.150 0.889 0.019 0.214 18.027
39.200 2.488 0.045 0.214 18.014
39.250 3.854 0.065 0.214 17.961
39.300 4.854 0.076 0.214 17.893
39.350 5.377 0.076 0.214 17.831
39.400 5.392 0.066 0.214 17.802
39.450 4.873 0.047 0.214 17.818
39.500 3.893 0.019 0.214 17.873
39.550 2.535 -0.013 0.214 17.948
39.600 0.954 -0.044 0.214 18.009
39.650 -0.720 -0.076 0.214 18.037
39.700 -2.321 -0.104 0.214 18.021
39.750 -3.708 -0.123 0.214 17.966
39.800 -4.750 -0.134 0.214 17.888
39.850 -5.343 -0.135 0.214 17.821
39.900 -5.424 -0.128 0.214 17.787
39.950 -4.973 -0.109 0.214 17.797
40.000 -4.042 -0.084 0.214 17.846
40.050 -2.718 -0.054 0.214 17.910
40.100 -1.143 -0.021 0.214 17.969
40.150 0.535 0.012 0.214 17.999
40.200 2.168 0.039 0.214 17.985
40.250 3.593 0.062 0.214 17.933
40.300 4.681 0.074 0.212 17.860
40.350 5.310 0.077 0.213 17.791
40.400 5.433 0.069 0.213 17.749
40.450 5.021 0.052 0.213 17.750
40.500 4.131 0.025 0.213 17.793
40.550 2.845 -0.006 0.213 17.860
40.600 1.295 -0.039 0.213 17.923
40.650 -0.368 -0.070 0.213 17.954
40.700 -1.999 -0.099 0.213 17.944
40.750 -3.442 -0.120 0.213 17.894
40.800 -4.565 -0.133 0.213 17.815
40.850 -5.260 -0.135 0.213 17.740
40.900 -5.452 -0.130 0.213 17.696
40.950 -5.111 -0.114 0.213 17.695
41.000 -4.271 -0.090 0.213 17.737
41.050 -3.024 -0.060 0.213 17.799
41.100 -1.485 -0.028 0.213 17.858
41.150 0.183 0.005 0.213 17.896
41.200 1.837 0.034 0.213 17.894
41.250 3.319 0.059 0.213 17.852
41.300 4.485 0.072 0.213 17.782
41.350 5.220 0.077 0.213 17.711
41.400 5.450 0.071 0.213 17.664
41.450 5.153 0.056 0.213 17.658
