0.000 0.000 0.134 0.619 97.569
0.050 0.000 0.213 0.619 97.765
0.100 0.000 0.270 0.619 97.842
0.150 0.000 0.302 0.619 97.855
0.200 0.000 0.301 0.619 97.887
0.250 0.000 0.274 0.619 98.026
0.300 0.000 0.219 0.619 98.324
0.350 0.000 0.144 0.619 98.779
0.400 0.000 0.054 0.619 99.334
0.450 0.000 -0.035 0.619 99.881
0.500 0.000 -0.121 0.619 100.308
0.550 0.000 -0.193 0.619 100.528
0.600 0.000 -0.246 0.619 100.517
0.650 0.000 -0.274 0.619 100.333
0.700 0.000 -0.281 0.619 100.114
0.750 0.000 -0.268 0.619 100.022
0.800 0.000 -0.236 0.619 100.185
0.850 0.000 -0.181 0.619 100.660
0.900 0.000 -0.107 0.619 101.398
0.950 0.000 -0.022 0.619 102.236
1.000 0.000 0.066 0.619 352.062
1.050 0.000 0.151 0.619 -11.187
1.100 0.000 0.220 0.619 -14.691
1.150 0.000 0.268 0.614 -18.807
1.200 0.000 0.287 0.614 -23.757
1.250 0.000 0.281 0.614 -29.390
1.300 0.000 0.246 0.614 -35.076
1.350 0.000 0.188 0.614 -39.962
1.400 0.000 0.111 0.614 -43.441
1.450 0.000 0.026 0.614 -45.431
1.500 0.000 -0.059 0.614 -256.973
1.550 0.000 -0.139 0.614 120.087
1.600 0.000 -0.203 0.614 292.137
1.650 0.000 -0.245 0.594 -212.576
1.700 0.000 -0.266 0.594 325.473
1.750 0.000 -0.267 0.594 -30.375
1.800 0.000 -0.250 0.594 -360.000
1.850 0.000 -0.210 0.594 0.000
1.900 0.000 -0.152 0.594 231.037
1.950 0.000 -0.078 0.594 -180.000
2.000 0.000 0.004 0.594 -180.000
2.050 0.000 0.089 0.594 -180.000
2.100 0.000 0.165 0.594 -180.000
2.150 0.000 0.226 0.588 -180.000
2.200 0.000 0.262 0.583 -180.000
2.250 0.000 0.275 0.583 -180.000
2.300 0.000 0.259 0.583 -180.000
2.350 0.000 0.219 0.583 -180.000
2.400 0.000 0.156 0.583 -180.000
2.450 0.000 0.082 0.583 -180.000
2.500 0.000 -0.001 0.583 -180.000
2.550 0.000 -0.081 0.583 -180.000
2.600 0.000 -0.154 0.583 -180.000
2.650 0.000 -0.208 0.582 -180.000
2.700 0.000 -0.245 0.569 -180.000
2.750 0.000 -0.259 0.569 -180.000
2.800 0.000 -0.255 0.569 -180.000
2.850 0.000 -0.231 0.569 -180.000
2.900 0.000 -0.188 0.569 -180.000
2.950 0.000 -0.125 0.569 -180.000
3.000 0.000 -0.052 0.569 -180.000
3.050 0.000 0.028 0.569 -180.000
3.100 0.000 0.107 0.569 -180.000
3.150 0.000 0.176 0.569 -180.000
3.200 0.000 0.226 0.555 -180.000
3.250 0.000 0.255 0.555 -180.000
3.300 0.000 0.257 0.555 -180.000
3.350 0.000 0.236 0.555 -180.000
3.400 0.000 0.189 0.555 -180.000
3.450 0.000 0.128 0.555 -180.000
3.500 0.000 0.052 0.555 -180.000
3.550 0.000 -0.024 0.555 -180.000
3.600 0.000 -0.101 0.555 -180.000
3.650 0.000 -0.164 0.555 -180.000
3.700 0.000 -0.213 0.549 -180.000
3.750 0.000 -0.240 0.542 -180.000
3.800 0.000 -0.249 0.542 -180.000
3.850 0.000 -0.239 0.542 -180.000
3.900 0.000 -0.211 0.542 -180.000
3.950 0.000 -0.163 0.542 -180.000
4.000 0.000 -0.100 0.542 -180.000
4.050 0.000 -0.027 0.542 -180.000
4.100 0.000 0.048 0.542 -180.000
4.150 0.000 0.122 0.542 -180.000
4.200 0.000 0.181 0.542 -180.000
4.250 0.000 0.225 0.534 -180.000
4.300 0.000 0.244 0.534 -180.000
4.350 0.000 0.241 0.534 -180.000
4.400 0.000 0.211 0.534 -180.000
4.450 0.000 0.165 0.534 -180.000
4.500 0.000 0.099 0.534 -180.000
4.550 0.000 0.027 0.534 -180.000
4.600 0.000 -0.047 0.534 -180.000
4.650 0.000 -0.116 0.534 -180.000
4.700 0.000 -0.174 0.534 -180.000
4.750 0.000 -0.213 0.518 -180.000
4.800 0.000 -0.235 0.516 -180.000
4.850 0.000 -0.238 0.516 -180.000
4.900 0.000 -0.223 0.516 -180.000
4.950 0.000 -0.189 0.516 -180.000
5.000 0.000 -0.140 0.516 -180.000
5.050 0.000 -0.075 0.516 -180.000
5.100 0.000 -0.005 0.516 -180.000
5.150 0.000 0.067 0.516 -180.000
5.200 0.000 0.133 0.516 -180.000
5.250 0.000 0.187 0.512 -180.000
5.300 0.000 0.221 0.507 -180.000
5.350 0.000 0.233 0.507 -180.000
5.400 0.000 0.222 0.507 -180.000
5.450 0.000 0.190 0.507 -180.000
5.500 0.000 0.137 0.507 -180.000
5.550 0.000 0.074 0.507 -180.000
5.600 0.000 0.003 0.507 -180.000
5.650 0.000 -0.065 0.507 -180.000
5.700 0.000 -0.129 0.507 -180.000
5.750 0.000 -0.179 0.507 -180.000
5.800 0.000 -0.213 0.493 -180.000
5.850 0.000 -0.228 0.493 -180.000
5.900 0.000 -0.225 0.493 -180.000
5.950 0.000 -0.204 0.493 -180.000
6.000 0.000 -0.169 0.493 -180.000
6.050 0.000 -0.115 0.493 -180.000
6.100 0.000 -0.052 0.493 -180.000
6.150 0.000 0.016 0.493 -180.000
6.200 0.000 0.083 0.493 -180.000
6.250 0.000 0.143 0.493 -180.000
6.300 0.000 0.188 0.483 -180.000
6.350 0.000 0.214 0.483 -180.000
6.400 0.000 0.219 0.483 -180.000
6.450 0.000 0.202 0.483 -180.000
6.500 0.000 0.165 0.483 -180.000
6.550 0.000 0.113 0.483 -180.000
6.600 0.000 0.048 0.483 -180.000
6.650 0.000 -0.017 0.483 -180.000
6.700 0.000 -0.083 0.483 -180.000
6.750 0.000 -0.140 0.483 -180.000
6.800 0.000 -0.184 0.479 -180.000
6.850 0.000 -0.210 0.472 -180.000
6.900 0.000 -0.220 0.472 -180.000
6.950 0.000 -0.212 0.472 -180.000
7.000 0.000 -0.187 0.472 -180.000
7.050 0.000 -0.146 0.472 -180.000
7.100 0.000 -0.093 0.472 -180.000
7.150 0.000 -0.030 0.472 -180.000
7.200 0.000 0.034 0.472 -180.000
7.250 0.000 0.098 0.472 -180.000
7.300 0.000 0.150 0.472 -180.000
7.350 0.000 0.189 0.461 -180.000
7.400 0.000 0.207 0.461 -180.000
7.450 0.000 0.205 0.461 -180.000
7.500 0.000 0.183 0.461 -180.000
7.550 0.000 0.143 0.461 -180.000
7.600 0.000 0.088 0.461 -180.000
7.650 0.000 0.026 0.461 -180.000
7.700 0.000 -0.036 0.461 -180.000
7.750 0.000 -0.096 0.461 -180.000
7.800 0.000 -0.148 0.461 -180.000
7.850 0.000 -0.185 0.449 -180.000
7.900 0.000 -0.206 0.446 -180.000
7.950 0.000 -0.209 0.446 -180.000
8.000 0.000 -0.197 0.446 -180.000
8.050 0.000 -0.168 0.446 -180.000
8.100 0.000 -0.126 0.446 -180.000
8.150 0.000 -0.071 0.446 -180.000
8.200 0.000 -0.011 0.446 -180.000
8.250 0.000 0.051 0.446 -180.000
8.300 0.000 0.108 0.446 -180.000
8.350 0.000 0.155 0.444 -180.000
8.400 0.000 0.185 0.438 -180.000
8.450 0.000 0.197 0.438 -180.000
8.500 0.000 0.189 0.438 -180.000
8.550 0.000 0.163 0.438 -180.000
8.600 0.000 0.120 0.438 -180.000
8.650 0.000 0.066 0.438 -180.000
8.700 0.000 0.006 0.438 -180.000
8.750 0.000 -0.052 0.438 -180.000
8.800 0.000 -0.109 0.438 -180.000
8.850 0.000 -0.154 0.438 -180.000
8.900 0.000 -0.185 0.427 -180.000
8.950 0.000 -0.199 0.427 -180.000
9.000 0.000 -0.199 0.427 -180.000
9.050 0.000 -0.183 0.427 -180.000
9.100 0.000 -0.150 0.427 -180.000
9.150 0.000 -0.105 0.427 -180.000
9.200 0.000 -0.052 0.427 -180.000
9.250 0.000 0.007 0.427 -180.000
9.300 0.000 0.064 0.427 -180.000
9.350 0.000 0.117 0.427 -180.000
9.400 0.000 0.157 0.419 -180.000
9.450 0.000 0.181 0.417 -180.000
9.500 0.000 0.186 0.417 -180.000
9.550 0.000 0.173 0.417 -180.000
9.600 0.000 0.142 0.417 -180.000
9.650 0.000 0.098 0.417 -180.000
9.700 0.000 0.044 0.417 -180.000
9.750 0.000 -0.012 0.417 -180.000
9.800 0.000 -0.068 0.417 -180.000
9.850 0.000 -0.118 0.417 -180.000
9.900 0.000 -0.158 0.415 -180.000
9.950 0.000 -0.184 0.407 -180.000
10.000 0.000 -0.193 0.407 -180.000
10.050 0.000 -0.187 0.407 -180.000
10.100 0.000 -0.167 0.407 -180.000
10.150 0.000 -0.131 0.407 -180.000
10.200 0.000 -0.086 0.407 -180.000
10.250 0.000 -0.033 0.407 -180.000
10.300 0.000 0.021 0.407 -180.000
10.350 0.000 0.076 0.407 -180.000
10.400 0.000 0.122 0.407 -180.000
10.450 0.000 0.157 0.397 -180.000
10.500 0.000 0.174 0.397 -180.000
10.550 0.000 0.175 0.397 -180.000
10.600 0.000 0.157 0.397 -180.000
10.650 0.000 0.124 0.397 -180.000
10.700 0.000 0.078 0.397 -180.000
10.750 0.000 0.026 0.397 -180.000
10.800 0.000 -0.029 0.397 -180.000
10.850 0.000 -0.081 0.397 -180.000
10.900 0.000 -0.127 0.397 -180.000
10.950 0.000 -0.159 0.389 -180.000
11.000 0.000 -0.180 0.385 -180.000
11.050 0.000 -0.184 0.385 -180.000
11.100 0.000 -0.175 0.385 -180.000
11.150 0.000 -0.150 0.385 -180.000
11.200 0.000 -0.114 0.385 -180.000
11.250 0.000 -0.068 0.385 -180.000
11.300 0.000 -0.016 0.385 -180.000
11.350 0.000 0.037 0.385 -180.000
11.400 0.000 0.086 0.385 -180.000
11.450 0.000 0.127 0.385 -180.000
11.500 0.000 0.154 0.379 -180.000
11.550 0.000 0.167 0.379 -180.000
11.600 0.000 0.161 0.379 -180.000
11.650 0.000 0.140 0.379 -180.000
11.700 0.000 0.104 0.379 -180.000
11.750 0.000 0.059 0.379 -180.000
11.800 0.000 0.007 0.379 -180.000
11.850 0.000 -0.043 0.379 -180.000
11.900 0.000 -0.093 0.379 -180.000
11.950 0.000 -0.132 0.379 -180.000
12.000 0.000 -0.161 0.368 -180.000
12.050 0.000 -0.175 0.368 -180.000
12.100 0.000 -0.175 0.368 -180.000
12.150 0.000 -0.161 0.368 -180.000
12.200 0.000 -0.135 0.368 -180.000
12.250 0.000 -0.096 0.368 -180.000
12.300 0.000 -0.049 0.368 -180.000
12.350 0.000 0.001 0.368 -180.000
12.400 0.000 0.050 0.368 -180.000
12.450 0.000 0.095 0.368 -180.000
12.500 0.000 0.131 0.362 -180.000
12.550 0.000 0.152 0.359 -180.000
12.600 0.000 0.158 0.359 -180.000
12.650 0.000 0.148 0.359 -180.000
12.700 0.000 0.122 0.359 -180.000
12.750 0.000 0.086 0.359 -180.000
12.800 0.000 0.040 0.359 -180.000
12.850 0.000 -0.008 0.359 -180.000
12.900 0.000 -0.058 0.359 -180.000
12.950 0.000 -0.101 0.359 -180.000
13.000 0.000 -0.137 0.359 -180.000
13.050 0.000 -0.159 0.351 -180.000
13.100 0.000 -0.169 0.351 -180.000
13.150 0.000 -0.165 0.351 -180.000
13.200 0.000 -0.149 0.351 -180.000
13.250 0.000 -0.118 0.351 -180.000
13.300 0.000 -0.079 0.351 -180.000
13.350 0.000 -0.032 0.351 -180.000
13.400 0.000 0.014 0.351 -180.000
13.450 0.000 0.061 0.351 -180.000
13.500 0.000 0.102 0.351 -180.000
13.550 0.000 0.131 0.343 -180.000
13.600 0.000 0.147 0.343 -180.000
13.650 0.000 0.149 0.343 -180.000
13.700 0.000 0.133 0.343 -180.000
13.750 0.000 0.106 0.343 -180.000
13.800 0.000 0.068 0.343 -180.000
13.850 0.000 0.023 0.343 -180.000
13.900 0.000 -0.023 0.343 -180.000
13.950 0.000 -0.068 0.343 -180.000
14.000 0.000 -0.109 0.343 -180.000
14.050 0.000 -0.139 0.336 -180.000
14.100 0.000 -0.158 0.333 -180.000
14.150 0.000 -0.163 0.333 -180.000
14.200 0.000 -0.155 0.333 -180.000
14.250 0.000 -0.134 0.333 -180.000
14.300 0.000 -0.103 0.333 -180.000
14.350 0.000 -0.062 0.333 -180.000
14.400 0.000 -0.018 0.333 -180.000
14.450 0.000 0.028 0.333 -180.000
14.500 0.000 0.070 0.333 -180.000
14.550 0.000 0.106 0.333 -180.000
14.600 0.000 0.130 0.327 -180.000
14.650 0.000 0.141 0.327 -180.000
14.700 0.000 0.137 0.327 -180.000
14.750 0.000 0.120 0.327 -180.000
14.800 0.000 0.089 0.327 -180.000
14.850 0.000 0.050 0.327 -180.000
14.900 0.000 0.008 0.327 -180.000
14.950 0.000 -0.036 0.327 -180.000
15.000 0.000 -0.079 0.327 -180.000
15.050 0.000 -0.114 0.327 -180.000
15.100 0.000 -0.139 0.319 -180.000
15.150 0.000 -0.152 0.319 -180.000
15.200 0.000 -0.154 0.319 -180.000
15.250 0.000 -0.143 0.319 -180.000
15.300 0.000 -0.121 0.319 -180.000
15.350 0.000 -0.087 0.319 -180.000
15.400 0.000 -0.047 0.319 -180.000
15.450 0.000 -0.004 0.319 -180.000
15.500 0.000 0.038 0.319 -180.000
15.550 0.000 0.078 0.319 -180.000
15.600 0.000 0.108 0.315 -180.000
15.650 0.000 0.127 0.312 -180.000
15.700 0.000 0.133 0.312 -180.000
15.750 0.000 0.126 0.312 -180.000
15.800 0.000 0.105 0.312 -180.000
15.850 0.000 0.074 0.312 -180.000
15.900 0.000 0.034 0.312 -180.000
15.950 0.000 -0.007 0.312 -180.000
16.000 0.000 -0.049 0.312 -180.000
16.050 0.000 -0.087 0.312 -180.000
16.100 0.000 -0.118 0.312 -180.000
16.150 0.000 -0.138 0.304 -180.000
16.200 0.000 -0.149 0.304 -180.000
16.250 0.000 -0.146 0.304 -180.000
16.300 0.000 -0.130 0.304 -180.000
16.350 0.000 -0.106 0.304 -180.000
16.400 0.000 -0.072 0.304 -180.000
16.450 0.000 -0.032 0.304 -180.000
16.500 0.000 0.008 0.304 -180.000
16.550 0.000 0.048 0.304 -180.000
16.600 0.000 0.083 0.304 -180.000
16.650 0.000 0.109 0.296 -180.000
16.700 0.000 0.124 0.295 -180.000
16.750 0.000 0.125 0.295 -180.000
16.800 0.000 0.114 0.295 -180.000
16.850 0.000 0.092 0.295 -180.000
16.900 0.000 0.058 0.295 -180.000
16.950 0.000 0.020 0.295 -180.000
17.000 0.000 -0.020 0.295 -180.000
17.050 0.000 -0.059 0.295 -180.000
17.100 0.000 -0.094 0.295 -180.000
17.150 0.000 -0.120 0.292 -180.000
17.200 0.000 -0.137 0.287 -180.000
17.250 0.000 -0.142 0.287 -180.000
17.300 0.000 -0.136 0.287 -180.000
17.350 0.000 -0.119 0.287 -180.000
17.400 0.000 -0.092 0.287 -180.000
17.450 0.000 -0.058 0.287 -180.000
17.500 0.000 -0.019 0.287 -180.000
17.550 0.000 0.019 0.287 -180.000
17.600 0.000 0.056 0.287 -180.000
17.650 0.000 0.088 0.287 -180.000
17.700 0.000 0.110 0.282 -180.000
17.750 0.000 0.119 0.282 -180.000
17.800 0.000 0.117 0.282 -180.000
17.850 0.000 0.103 0.282 -180.000
17.900 0.000 0.077 0.282 -180.000
17.950 0.000 0.044 0.282 -180.000
18.000 0.000 0.007 0.282 -180.000
18.050 0.000 -0.031 0.282 -180.000
18.100 0.000 -0.068 0.282 -180.000
18.150 0.000 -0.099 0.282 -180.000
18.200 0.000 -0.121 0.275 -180.000
18.250 0.000 -0.135 0.274 -180.000
18.300 0.000 -0.136 0.274 -180.000
18.350 0.000 -0.127 0.274 -180.000
18.400 0.000 -0.107 0.274 -180.000
18.450 0.000 -0.078 0.274 -180.000
18.500 0.000 -0.044 0.274 -180.000
18.550 0.000 -0.007 0.274 -180.000
18.600 0.000 0.029 0.274 -180.000
18.650 0.000 0.063 0.274 -180.000
18.700 0.000 0.090 0.271 -180.000
18.750 0.000 0.107 0.268 -180.000
18.800 0.000 0.113 0.268 -180.000
18.850 0.000 0.107 0.268 -180.000
18.900 0.000 0.090 0.268 -180.000
18.950 0.000 0.063 0.268 -180.000
19.000 0.000 0.030 0.268 -180.000
19.050 0.000 -0.006 0.268 -180.000
19.100 0.000 -0.042 0.268 -180.000
19.150 0.000 -0.075 0.268 -180.000
19.200 0.000 -0.103 0.268 -180.000
19.250 0.000 -0.123 0.262 -180.000
19.300 0.000 -0.130 0.262 -180.000
19.350 0.000 -0.129 0.262 -180.000
19.400 0.000 -0.116 0.262 -180.000
19.450 0.000 -0.095 0.262 -180.000
19.500 0.000 -0.066 0.262 -180.000
19.550 0.000 -0.032 0.262 -180.000
19.600 0.000 0.003 0.262 -180.000
19.650 0.000 0.037 0.262 -180.000
19.700 0.000 0.068 0.262 -180.000
19.750 0.000 0.091 0.256 -180.000
19.800 0.000 0.104 0.256 -180.000
19.850 0.000 0.107 0.256 -180.000
19.900 0.000 0.097 0.256 -180.000
19.950 0.000 0.077 0.256 -180.000
20.000 0.000 0.051 0.256 -180.000
20.050 0.000 0.017 0.256 -180.000
20.100 0.000 -0.016 0.256 -180.000
20.150 0.000 -0.051 0.256 -180.000
20.200 0.000 -0.082 0.256 -180.000
20.250 0.000 -0.106 0.253 -180.000
20.300 0.000 -0.121 0.249 -180.000
20.350 0.000 -0.126 0.249 -180.000
20.400 0.000 -0.121 0.249 -180.000
20.450 0.000 -0.106 0.249 -180.000
20.500 0.000 -0.084 0.249 -180.000
20.550 0.000 -0.054 0.249 -180.000
20.600 0.000 -0.021 0.249 -180.000
20.650 0.000 0.013 0.249 -180.000
20.700 0.000 0.045 0.249 -180.000
20.750 0.000 0.071 0.249 -180.000
20.800 0.000 0.091 0.243 -180.000
20.850 0.000 0.101 0.243 -180.000
20.900 0.000 0.099 0.243 -180.000
20.950 0.000 0.087 0.243 -180.000
21.000 0.000 0.065 0.243 -180.000
21.050 0.000 0.037 0.243 -180.000
21.100 0.000 0.006 0.243 -180.000
21.150 0.000 -0.027 0.243 -180.000
21.200 0.000 -0.060 0.243 -180.000
21.250 0.000 -0.087 0.243 -180.000
21.300 0.000 -0.108 0.237 -180.000
21.350 0.000 -0.119 0.237 -180.000
21.400 0.000 -0.120 0.237 -180.000
21.450 0.000 -0.113 0.237 -180.000
21.500 0.000 -0.095 0.237 -180.000
21.550 0.000 -0.072 0.237 -180.000
21.600 0.000 -0.042 0.237 -180.000
21.650 0.000 -0.010 0.237 -180.000
21.700 0.000 0.022 0.237 -180.000
21.750 0.000 0.051 0.237 -180.000
21.800 0.000 0.075 0.235 -180.000
21.850 0.000 0.090 0.232 -180.000
21.900 0.000 0.096 0.232 -180.000
21.950 0.000 0.091 0.232 -180.000
22.000 0.000 0.077 0.232 -180.000
22.050 0.000 0.054 0.232 -180.000
22.100 0.000 0.025 0.232 -180.000
22.150 0.000 -0.005 0.232 -180.000
22.200 0.000 -0.037 0.232 -180.000
22.250 0.000 -0.066 0.232 -180.000
22.300 0.000 -0.091 0.232 -180.000
22.350 0.000 -0.106 0.226 -180.000
22.400 0.000 -0.115 0.226 -180.000
22.450 0.000 -0.115 0.226 -180.000
22.500 0.000 -0.104 0.226 -180.000
22.550 0.000 -0.086 0.226 -180.000
22.600 0.000 -0.060 0.226 -180.000
22.650 0.000 -0.031 0.226 -180.000
22.700 0.000 0.000 0.226 -180.000
22.750 0.000 0.029 0.226 -180.000
22.800 0.000 0.056 0.226 -180.000
22.850 0.000 0.076 0.222 -180.000
22.900 0.000 0.089 0.221 -180.000
22.950 0.000 0.090 0.221 -180.000
23.000 0.000 0.082 0.221 -180.000
23.050 0.000 0.066 0.221 -180.000
23.100 0.000 0.042 0.221 -180.000
23.150 0.000 0.015 0.221 -180.000
23.200 0.000 -0.015 0.221 -180.000
23.250 0.000 -0.046 0.221 -180.000
23.300 0.000 -0.072 0.221 -180.000
23.350 0.000 -0.092 0.220 -180.000
23.400 0.000 -0.105 0.216 -180.000
23.450 0.000 -0.111 0.216 -180.000
23.500 0.000 -0.107 0.216 -180.000
23.550 0.000 -0.095 0.216 -180.000
23.600 0.000 -0.074 0.216 -180.000
23.650 0.000 -0.050 0.216 -180.000
23.700 0.000 -0.021 0.216 -180.000
23.750 0.000 0.008 0.216 -180.000
23.800 0.000 0.035 0.216 -180.000
23.850 0.000 0.059 0.216 -180.000
23.900 0.000 0.077 0.211 -180.000
23.950 0.000 0.085 0.211 -180.000
24.000 0.000 0.084 0.211 -180.000
24.050 0.000 0.074 0.211 -180.000
24.100 0.000 0.056 0.211 -180.000
24.150 0.000 0.033 0.211 -180.000
24.200 0.000 0.004 0.211 -180.000
24.250 0.000 -0.024 0.211 -180.000
24.300 0.000 -0.051 0.211 -180.000
24.350 0.000 -0.075 0.211 -180.000
24.400 0.000 -0.093 0.206 -180.000
24.450 0.000 -0.104 0.205 -180.000
24.500 0.000 -0.105 0.205 -180.000
24.550 0.000 -0.100 0.205 -180.000
24.600 0.000 -0.085 0.205 -180.000
24.650 0.000 -0.065 0.205 -180.000
24.700 0.000 -0.039 0.205 -180.000
24.750 0.000 -0.011 0.205 -180.000
24.800 0.000 0.016 0.205 -180.000
24.850 0.000 0.041 0.205 -180.000
24.900 0.000 0.063 0.204 -180.000
24.950 0.000 0.076 0.201 -180.000
25.000 0.000 0.081 0.201 -180.000
25.050 0.000 0.078 0.201 -180.000
25.100 0.000 0.066 0.201 -180.000
25.150 0.000 0.046 0.201 -180.000
25.200 0.000 0.022 0.201 -180.000
25.250 0.000 -0.005 0.201 -180.000
25.300 0.000 -0.031 0.201 -180.000
25.350 0.000 -0.057 0.201 -180.000
25.400 0.000 -0.079 0.201 -180.000
25.450 0.000 -0.094 0.196 -180.000
25.500 0.000 -0.101 0.196 -180.000
25.550 0.000 -0.101 0.196 -180.000
25.600 0.000 -0.092 0.196 -180.000
25.650 0.000 -0.077 0.196 -180.000
25.700 0.000 -0.055 0.196 -180.000
25.750 0.000 -0.030 0.196 -180.000
25.800 0.000 -0.002 0.196 -180.000
25.850 0.000 0.022 0.196 -180.000
25.900 0.000 0.046 0.196 -180.000
25.950 0.000 0.064 0.191 -180.000
26.000 0.000 0.074 0.189 -180.000
26.050 0.000 0.077 0.189 -180.000
26.100 0.000 0.071 0.189 -180.000
26.150 0.000 0.057 0.189 -180.000
26.200 0.000 0.036 0.189 -180.000
26.250 0.000 0.013 0.189 -180.000
26.300 0.000 -0.013 0.189 -180.000
26.350 0.000 -0.039 0.189 -180.000
26.400 0.000 -0.061 0.189 -180.000
26.450 0.000 -0.080 0.189 -180.000
26.500 0.000 -0.093 0.186 -180.000
26.550 0.000 -0.098 0.186 -180.000
26.600 0.000 -0.095 0.186 -180.000
26.650 0.000 -0.084 0.186 -180.000
26.700 0.000 -0.067 0.186 -180.000
26.750 0.000 -0.045 0.186 -180.000
26.800 0.000 -0.020 0.186 -180.000
26.850 0.000 0.005 0.186 -180.000
26.900 0.000 0.029 0.186 -180.000
26.950 0.000 0.049 0.186 -180.000
27.000 0.000 0.064 0.182 -180.000
27.050 0.000 0.071 0.182 -180.000
27.100 0.000 0.071 0.182 -180.000
27.150 0.000 0.063 0.182 -180.000
27.200 0.000 0.048 0.182 -180.000
27.250 0.000 0.027 0.182 -180.000
27.300 0.000 0.004 0.182 -180.000
27.350 0.000 -0.022 0.182 -180.000
27.400 0.000 -0.045 0.182 -180.000
27.450 0.000 -0.066 0.182 -180.000
27.500 0.000 -0.082 0.178 -180.000
27.550 0.000 -0.092 0.177 -180.000
27.600 0.000 -0.093 0.177 -180.000
27.650 0.000 -0.089 0.177 -180.000
27.700 0.000 -0.077 0.177 -180.000
27.750 0.000 -0.060 0.177 -180.000
27.800 0.000 -0.036 0.177 -180.000
27.850 0.000 -0.012 0.177 -180.000
27.900 0.000 0.011 0.177 -180.000
27.950 0.000 0.033 0.177 -180.000
28.000 0.000 0.052 0.177 -180.000
28.050 0.000 0.064 0.174 -180.000
28.100 0.000 0.068 0.174 -180.000
28.150 0.000 0.066 0.174 -180.000
28.200 0.000 0.056 0.174 -180.000
28.250 0.000 0.038 0.174 -180.000
28.300 0.000 0.018 0.174 -180.000
28.350 0.000 -0.004 0.174 -180.000
28.400 0.000 -0.028 0.174 -180.000
28.450 0.000 -0.051 0.174 -180.000
28.500 0.000 -0.070 0.174 -180.000
28.550 0.000 -0.083 0.169 -180.000
28.600 0.000 -0.089 0.169 -180.000
28.650 0.000 -0.090 0.169 -180.000
28.700 0.000 -0.082 0.169 -180.000
28.750 0.000 -0.069 0.169 -180.000
28.800 0.000 -0.050 0.169 -180.000
28.850 0.000 -0.028 0.169 -180.000
28.900 0.000 -0.005 0.169 -180.000
28.950 0.000 0.016 0.169 -180.000
29.000 0.000 0.037 0.169 -180.000
29.050 0.000 0.053 0.167 -180.000
29.100 0.000 0.061 0.164 -180.000
29.150 0.000 0.064 0.164 -180.000
29.200 0.000 0.059 0.164 -180.000
29.250 0.000 0.048 0.164 -180.000
29.300 0.000 0.031 0.164 -180.000
29.350 0.000 0.010 0.164 -180.000
29.400 0.000 -0.012 0.164 -180.000
29.450 0.000 -0.035 0.164 -180.000
29.500 0.000 -0.055 0.164 -180.000
29.550 0.000 -0.072 0.164 -180.000
29.600 0.000 -0.082 0.161 -180.000
29.650 0.000 -0.087 0.161 -180.000
29.700 0.000 -0.084 0.161 -180.000
29.750 0.000 -0.076 0.161 -180.000
29.800 0.000 -0.061 0.161 -180.000
29.850 0.000 -0.042 0.161 -180.000
29.900 0.000 -0.021 0.161 -180.000
29.950 0.000 0.002 0.161 -180.000
30.000 0.000 0.022 0.161 -180.000
30.050 0.000 0.041 0.161 -180.000
30.100 0.000 0.054 0.159 -180.000
30.150 0.000 0.060 0.159 -180.000
30.200 0.000 0.060 0.159 -180.000
30.250 0.000 0.052 0.159 -180.000
30.300 0.000 0.040 0.159 -180.000
30.350 0.000 0.022 0.159 -180.000
30.400 0.000 0.002 0.159 -180.000
30.450 0.000 -0.020 0.159 -180.000
30.500 0.000 -0.040 0.159 -180.000
30.550 0.000 -0.059 0.159 -180.000
30.600 0.000 -0.072 0.156 -180.000
30.650 0.000 -0.081 0.155 -180.000
30.700 0.000 -0.084 0.155 -180.000
30.750 0.000 -0.079 0.155 -180.000
30.800 0.000 -0.069 0.155 -180.000
30.850 0.000 -0.053 0.155 -180.000
30.900 0.000 -0.034 0.155 -180.000
30.950 0.000 -0.014 0.155 -180.000
31.000 0.000 0.007 0.155 -180.000
31.050 0.000 0.026 0.155 -180.000
31.100 0.000 0.043 0.155 -180.000
31.150 0.000 0.053 0.151 -180.000
31.200 0.000 0.058 0.151 -180.000
31.250 0.000 0.056 0.151 -180.000
31.300 0.000 0.047 0.151 -180.000
31.350 0.000 0.033 0.151 -180.000
31.400 0.000 0.015 0.151 -180.000
31.450 0.000 -0.005 0.151 -180.000
31.500 0.000 -0.026 0.151 -180.000
31.550 0.000 -0.045 0.151 -180.000
31.600 0.000 -0.061 0.151 -180.000
31.650 0.000 -0.073 0.147 -180.000
31.700 0.000 -0.079 0.147 -180.000
31.750 0.000 -0.079 0.147 -180.000
31.800 0.000 -0.073 0.147 -180.000
31.850 0.000 -0.062 0.147 -180.000
31.900 0.000 -0.044 0.147 -180.000
31.950 0.000 -0.027 0.147 -180.000
32.000 0.000 -0.007 0.147 -180.000
32.050 0.000 0.012 0.147 -180.000
32.100 0.000 0.030 0.147 -180.000
32.150 0.000 0.043 0.145 -180.000
32.200 0.000 0.052 0.144 -180.000
32.250 0.000 0.054 0.144 -180.000
32.300 0.000 0.049 0.144 -180.000
32.350 0.000 0.040 0.144 -180.000
32.400 0.000 0.025 0.144 -180.000
32.450 0.000 0.007 0.144 -180.000
32.500 0.000 -0.011 0.144 -180.000
32.550 0.000 -0.031 0.144 -180.000
32.600 0.000 -0.049 0.144 -180.000
32.650 0.000 -0.064 0.144 -180.000
32.700 0.000 -0.074 0.142 -180.000
32.750 0.000 -0.076 0.142 -180.000
32.800 0.000 -0.075 0.142 -180.000
32.850 0.000 -0.068 0.142 -180.000
32.900 0.000 -0.055 0.142 -180.000
32.950 0.000 -0.039 0.142 -180.000
33.000 0.000 -0.019 0.142 -180.000
33.050 0.000 -0.002 0.142 -180.000
33.100 0.000 0.016 0.142 -180.000
33.150 0.000 0.032 0.142 -180.000
33.200 0.000 0.044 0.137 -180.000
33.250 0.000 0.050 0.137 -180.000
33.300 0.000 0.051 0.137 -180.000
33.350 0.000 0.045 0.137 -180.000
33.400 0.000 0.033 0.137 -180.000
33.450 0.000 0.018 0.137 -180.000
33.500 0.000 0.002 0.137 -180.000
33.550 0.000 -0.018 0.137 -180.000
33.600 0.000 -0.036 0.137 -180.000
33.650 0.000 -0.052 0.137 -180.000
33.700 0.000 -0.064 0.135 -180.000
33.750 0.000 -0.072 0.134 -180.000
33.800 0.000 -0.074 0.134 -180.000
33.850 0.000 -0.071 0.134 -180.000
33.900 0.000 -0.062 0.134 -180.000
33.950 0.000 -0.049 0.134 -180.000
34.000 0.000 -0.031 0.134 -180.000
34.050 0.000 -0.014 0.134 -180.000
34.100 0.000 0.005 0.134 -180.000
34.150 0.000 0.020 0.134 -180.000
34.200 0.000 0.034 0.134 -180.000
34.250 0.000 0.043 0.130 -180.000
34.300 0.000 0.048 0.130 -180.000
34.350 0.000 0.045 0.130 -180.000
34.400 0.000 0.039 0.130 -180.000
34.450 0.000 0.026 0.130 -180.000
34.500 0.000 0.012 0.130 -180.000
34.550 0.000 -0.005 0.130 -180.000
34.600 0.000 -0.024 0.130 -180.000
34.650 0.000 -0.040 0.130 -180.000
34.700 0.000 -0.055 0.130 -180.000
34.750 0.000 -0.066 0.127 -180.000
34.800 0.000 -0.070 0.127 -180.000
34.850 0.000 -0.071 0.127 -180.000
34.900 0.000 -0.065 0.127 -180.000
34.950 0.000 -0.056 0.127 -180.000
35.000 0.000 -0.042 0.127 -180.000
35.050 0.000 -0.026 0.127 -180.000
35.100 0.000 -0.009 0.127 -180.000
35.150 0.000 0.009 0.127 -180.000
35.200 0.000 0.023 0.127 -180.000
35.250 0.000 0.037 0.126 -180.000
35.300 0.000 0.044 0.125 -180.000
35.350 0.000 0.045 0.125 -180.000
35.400 0.000 0.042 0.125 -180.000
35.450 0.000 0.033 0.125 -180.000
35.500 0.000 0.021 0.125 -180.000
35.550 0.000 0.006 0.125 -180.000
35.600 0.000 -0.011 0.125 -180.000
35.650 0.000 -0.028 0.125 -180.000
35.700 0.000 -0.043 0.125 -180.000
35.750 0.000 -0.056 0.125 -180.000
35.800 0.000 -0.065 0.121 -180.000
35.850 0.000 -0.069 0.121 -180.000
35.900 0.000 -0.067 0.121 -180.000
35.950 0.000 -0.061 0.121 -180.000
36.000 0.000 -0.050 0.121 -180.000
36.050 0.000 -0.036 0.121 -180.000
36.100 0.000 -0.019 0.121 -180.000
36.150 0.000 -0.003 0.121 -180.000
36.200 0.000 0.012 0.121 -180.000
36.250 0.000 0.025 0.121 -180.000
36.300 0.000 0.036 0.119 -180.000
36.350 0.000 0.041 0.119 -180.000
36.400 0.000 0.042 0.119 -180.000
36.450 0.000 0.037 0.119 -180.000
36.500 0.000 0.028 0.119 -180.000
36.550 0.000 0.014 0.119 -180.000
36.600 0.000 -0.000 0.119 -180.000
36.650 0.000 -0.017 0.119 -180.000
36.700 0.000 -0.032 0.119 -180.000
36.750 0.000 -0.047 0.119 -180.000
36.800 0.000 -0.057 0.116 -180.000
36.850 0.000 -0.064 0.116 -180.000
36.900 0.000 -0.066 0.116 -180.000
36.950 0.000 -0.064 0.116 -180.000
37.000 0.000 -0.056 0.116 -180.000
37.050 0.000 -0.045 0.116 -180.000
37.100 0.000 -0.030 0.116 -180.000
37.150 0.000 -0.015 0.116 -180.000
37.200 0.000 0.002 0.116 -180.000
37.250 0.000 0.016 0.116 -180.000
37.300 0.000 0.028 0.116 -180.000
37.350 0.000 0.036 0.114 -180.000
37.400 0.000 0.040 0.114 -180.000
37.450 0.000 0.039 0.114 -180.000
37.500 0.000 0.032 0.114 -180.000
37.550 0.000 0.022 0.114 -180.000
37.600 0.000 0.009 0.114 -180.000
37.650 0.000 -0.006 0.114 -180.000
37.700 0.000 -0.022 0.114 -180.000
37.750 0.000 -0.036 0.114 -180.000
37.800 0.000 -0.049 0.114 -180.000
37.850 0.000 -0.059 0.111 -180.000
37.900 0.000 -0.063 0.111 -180.000
37.950 0.000 -0.064 0.111 -180.000
38.000 0.000 -0.059 0.111 -180.000
38.050 0.000 -0.051 0.111 -180.000
38.100 0.000 -0.039 0.111 -180.000
38.150 0.000 -0.025 0.111 -180.000
38.200 0.000 -0.010 0.111 -180.000
38.250 0.000 0.006 0.111 -180.000
38.300 0.000 0.018 0.111 -180.000
38.350 0.000 0.028 0.109 -180.000
38.400 0.000 0.034 0.108 -180.000
38.450 0.000 0.036 0.108 -180.000
38.500 0.000 0.035 0.108 -180.000
38.550 0.000 0.026 0.108 -180.000
38.600 0.000 0.016 0.108 -180.000
38.650 0.000 0.004 0.108 -180.000
38.700 0.000 -0.011 0.108 -180.000
38.750 0.000 -0.026 0.108 -180.000
38.800 0.000 -0.039 0.108 -180.000
38.850 0.000 -0.051 0.108 -180.000
38.900 0.000 -0.058 0.106 -180.000
38.950 0.000 -0.062 0.106 -180.000
39.000 0.000 -0.060 0.106 -180.000
39.050 0.000 -0.056 0.106 -180.000
39.100 0.000 -0.046 0.106 -180.000
39.150 0.000 -0.033 0.106 -180.000
39.200 0.000 -0.019 0.106 -180.000
39.250 0.000 -0.005 0.106 -180.000
39.300 0.000 0.009 0.106 -180.000
39.350 0.000 0.020 0.106 -180.000
39.400 0.000 0.029 0.103 -180.000
39.450 0.000 0.035 0.103 -180.000
39.500 0.000 0.035 0.103 -180.000
39.550 0.000 0.030 0.103 -180.000
39.600 0.000 0.023 0.103 -180.000
39.650 0.000 0.012 0.103 -180.000
39.700 0.000 -0.001 0.103 -180.000
39.750 0.000 -0.015 0.103 -180.000
39.800 0.000 -0.029 0.103 -180.000
39.850 0.000 -0.043 0.103 -180.000
39.900 0.000 -0.051 0.103 -180.000
39.950 0.000 -0.057 0.100 -180.000
40.000 0.000 -0.060 0.100 -180.000
40.050 0.000 -0.057 0.100 -180.000
40.100 0.000 -0.050 0.100 -180.000
40.150 0.000 -0.040 0.100 -180.000
40.200 0.000 -0.028 0.100 -180.000
40.250 0.000 -0.015 0.100 -180.000
40.300 0.000 -0.000 0.100 -180.000
40.350 0.000 0.011 0.100 -180.000
40.400 0.000 0.022 0.100 -180.000
40.450 0.000 0.030 0.098 -180.000
40.500 0.000 0.033 0.098 -180.000
40.550 0.000 0.031 0.098 -180.000
40.600 0.000 0.027 0.098 -180.000
40.650 0.000 0.017 0.098 -180.000
40.700 0.000 0.007 0.098 -180.000
40.750 0.000 -0.006 0.098 -180.000
40.800 0.000 -0.019 0.098 -180.000
40.850 0.000 -0.032 0.098 -180.000
40.900 0.000 -0.043 0.098 -180.000
40.950 0.000 -0.051 0.097 -180.000
41.000 0.000 -0.056 0.097 -180.000
41.050 0.000 -0.057 0.097 -180.000
41.100 0.000 -0.053 0.097 -180.000
41.150 0.000 -0.046 0.097 -180.000
41.200 0.000 -0.035 0.097 -180.000
41.250 0.000 -0.023 0.097 -180.000
41.300 0.000 -0.010 0.097 -180.000
41.350 0.000 0.003 0.097 -180.000
41.400 0.000 0.014 0.097 -180.000
41.450 0.000 0.023 0.096 -180.000
41.500 0.000 0.028 0.095 -180.000
41.550 0.000 0.029 0.095 -180.000
41.600 0.000 0.028 0.095 -180.000
41.650 0.000 0.022 0.095 -180.000
41.700 0.000 0.013 0.095 -180.000
41.750 0.000 0.002 0.095 -180.000
41.800 0.000 -0.011 0.095 -180.000
41.850 0.000 -0.023 0.095 -180.000
41.900 0.000 -0.035 0.095 -180.000
41.950 0.000 -0.045 0.095 -180.000
42.000 0.000 -0.052 0.092 -180.000
42.050 0.000 -0.055 0.092 -180.000
42.100 0.000 -0.054 0.092 -180.000
42.150 0.000 -0.050 0.092 -180.000
42.200 0.000 -0.041 0.092 -180.000
42.250 0.000 -0.031 0.092 -180.000
42.300 0.000 -0.019 0.092 -180.000
42.350 0.000 -0.005 0.092 -180.000
42.400 0.000 0.007 0.092 -180.000
42.450 0.000 0.015 0.092 -180.000
42.500 0.000 0.023 0.090 -180.000
42.550 0.000 0.028 0.089 -180.000
42.600 0.000 0.029 0.089 -180.000
42.650 0.000 0.025 0.089 -180.000
42.700 0.000 0.019 0.089 -180.000
42.750 0.000 0.009 0.089 -180.000
42.800 0.000 -0.002 0.089 -180.000
42.850 0.000 -0.015 0.089 -180.000
42.900 0.000 -0.027 0.089 -180.000
42.950 0.000 -0.037 0.089 -180.000
43.000 0.000 -0.046 0.088 -180.000
43.050 0.000 -0.052 0.086 -180.000
43.100 0.000 -0.053 0.086 -180.000
43.150 0.000 -0.052 0.086 -180.000
43.200 0.000 -0.046 0.086 -180.000
43.250 0.000 -0.037 0.086 -180.000
43.300 0.000 -0.026 0.086 -180.000
43.350 0.000 -0.016 0.086 -180.000
43.400 0.000 -0.003 0.086 -180.000
43.450 0.000 0.007 0.086 -180.000
43.500 0.000 0.017 0.086 -180.000
43.550 0.000 0.023 0.084 -180.000
43.600 0.000 0.026 0.084 -180.000
43.650 0.000 0.025 0.084 -180.000
43.700 0.000 0.020 0.084 -180.000
43.750 0.000 0.014 0.084 -180.000
43.800 0.000 0.005 0.084 -180.000
43.850 0.000 -0.006 0.084 -180.000
43.900 0.000 -0.018 0.084 -180.000
43.950 0.000 -0.029 0.084 -180.000
44.000 0.000 -0.040 0.084 -180.000
44.050 0.000 -0.046 0.084 -180.000
44.100 0.000 -0.051 0.084 -180.000
44.150 0.000 -0.052 0.084 -180.000
44.200 0.000 -0.048 0.084 -180.000
44.250 0.000 -0.042 0.084 -180.000
44.300 0.000 -0.033 0.084 -180.000
44.350 0.000 -0.022 0.084 -180.000
44.400 0.000 -0.011 0.084 -180.000
44.450 0.000 0.000 0.084 -180.000
44.500 0.000 0.010 0.084 -180.000
44.550 0.000 0.017 0.083 -180.000
44.600 0.000 0.023 0.083 -180.000
44.650 0.000 0.024 0.083 -180.000
44.700 0.000 0.024 0.083 -180.000
44.750 0.000 0.018 0.083 -180.000
44.800 0.000 0.010 0.083 -180.000
44.850 0.000 0.001 0.083 -180.000
44.900 0.000 -0.010 0.083 -180.000
44.950 0.000 -0.022 0.083 -180.000
45.000 0.000 -0.032 0.083 -180.000
45.050 0.000 -0.040 0.083 -180.000
45.100 0.000 -0.047 0.079 -180.000
45.150 0.000 -0.050 0.079 -180.000
45.200 0.000 -0.049 0.079 -180.000
45.250 0.000 -0.045 0.079 -180.000
45.300 0.000 -0.038 0.079 -180.000
45.350 0.000 -0.029 0.079 -180.000
45.400 0.000 -0.019 0.079 -180.000
45.450 0.000 -0.008 0.079 -180.000
45.500 0.000 0.004 0.079 -180.000
45.550 0.000 0.012 0.079 -180.000
45.600 0.000 0.018 0.078 -180.000
45.650 0.000 0.022 0.077 -180.000
45.700 0.000 0.022 0.077 -180.000
45.750 0.000 0.020 0.077 -180.000
45.800 0.000 0.014 0.077 -180.000
45.850 0.000 0.006 0.077 -180.000
45.900 0.000 -0.003 0.077 -180.000
45.950 0.000 -0.014 0.077 -180.000
46.000 0.000 -0.024 0.077 -180.000
46.050 0.000 -0.034 0.077 -180.000
46.100 0.000 -0.042 0.077 -180.000
46.150 0.000 -0.047 0.076 -180.000
46.200 0.000 -0.048 0.076 -180.000
46.250 0.000 -0.046 0.076 -180.000
46.300 0.000 -0.041 0.076 -180.000
46.350 0.000 -0.035 0.076 -180.000
46.400 0.000 -0.025 0.076 -180.000
46.450 0.000 -0.015 0.076 -180.000
46.500 0.000 -0.005 0.076 -180.000
46.550 0.000 0.005 0.076 -180.000
46.600 0.000 0.013 0.076 -180.000
46.650 0.000 0.018 0.074 -180.000
46.700 0.000 0.021 0.074 -180.000
46.750 0.000 0.021 0.074 -180.000
46.800 0.000 0.016 0.074 -180.000
46.850 0.000 0.011 0.074 -180.000
46.900 0.000 0.002 0.074 -180.000
46.950 0.000 -0.008 0.074 -180.000
47.000 0.000 -0.018 0.074 -180.000
47.050 0.000 -0.028 0.074 -180.000
47.100 0.000 -0.036 0.074 -180.000
47.150 0.000 -0.043 0.073 -180.000
47.200 0.000 -0.045 0.072 -180.000
47.250 0.000 -0.047 0.072 -180.000
47.300 0.000 -0.044 0.072 -180.000
47.350 0.000 -0.039 0.072 -180.000
47.400 0.000 -0.031 0.072 -180.000
47.450 0.000 -0.022 0.072 -180.000
47.500 0.000 -0.012 0.072 -180.000
47.550 0.000 -0.002 0.072 -180.000
47.600 0.000 0.007 0.072 -180.000
47.650 0.000 0.013 0.071 -180.000
47.700 0.000 0.018 0.070 -180.000
47.750 0.000 0.019 0.070 -180.000
47.800 0.000 0.018 0.070 -180.000
47.850 0.000 0.013 0.070 -180.000
47.900 0.000 0.007 0.070 -180.000
47.950 0.000 -0.001 0.070 -180.000
48.000 0.000 -0.010 0.070 -180.000
48.050 0.000 -0.020 0.070 -180.000
48.100 0.000 -0.029 0.070 -180.000
48.150 0.000 -0.037 0.070 -180.000
48.200 0.000 -0.043 0.069 -180.000
48.250 0.000 -0.045 0.069 -180.000
48.300 0.000 -0.045 0.069 -180.000
48.350 0.000 -0.042 0.069 -180.000
48.400 0.000 -0.034 0.069 -180.000
48.450 0.000 -0.027 0.069 -180.000
48.500 0.000 -0.018 0.069 -180.000
48.550 0.000 -0.009 0.069 -180.000
48.600 0.000 0.001 0.069 -180.000
48.650 0.000 0.008 0.069 -180.000
48.700 0.000 0.014 0.068 -180.000
48.750 0.000 0.017 0.068 -180.000
48.800 0.000 0.018 0.068 -180.000
48.850 0.000 0.015 0.068 -180.000
48.900 0.000 0.011 0.068 -180.000
48.950 0.000 0.004 0.068 -180.000
49.000 0.000 -0.004 0.068 -180.000
49.050 0.000 -0.014 0.068 -180.000
49.100 0.000 -0.023 0.068 -180.000
49.150 0.000 -0.032 0.068 -180.000
49.200 0.000 -0.038 0.068 -180.000
49.250 0.000 -0.042 0.066 -180.000
49.300 0.000 -0.043 0.066 -180.000
49.350 0.000 -0.043 0.066 -180.000
49.400 0.000 -0.038 0.066 -180.000
49.450 0.000 -0.032 0.066 -180.000
49.500 0.000 -0.023 0.066 -180.000
49.550 0.000 -0.016 0.066 -180.000
49.600 0.000 -0.006 0.066 -180.000
49.650 0.000 0.003 0.066 -180.000
49.700 0.000 0.010 0.066 -180.000
49.750 0.000 0.014 0.064 -180.000
49.800 0.000 0.016 0.064 -180.000
49.850 0.000 0.016 0.064 -180.000
49.900 0.000 0.013 0.064 -180.000
49.950 0.000 0.008 0.064 -180.000
50.000 0.000 0.001 0.064 -180.000
50.050 0.000 -0.007 0.064 -180.000
50.100 0.000 -0.017 0.064 -180.000
50.150 0.000 -0.025 0.064 -180.000
50.200 0.000 -0.032 0.064 -180.000
50.250 0.000 -0.038 0.064 -180.000
50.300 0.000 -0.041 0.064 -180.000
50.350 0.000 -0.042 0.064 -180.000
50.400 0.000 -0.040 0.064 -180.000
50.450 0.000 -0.035 0.064 -180.000
50.500 0.000 -0.029 0.064 -180.000
50.550 0.000 -0.022 0.064 -180.000
50.600 0.000 -0.012 0.064 -180.000
50.650 0.000 -0.003 0.064 -180.000
50.700 0.000 0.005 0.064 -180.000
50.750 0.000 0.010 0.063 -180.000
50.800 0.000 0.013 0.062 -180.000
50.850 0.000 0.015 0.062 -180.000
50.900 0.000 0.013 0.062 -180.000
50.950 0.000 0.011 0.062 -180.000
51.000 0.000 0.005 0.062 -180.000
51.050 0.000 -0.004 0.062 -180.000
51.100 0.000 -0.012 0.062 -180.000
51.150 0.000 -0.020 0.062 -180.000
51.200 0.000 -0.028 0.062 -180.000
51.250 0.000 -0.034 0.062 -180.000
51.300 0.000 -0.039 0.060 -180.000
51.350 0.000 -0.041 0.060 -180.000
51.400 0.000 -0.041 0.060 -180.000
51.450 0.000 -0.037 0.060 -180.000
51.500 0.000 -0.032 0.060 -180.000
51.550 0.000 -0.027 0.060 -180.000
51.600 0.000 -0.019 0.060 -180.000
51.650 0.000 -0.010 0.060 -180.000
51.700 0.000 -0.001 0.060 -180.000
51.750 0.000 0.006 0.060 -180.000
51.800 0.000 0.010 0.059 -180.000
51.850 0.000 0.012 0.059 -180.000
51.900 0.000 0.013 0.059 -180.000
51.950 0.000 0.012 0.059 -180.000
52.000 0.000 0.008 0.059 -180.000
52.050 0.000 0.002 0.059 -180.000
52.100 0.000 -0.006 0.059 -180.000
52.150 0.000 -0.014 0.059 -180.000
52.200 0.000 -0.022 0.059 -180.000
52.250 0.000 -0.028 0.059 -180.000
52.300 0.000 -0.035 0.058 -180.000
52.350 0.000 -0.039 0.057 -180.000
52.400 0.000 -0.041 0.057 -180.000
52.450 0.000 -0.039 0.057 -180.000
52.500 0.000 -0.036 0.057 -180.000
52.550 0.000 -0.030 0.057 -180.000
52.600 0.000 -0.023 0.057 -180.000
52.650 0.000 -0.016 0.057 -180.000
52.700 0.000 -0.007 0.057 -180.000
52.750 0.000 0.000 0.057 -180.000
52.800 0.000 0.006 0.057 -180.000
52.850 0.000 0.010 0.056 -180.000
52.900 0.000 0.012 0.056 -180.000
52.950 0.000 0.012 0.056 -180.000
53.000 0.000 0.010 0.056 -180.000
53.050 0.000 0.004 0.056 -180.000
53.100 0.000 -0.001 0.056 -180.000
53.150 0.000 -0.009 0.056 -180.000
53.200 0.000 -0.016 0.056 -180.000
53.250 0.000 -0.024 0.056 -180.000
53.300 0.000 -0.030 0.056 -180.000
53.350 0.000 -0.036 0.055 -180.000
53.400 0.000 -0.039 0.054 -180.000
53.450 0.000 -0.038 0.054 -180.000
53.500 0.000 -0.037 0.054 -180.000
53.550 0.000 -0.033 0.054 -180.000
53.600 0.000 -0.027 0.054 -180.000
53.650 0.000 -0.020 0.054 -180.000
53.700 0.000 -0.013 0.054 -180.000
53.750 0.000 -0.006 0.054 -180.000
53.800 0.000 0.001 0.054 -180.000
53.850 0.000 0.007 0.054 -180.000
53.900 0.000 0.010 0.054 -180.000
53.950 0.000 0.012 0.054 -180.000
54.000 0.000 0.011 0.054 -180.000
54.050 0.000 0.008 0.054 -180.000
54.100 0.000 0.003 0.054 -180.000
54.150 0.000 -0.004 0.054 -180.000
54.200 0.000 -0.011 0.054 -180.000
54.250 0.000 -0.019 0.054 -180.000
54.300 0.000 -0.025 0.054 -180.000
54.350 0.000 -0.032 0.054 -180.000
54.400 0.000 -0.035 0.053 -180.000
54.450 0.000 -0.037 0.053 -180.000
54.500 0.000 -0.037 0.053 -180.000
54.550 0.000 -0.035 0.053 -180.000
54.600 0.000 -0.030 0.053 -180.000
54.650 0.000 -0.024 0.053 -180.000
54.700 0.000 -0.018 0.053 -180.000
54.750 0.000 -0.011 0.053 -180.000
54.800 0.000 -0.003 0.053 -180.000
54.850 0.000 0.003 0.053 -180.000
54.900 0.000 0.008 0.052 -180.000
54.950 0.000 0.010 0.051 -180.000
55.000 0.000 0.010 0.051 -180.000
55.050 0.000 0.009 0.051 -180.000
55.100 0.000 0.006 0.051 -180.000
55.150 0.000 0.001 0.051 -180.000
55.200 0.000 -0.006 0.051 -180.000
55.250 0.000 -0.015 0.051 -180.000
55.300 0.000 -0.021 0.051 -180.000
55.350 0.000 -0.027 0.051 -180.000
55.400 0.000 -0.032 0.051 -180.000
55.450 0.000 -0.035 0.051 -180.000
55.500 0.000 -0.036 0.051 -180.000
55.550 0.000 -0.035 0.051 -180.000
55.600 0.000 -0.032 0.051 -180.000
55.650 0.000 -0.028 0.051 -180.000
55.700 0.000 -0.022 0.051 -180.000
55.750 0.000 -0.015 0.051 -180.000
55.800 0.000 -0.008 0.051 -180.000
55.850 0.000 -0.002 0.051 -180.000
55.900 0.000 0.004 0.051 -180.000
55.950 0.000 0.007 0.049 -180.000
56.000 0.000 0.009 0.049 -180.000
56.050 0.000 0.009 0.049 -180.000
56.100 0.000 0.008 0.049 -180.000
56.150 0.000 0.003 0.049 -180.000
56.200 0.000 -0.002 0.049 -180.000
56.250 0.000 -0.009 0.049 -180.000
56.300 0.000 -0.016 0.049 -180.000
56.350 0.000 -0.022 0.049 -180.000
56.400 0.000 -0.027 0.049 -180.000
56.450 0.000 -0.030 0.048 -180.000
56.500 0.000 -0.033 0.048 -180.000
56.550 0.000 -0.035 0.048 -180.000
56.600 0.000 -0.033 0.048 -180.000
56.650 0.000 -0.030 0.048 -180.000
56.700 0.000 -0.025 0.048 -180.000
56.750 0.000 -0.020 0.048 -180.000
56.800 0.000 -0.013 0.048 -180.000
56.850 0.000 -0.006 0.048 -180.000
56.900 0.000 0.000 0.048 -180.000
56.950 0.000 0.004 0.047 -180.000
57.000 0.000 0.008 0.047 -180.000
57.050 0.000 0.009 0.047 -180.000
57.100 0.000 0.008 0.047 -180.000
57.150 0.000 0.006 0.047 -180.000
57.200 0.000 0.001 0.047 -180.000
57.250 0.000 -0.005 0.047 -180.000
57.300 0.000 -0.011 0.047 -180.000
57.350 0.000 -0.017 0.047 -180.000
57.400 0.000 -0.024 0.047 -180.000
57.450 0.000 -0.028 0.046 -180.000
57.500 0.000 -0.032 0.045 -180.000
57.550 0.000 -0.034 0.045 -180.000
57.600 0.000 -0.034 0.045 -180.000
57.650 0.000 -0.032 0.045 -180.000
57.700 0.000 -0.028 0.045 -180.000
57.750 0.000 -0.024 0.045 -180.000
57.800 0.000 -0.017 0.045 -180.000
57.850 0.000 -0.011 0.045 -180.000
57.900 0.000 -0.004 0.045 -180.000
57.950 0.000 0.001 0.045 -180.000
58.000 0.000 0.005 0.044 -180.000
58.050 0.000 0.007 0.044 -180.000
58.100 0.000 0.008 0.044 -180.000
58.150 0.000 0.007 0.044 -180.000
58.200 0.000 0.003 0.044 -180.000
58.250 0.000 -0.001 0.044 -180.000
58.300 0.000 -0.007 0.044 -180.000
58.350 0.000 -0.013 0.044 -180.000
58.400 0.000 -0.019 0.044 -180.000
58.450 0.000 -0.025 0.044 -180.000
58.500 0.000 -0.029 0.044 -180.000
58.550 0.000 -0.032 0.044 -180.000
58.600 0.000 -0.033 0.044 -180.000
58.650 0.000 -0.033 0.044 -180.000
58.700 0.000 -0.030 0.044 -180.000
58.750 0.000 -0.026 0.044 -180.000
58.800 0.000 -0.021 0.044 -180.000
58.850 0.000 -0.016 0.044 -180.000
58.900 0.000 -0.009 0.044 -180.000
58.950 0.000 -0.004 0.044 -180.000
59.000 0.000 0.002 0.044 -180.000
59.050 0.000 0.005 0.043 -180.000
59.100 0.000 0.007 0.043 -180.000
59.150 0.000 0.007 0.043 -180.000
59.200 0.000 0.006 0.043 -180.000
59.250 0.000 0.001 0.043 -180.000
59.300 0.000 -0.003 0.043 -180.000
59.350 0.000 -0.009 0.043 -180.000
59.400 0.000 -0.015 0.043 -180.000
59.450 0.000 -0.021 0.043 -180.000
59.500 0.000 -0.025 0.043 -180.000
59.550 0.000 -0.028 0.042 -180.000
59.600 0.000 -0.031 0.042 -180.000
59.650 0.000 -0.032 0.042 -180.000
59.700 0.000 -0.030 0.042 -180.000
59.750 0.000 -0.028 0.042 -180.000
59.800 0.000 -0.023 0.042 -180.000
59.850 0.000 -0.019 0.042 -180.000
59.900 0.000 -0.012 0.042 -180.000
59.950 0.000 -0.007 0.042 -180.000
60.000 0.000 -0.002 0.042 -180.000
60.050 0.000 0.003 0.042 -180.000
60.100 0.000 0.007 0.041 -180.000
60.150 0.000 0.007 0.041 -180.000
60.200 0.000 0.006 0.041 -180.000
60.250 0.000 0.004 0.041 -180.000
60.300 0.000 0.000 0.041 -180.000
60.350 0.000 -0.005 0.041 -180.000
60.400 0.000 -0.011 0.041 -180.000
60.450 0.000 -0.016 0.041 -180.000
60.500 0.000 -0.021 0.041 -180.000
60.550 0.000 -0.025 0.041 -180.000
60.600 0.000 -0.029 0.041 -180.000
60.650 0.000 -0.031 0.041 -180.000
60.700 0.000 -0.031 0.041 -180.000
60.750 0.000 -0.029 0.041 -180.000
60.800 0.000 -0.026 0.041 -180.000
60.850 0.000 -0.022 0.041 -180.000
60.900 0.000 -0.016 0.041 -180.000
60.950 0.000 -0.011 0.041 -180.000
61.000 0.000 -0.006 0.041 -180.000
61.050 0.000 -0.000 0.041 -180.000
61.100 0.000 0.004 0.040 -180.000
61.150 0.000 0.005 0.040 -180.000
61.200 0.000 0.005 0.040 -180.000
61.250 0.000 0.005 0.040 -180.000
61.300 0.000 0.002 0.040 -180.000
61.350 0.000 -0.003 0.040 -180.000
61.400 0.000 -0.007 0.040 -180.000
61.450 0.000 -0.013 0.040 -180.000
61.500 0.000 -0.018 0.040 -180.000
61.550 0.000 -0.024 0.040 -180.000
61.600 0.000 -0.027 0.039 -180.000
61.650 0.000 -0.030 0.039 -180.000
61.700 0.000 -0.030 0.039 -180.000
61.750 0.000 -0.030 0.039 -180.000
61.800 0.000 -0.027 0.039 -180.000
61.850 0.000 -0.025 0.039 -180.000
61.900 0.000 -0.020 0.039 -180.000
61.950 0.000 -0.015 0.039 -180.000
62.000 0.000 -0.009 0.039 -180.000
62.050 0.000 -0.004 0.039 -180.000
62.100 0.000 -0.000 0.039 -180.000
62.150 0.000 0.003 0.038 -180.000
62.200 0.000 0.005 0.038 -180.000
62.250 0.000 0.005 0.038 -180.000
62.300 0.000 0.003 0.038 -180.000
62.350 0.000 -0.000 0.038 -180.000
62.400 0.000 -0.004 0.038 -180.000
62.450 0.000 -0.010 0.038 -180.000
62.500 0.000 -0.014 0.038 -180.000
62.550 0.000 -0.020 0.038 -180.000
62.600 0.000 -0.024 0.038 -180.000
62.650 0.000 -0.027 0.038 -180.000
62.700 0.000 -0.028 0.037 -180.000
62.750 0.000 -0.030 0.037 -180.000
62.800 0.000 -0.028 0.037 -180.000
62.850 0.000 -0.026 0.037 -180.000
62.900 0.000 -0.022 0.037 -180.000
62.950 0.000 -0.018 0.037 -180.000
63.000 0.000 -0.013 0.037 -180.000
63.050 0.000 -0.008 0.037 -180.000
63.100 0.000 -0.003 0.037 -180.000
63.150 0.000 -0.000 0.036 -180.000
63.200 0.000 0.003 0.036 -180.000
63.250 0.000 0.004 0.036 -180.000
63.300 0.000 0.004 0.036 -180.000
63.350 0.000 0.001 0.036 -180.000
63.400 0.000 -0.002 0.036 -180.000
63.450 0.000 -0.006 0.036 -180.000
63.500 0.000 -0.011 0.036 -180.000
63.550 0.000 -0.016 0.036 -180.000
63.600 0.000 -0.020 0.036 -180.000
63.650 0.000 -0.024 0.036 -180.000
63.700 0.000 -0.026 0.036 -180.000
63.750 0.000 -0.029 0.036 -180.000
63.800 0.000 -0.028 0.036 -180.000
63.850 0.000 -0.027 0.036 -180.000
63.900 0.000 -0.024 0.036 -180.000
63.950 0.000 -0.021 0.036 -180.000
64.000 0.000 -0.016 0.036 -180.000
64.050 0.000 -0.012 0.036 -180.000
64.100 0.000 -0.006 0.036 -180.000
64.150 0.000 -0.003 0.036 -180.000
64.200 0.000 0.001 0.036 -180.000
64.250 0.000 0.002 0.035 -180.000
64.300 0.000 0.004 0.035 -180.000
64.350 0.000 0.003 0.035 -180.000
64.400 0.000 -0.000 0.035 -180.000
64.450 0.000 -0.004 0.035 -180.000
64.500 0.000 -0.007 0.035 -180.000
64.550 0.000 -0.012 0.035 -180.000
64.600 0.000 -0.017 0.035 -180.000
64.650 0.000 -0.021 0.035 -180.000
64.700 0.000 -0.024 0.035 -180.000
64.750 0.000 -0.027 0.034 -180.000
64.800 0.000 -0.027 0.034 -180.000
64.850 0.000 -0.028 0.034 -180.000
64.900 0.000 -0.026 0.034 -180.000
64.950 0.000 -0.023 0.034 -180.000
65.000 0.000 -0.019 0.034 -180.000
65.050 0.000 -0.015 0.034 -180.000
65.100 0.000 -0.010 0.034 -180.000
65.150 0.000 -0.006 0.034 -180.000
65.200 0.000 -0.002 0.034 -180.000
65.250 0.000 0.001 0.033 -180.000
65.300 0.000 0.003 0.033 -180.000
65.350 0.000 0.003 0.033 -180.000
65.400 0.000 0.001 0.033 -180.000
65.450 0.000 -0.001 0.033 -180.000
65.500 0.000 -0.004 0.033 -180.000
65.550 0.000 -0.010 0.033 -180.000
65.600 0.000 -0.014 0.033 -180.000
65.650 0.000 -0.019 0.033 -180.000
65.700 0.000 -0.022 0.033 -180.000
65.750 0.000 -0.025 0.033 -180.000
65.800 0.000 -0.027 0.033 -180.000
65.850 0.000 -0.029 0.033 -180.000
65.900 0.000 -0.027 0.033 -180.000
65.950 0.000 -0.024 0.033 -180.000
66.000 0.000 -0.020 0.033 -180.000
66.050 0.000 -0.018 0.033 -180.000
66.100 0.000 -0.013 0.033 -180.000
66.150 0.000 -0.009 0.033 -180.000
66.200 0.000 -0.004 0.033 -180.000
66.250 0.000 -0.002 0.033 -180.000
66.300 0.000 0.001 0.033 -180.000
66.350 0.000 0.001 0.033 -180.000
66.400 0.000 0.001 0.033 -180.000
66.450 0.000 -0.001 0.033 -180.000
66.500 0.000 -0.003 0.033 -180.000
66.550 0.000 -0.008 0.033 -180.000
66.600 0.000 -0.012 0.033 -180.000
66.650 0.000 -0.015 0.033 -180.000
66.700 0.000 -0.019 0.033 -180.000
66.750 0.000 -0.023 0.033 -180.000
66.800 0.000 -0.025 0.032 -180.000
66.850 0.000 -0.026 0.032 -180.000
66.900 0.000 -0.026 0.032 -180.000
66.950 0.000 -0.025 0.032 -180.000
67.000 0.000 -0.023 0.032 -180.000
67.050 0.000 -0.020 0.032 -180.000
67.100 0.000 -0.016 0.032 -180.000
67.150 0.000 -0.012 0.032 -180.000
67.200 0.000 -0.007 0.032 -180.000
67.250 0.000 -0.004 0.032 -180.000
67.300 0.000 -0.001 0.032 -180.000
67.350 0.000 0.001 0.032 -180.000
67.400 0.000 0.002 0.032 -180.000
67.450 0.000 0.001 0.032 -180.000
67.500 0.000 -0.001 0.032 -180.000
67.550 0.000 -0.004 0.032 -180.000
67.600 0.000 -0.008 0.032 -180.000
67.650 0.000 -0.013 0.032 -180.000
67.700 0.000 -0.016 0.032 -180.000
67.750 0.000 -0.021 0.032 -180.000
67.800 0.000 -0.023 0.032 -180.000
67.850 0.000 -0.025 0.030 -180.000
67.900 0.000 -0.026 0.030 -180.000
67.950 0.000 -0.026 0.030 -180.000
68.000 0.000 -0.024 0.030 -180.000
68.050 0.000 -0.022 0.030 -180.000
68.100 0.000 -0.018 0.030 -180.000
68.150 0.000 -0.015 0.030 -180.000
68.200 0.000 -0.010 0.030 -180.000
68.250 0.000 -0.006 0.030 -180.000
68.300 0.000 -0.003 0.030 -180.000
68.350 0.000 -0.000 0.028 -180.000
68.400 0.000 0.001 0.028 -180.000
68.450 0.000 0.000 0.028 -180.000
68.500 0.000 -0.000 0.028 -180.000
68.550 0.000 -0.003 0.028 -180.000
68.600 0.000 -0.005 0.028 -180.000
68.650 0.000 -0.010 0.028 -180.000
68.700 0.000 -0.013 0.028 -180.000
68.750 0.000 -0.019 0.028 -180.000
68.800 0.000 -0.021 0.028 -180.000
68.850 0.000 -0.024 0.028 -180.000
68.900 0.000 -0.024 0.028 -180.000
68.950 0.000 -0.026 0.028 -180.000
69.000 0.000 -0.024 0.028 -180.000
69.050 0.000 -0.022 0.028 -180.000
69.100 0.000 -0.021 0.028 -180.000
69.150 0.000 -0.017 0.028 -180.000
69.200 0.000 -0.013 0.028 -180.000
69.250 0.000 -0.009 0.028 -180.000
69.300 0.000 -0.006 0.028 -180.000
69.350 0.000 -0.003 0.028 -180.000
69.400 0.000 -0.001 0.028 -180.000
69.450 0.000 -0.000 0.028 -180.000
69.500 0.000 0.000 0.028 -180.000
69.550 0.000 -0.002 0.028 -180.000
69.600 0.000 -0.003 0.028 -180.000
69.650 0.000 -0.007 0.028 -180.000
69.700 0.000 -0.011 0.028 -180.000
69.750 0.000 -0.015 0.028 -180.000
69.800 0.000 -0.018 0.028 -180.000
69.850 0.000 -0.021 0.028 -180.000
69.900 0.000 -0.023 0.027 -180.000
69.950 0.000 -0.025 0.027 -180.000
70.000 0.000 -0.024 0.027 -180.000
70.050 0.000 -0.024 0.027 -180.000
70.100 0.000 -0.022 0.027 -180.000
70.150 0.000 -0.020 0.027 -180.000
70.200 0.000 -0.016 0.027 -180.000
70.250 0.000 -0.013 0.027 -180.000
70.300 0.000 -0.008 0.027 -180.000
70.350 0.000 -0.005 0.027 -180.000
70.400 0.000 -0.002 0.027 -180.000
70.450 0.000 -0.001 0.027 -180.000
70.500 0.000 -0.000 0.027 -180.000
70.550 0.000 -0.000 0.027 -180.000
70.600 0.000 -0.003 0.027 -180.000
70.650 0.000 -0.005 0.027 -180.000
70.700 0.000 -0.009 0.027 -180.000
70.750 0.000 -0.013 0.027 -180.000
70.800 0.000 -0.016 0.027 -180.000
70.850 0.000 -0.019 0.027 -180.000
70.900 0.000 -0.022 0.027 -180.000
70.950 0.000 -0.024 0.026 -180.000
71.000 0.000 -0.024 0.026 -180.000
71.050 0.000 -0.024 0.026 -180.000
71.100 0.000 -0.022 0.026 -180.000
71.150 0.000 -0.021 0.026 -180.000
71.200 0.000 -0.018 0.026 -180.000
71.250 0.000 -0.014 0.026 -180.000
71.300 0.000 -0.010 0.026 -180.000
71.350 0.000 -0.008 0.026 -180.000
71.400 0.000 -0.004 0.026 -180.000
71.450 0.000 -0.002 0.025 -180.000
71.500 0.000 -0.001 0.025 -180.000
71.550 0.000 -0.003 0.025 -180.000
71.600 0.000 -0.003 0.025 -180.000
71.650 0.000 -0.004 0.025 -180.000
71.700 0.000 -0.007 0.025 -180.000
71.750 0.000 -0.010 0.025 -180.000
71.800 0.000 -0.013 0.025 -180.000
71.850 0.000 -0.017 0.025 -180.000
71.900 0.000 -0.020 0.025 -180.000
71.950 0.000 -0.022 0.025 -180.000
72.000 0.000 -0.023 0.025 -180.000
72.050 0.000 -0.024 0.025 -180.000
72.100 0.000 -0.023 0.025 -180.000
72.150 0.000 -0.021 0.025 -180.000
72.200 0.000 -0.019 0.025 -180.000
72.250 0.000 -0.016 0.025 -180.000
72.300 0.000 -0.013 0.025 -180.000
72.350 0.000 -0.010 0.025 -180.000
72.400 0.000 -0.007 0.025 -180.000
72.450 0.000 -0.004 0.024 -180.000
72.500 0.000 -0.002 0.024 -180.000
72.550 0.000 -0.002 0.024 -180.000
72.600 0.000 -0.002 0.024 -180.000
72.650 0.000 -0.003 0.024 -180.000
72.700 0.000 -0.005 0.024 -180.000
72.750 0.000 -0.009 0.024 -180.000
72.800 0.000 -0.011 0.024 -180.000
72.850 0.000 -0.015 0.024 -180.000
72.900 0.000 -0.017 0.024 -180.000
72.950 0.000 -0.021 0.024 -180.000
73.000 0.000 -0.022 0.024 -180.000
73.050 0.000 -0.023 0.023 -180.000
73.100 0.000 -0.023 0.023 -180.000
73.150 0.000 -0.022 0.023 -180.000
73.200 0.000 -0.020 0.023 -180.000
73.250 0.000 -0.019 0.023 -180.000
73.300 0.000 -0.016 0.023 -180.000
73.350 0.000 -0.012 0.023 -180.000
73.400 0.000 -0.009 0.023 -180.000
73.450 0.000 -0.006 0.023 -180.000
73.500 0.000 -0.004 0.023 -180.000
73.550 0.000 -0.003 0.023 -180.000
73.600 0.000 -0.002 0.023 -180.000
73.650 0.000 -0.003 0.023 -180.000
73.700 0.000 -0.003 0.023 -180.000
73.750 0.000 -0.006 0.023 -180.000
73.800 0.000 -0.009 0.023 -180.000
73.850 0.000 -0.012 0.023 -180.000
73.900 0.000 -0.016 0.023 -180.000
73.950 0.000 -0.019 0.023 -180.000
74.000 0.000 -0.021 0.022 -180.000
74.050 0.000 -0.022 0.022 -180.000
74.100 0.000 -0.023 0.022 -180.000
74.150 0.000 -0.023 0.022 -180.000
74.200 0.000 -0.022 0.022 -180.000
74.250 0.000 -0.020 0.022 -180.000
74.300 0.000 -0.017 0.022 -180.000
74.350 0.000 -0.014 0.022 -180.000
74.400 0.000 -0.011 0.022 -180.000
74.450 0.000 -0.008 0.022 -180.000
74.500 0.000 -0.005 0.022 -180.000
74.550 0.000 -0.004 0.022 -180.000
74.600 0.000 -0.003 0.022 -180.000
74.650 0.000 -0.003 0.022 -180.000
74.700 0.000 -0.004 0.022 -180.000
74.750 0.000 -0.005 0.022 -180.000
74.800 0.000 -0.008 0.022 -180.000
74.850 0.000 -0.011 0.022 -180.000
74.900 0.000 -0.013 0.022 -180.000
74.950 0.000 -0.017 0.022 -180.000
75.000 0.000 -0.020 0.022 -180.000
75.050 0.000 -0.021 0.022 -180.000
75.100 0.000 -0.022 0.022 -180.000
75.150 0.000 -0.023 0.022 -180.000
75.200 0.000 -0.022 0.022 -180.000
75.250 0.000 -0.021 0.022 -180.000
75.300 0.000 -0.019 0.022 -180.000
75.350 0.000 -0.017 0.022 -180.000
75.400 0.000 -0.013 0.022 -180.000
75.450 0.000 -0.010 0.022 -180.000
75.500 0.000 -0.007 0.022 -180.000
75.550 0.000 -0.006 0.022 -180.000
75.600 0.000 -0.004 0.022 -180.000
75.650 0.000 -0.003 0.022 -180.000
75.700 0.000 -0.003 0.022 -180.000
75.750 0.000 -0.005 0.022 -180.000
75.800 0.000 -0.006 0.022 -180.000
75.850 0.000 -0.009 0.022 -180.000
75.900 0.000 -0.012 0.022 -180.000
75.950 0.000 -0.015 0.022 -180.000
76.000 0.000 -0.017 0.022 -180.000
76.050 0.000 -0.019 0.022 -180.000
76.100 0.000 -0.021 0.021 -180.000
76.150 0.000 -0.021 0.021 -180.000
76.200 0.000 -0.022 0.021 -180.000
76.250 0.000 -0.022 0.021 -180.000
76.300 0.000 -0.020 0.021 -180.000
76.350 0.000 -0.017 0.021 -180.000
76.400 0.000 -0.015 0.021 -180.000
76.450 0.000 -0.012 0.021 -180.000
76.500 0.000 -0.009 0.021 -180.000
76.550 0.000 -0.007 0.021 -180.000
76.600 0.000 -0.006 0.021 -180.000
76.650 0.000 -0.006 0.021 -180.000
76.700 0.000 -0.005 0.021 -180.000
76.750 0.000 -0.004 0.021 -180.000
76.800 0.000 -0.005 0.021 -180.000
76.850 0.000 -0.007 0.021 -180.000
76.900 0.000 -0.009 0.021 -180.000
76.950 0.000 -0.012 0.021 -180.000
77.000 0.000 -0.015 0.021 -180.000
77.050 0.000 -0.018 0.021 -180.000
77.100 0.000 -0.020 0.021 -180.000
77.150 0.000 -0.021 0.021 -180.000
77.200 0.000 -0.021 0.021 -180.000
77.250 0.000 -0.022 0.021 -180.000
77.300 0.000 -0.020 0.021 -180.000
77.350 0.000 -0.020 0.021 -180.000
77.400 0.000 -0.017 0.021 -180.000
77.450 0.000 -0.014 0.021 -180.000
77.500 0.000 -0.011 0.021 -180.000
77.550 0.000 -0.010 0.021 -180.000
77.600 0.000 -0.007 0.021 -180.000
77.650 0.000 -0.005 0.019 -180.000
77.700 0.000 -0.004 0.019 -180.000
77.750 0.000 -0.004 0.019 -180.000
77.800 0.000 -0.005 0.019 -180.000
77.850 0.000 -0.006 0.019 -180.000
77.900 0.000 -0.007 0.019 -180.000
77.950 0.000 -0.010 0.019 -180.000
78.000 0.000 -0.013 0.019 -180.000
78.050 0.000 -0.016 0.019 -180.000
78.100 0.000 -0.018 0.019 -180.000
78.150 0.000 -0.020 0.019 -180.000
78.200 0.000 -0.020 0.018 -180.000
78.250 0.000 -0.021 0.018 -180.000
78.300 0.000 -0.021 0.018 -180.000
78.350 0.000 -0.020 0.018 -180.000
78.400 0.000 -0.018 0.018 -180.000
78.450 0.000 -0.016 0.018 -180.000
78.500 0.000 -0.012 0.018 -180.000
78.550 0.000 -0.011 0.018 -180.000
78.600 0.000 -0.008 0.018 -180.000
78.650 0.000 -0.006 0.018 -180.000
78.700 0.000 -0.004 0.018 -180.000
78.750 0.000 -0.004 0.018 -180.000
78.800 0.000 -0.005 0.018 -180.000
78.850 0.000 -0.006 0.018 -180.000
78.900 0.000 -0.007 0.018 -180.000
78.950 0.000 -0.009 0.018 -180.000
79.000 0.000 -0.011 0.018 -180.000
79.050 0.000 -0.014 0.018 -180.000
79.100 0.000 -0.016 0.018 -180.000
79.150 0.000 -0.019 0.018 -180.000
79.200 0.000 -0.020 0.018 -180.000
79.250 0.000 -0.021 0.018 -180.000
79.300 0.000 -0.021 0.018 -180.000
79.350 0.000 -0.021 0.018 -180.000
79.400 0.000 -0.020 0.018 -180.000
79.450 0.000 -0.018 0.018 -180.000
79.500 0.000 -0.015 0.018 -180.000
79.550 0.000 -0.012 0.018 -180.000
79.600 0.000 -0.010 0.018 -180.000
79.650 0.000 -0.007 0.018 -180.000
79.700 0.000 -0.006 0.018 -180.000
79.750 0.000 -0.006 0.018 -180.000
79.800 0.000 -0.005 0.018 -180.000
79.850 0.000 -0.005 0.018 -180.000
79.900 0.000 -0.006 0.018 -180.000
79.950 0.000 -0.008 0.018 -180.000
80.000 0.000 -0.010 0.018 -180.000
80.050 0.000 -0.013 0.018 -180.000
80.100 0.000 -0.014 0.018 -180.000
80.150 0.000 -0.018 0.018 -180.000
80.200 0.000 -0.018 0.017 -180.000
80.250 0.000 -0.020 0.017 -180.000
80.300 0.000 -0.020 0.017 -180.000
80.350 0.000 -0.021 0.017 -180.000
80.400 0.000 -0.020 0.017 -180.000
80.450 0.000 -0.018 0.017 -180.000
80.500 0.000 -0.016 0.017 -180.000
80.550 0.000 -0.014 0.017 -180.000
80.600 0.000 -0.011 0.017 -180.000
80.650 0.000 -0.009 0.017 -180.000
80.700 0.000 -0.007 0.017 -180.000
80.750 0.000 -0.006 0.017 -180.000
80.800 0.000 -0.004 0.017 -180.000
80.850 0.000 -0.004 0.017 -180.000
80.900 0.000 -0.005 0.017 -180.000
80.950 0.000 -0.006 0.017 -180.000
81.000 0.000 -0.007 0.017 -180.000
81.050 0.000 -0.010 0.017 -180.000
81.100 0.000 -0.012 0.017 -180.000
81.150 0.000 -0.015 0.017 -180.000
81.200 0.000 -0.017 0.017 -180.000
81.250 0.000 -0.019 0.017 -180.000
81.300 0.000 -0.019 0.017 -180.000
81.350 0.000 -0.020 0.017 -180.000
81.400 0.000 -0.019 0.017 -180.000
81.450 0.000 -0.018 0.017 -180.000
81.500 0.000 -0.017 0.017 -180.000
81.550 0.000 -0.016 0.017 -180.000
81.600 0.000 -0.012 0.017 -180.000
81.650 0.000 -0.010 0.017 -180.000
81.700 0.000 -0.008 0.017 -180.000
81.750 0.000 -0.007 0.017 -180.000
81.800 0.000 -0.004 0.017 -180.000
81.850 0.000 -0.005 0.017 -180.000
81.900 0.000 -0.005 0.017 -180.000
81.950 0.000 -0.006 0.017 -180.000
82.000 0.000 -0.007 0.017 -180.000
82.050 0.000 -0.010 0.017 -180.000
82.100 0.000 -0.011 0.017 -180.000
82.150 0.000 -0.014 0.017 -180.000
82.200 0.000 -0.016 0.017 -180.000
82.250 0.000 -0.018 0.017 -180.000
82.300 0.000 -0.019 0.017 -180.000
82.350 0.000 -0.020 0.017 -180.000
82.400 0.000 -0.019 0.017 -180.000
82.450 0.000 -0.020 0.017 -180.000
82.500 0.000 -0.018 0.017 -180.000
82.550 0.000 -0.017 0.017 -180.000
82.600 0.000 -0.015 0.017 -180.000
82.650 0.000 -0.013 0.017 -180.000
82.700 0.000 -0.009 0.017 -180.000
82.750 0.000 -0.009 0.017 -180.000
82.800 0.000 -0.007 0.017 -180.000
82.850 0.000 -0.006 0.016 -180.000
82.900 0.000 -0.006 0.016 -180.000
82.950 0.000 -0.007 0.016 -180.000
83.000 0.000 -0.007 0.016 -180.000
83.050 0.000 -0.009 0.016 -180.000
83.100 0.000 -0.010 0.016 -180.000
83.150 0.000 -0.013 0.016 -180.000
83.200 0.000 -0.014 0.016 -180.000
83.250 0.000 -0.016 0.016 -180.000
83.300 0.000 -0.018 0.016 -180.000
83.350 0.000 -0.019 0.016 -180.000
83.400 0.000 -0.019 0.016 -180.000
83.450 0.000 -0.020 0.016 -180.000
83.500 0.000 -0.018 0.016 -180.000
83.550 0.000 -0.018 0.016 -180.000
83.600 0.000 -0.015 0.016 -180.000
83.650 0.000 -0.014 0.016 -180.000
83.700 0.000 -0.011 0.016 -180.000
83.750 0.000 -0.010 0.016 -180.000
83.800 0.000 -0.007 0.016 -180.000
83.850 0.000 -0.007 0.016 -180.000
83.900 0.000 -0.005 0.016 -180.000
83.950 0.000 -0.006 0.016 -180.000
84.000 0.000 -0.006 0.016 -180.000
84.050 0.000 -0.008 0.016 -180.000
84.100 0.000 -0.009 0.016 -180.000
84.150 0.000 -0.011 0.016 -180.000
84.200 0.000 -0.012 0.016 -180.000
84.250 0.000 -0.016 0.016 -180.000
84.300 0.000 -0.016 0.015 -180.000
84.350 0.000 -0.018 0.015 -180.000
84.400 0.000 -0.019 0.014 -180.000
84.450 0.000 -0.019 0.014 -180.000
84.500 0.000 -0.018 0.014 -180.000
84.550 0.000 -0.018 0.014 -180.000
84.600 0.000 -0.017 0.014 -180.000
84.650 0.000 -0.015 0.014 -180.000
84.700 0.000 -0.012 0.014 -180.000
84.750 0.000 -0.010 0.014 -180.000
84.800 0.000 -0.009 0.014 -180.000
84.850 0.000 -0.008 0.014 -180.000
84.900 0.000 -0.007 0.014 -180.000
84.950 0.000 -0.007 0.014 -180.000
85.000 0.000 -0.006 0.014 -180.000
85.050 0.000 -0.008 0.014 -180.000
85.100 0.000 -0.008 0.014 -180.000
85.150 0.000 -0.010 0.014 -180.000
85.200 0.000 -0.011 0.014 -180.000
85.250 0.000 -0.014 0.014 -180.000
85.300 0.000 -0.015 0.014 -180.000
85.350 0.000 -0.017 0.014 -180.000
85.400 0.000 -0.018 0.014 -180.000
85.450 0.000 -0.019 0.014 -180.000
85.500 0.000 -0.019 0.014 -180.000
85.550 0.000 -0.019 0.014 -180.000
85.600 0.000 -0.018 0.014 -180.000
85.650 0.000 -0.017 0.014 -180.000
85.700 0.000 -0.015 0.014 -180.000
85.750 0.000 -0.013 0.014 -180.000
85.800 0.000 -0.010 0.014 -180.000
85.850 0.000 -0.009 0.014 -180.000
85.900 0.000 -0.008 0.014 -180.000
85.950 0.000 -0.007 0.014 -180.000
86.000 0.000 -0.006 0.014 -180.000
86.050 0.000 -0.007 0.014 -180.000
86.100 0.000 -0.007 0.014 -180.000
86.150 0.000 -0.010 0.014 -180.000
86.200 0.000 -0.010 0.014 -180.000
86.250 0.000 -0.012 0.014 -180.000
86.300 0.000 -0.014 0.014 -180.000
86.350 0.000 -0.017 0.014 -180.000
86.400 0.000 -0.017 0.013 -180.000
86.450 0.000 -0.018 0.013 -180.000
86.500 0.000 -0.018 0.013 -180.000
86.550 0.000 -0.019 0.013 -180.000
86.600 0.000 -0.018 0.013 -180.000
86.650 0.000 -0.017 0.013 -180.000
86.700 0.000 -0.015 0.013 -180.000
86.750 0.000 -0.014 0.013 -180.000
86.800 0.000 -0.012 0.013 -180.000
86.850 0.000 -0.010 0.013 -180.000
86.900 0.000 -0.008 0.013 -180.000
86.950 0.000 -0.008 0.013 -180.000
87.000 0.000 -0.007 0.013 -180.000
87.050 0.000 -0.006 0.013 -180.000
87.100 0.000 -0.007 0.013 -180.000
87.150 0.000 -0.008 0.013 -180.000
87.200 0.000 -0.009 0.013 -180.000
87.250 0.000 -0.011 0.013 -180.000
87.300 0.000 -0.013 0.013 -180.000
87.350 0.000 -0.015 0.013 -180.000
87.400 0.000 -0.016 0.013 -180.000
87.450 0.000 -0.018 0.013 -180.000
87.500 0.000 -0.017 0.013 -180.000
87.550 0.000 -0.019 0.013 -180.000
87.600 0.000 -0.017 0.013 -180.000
87.650 0.000 -0.017 0.013 -180.000
87.700 0.000 -0.016 0.013 -180.000
87.750 0.000 -0.015 0.013 -180.000
87.800 0.000 -0.012 0.013 -180.000
87.850 0.000 -0.012 0.013 -180.000
87.900 0.000 -0.009 0.013 -180.000
87.950 0.000 -0.009 0.013 -180.000
88.000 0.000 -0.007 0.013 -180.000
88.050 0.000 -0.007 0.013 -180.000
88.100 0.000 -0.007 0.013 -180.000
88.150 0.000 -0.008 0.013 -180.000
88.200 0.000 -0.009 0.013 -180.000
88.250 0.000 -0.010 0.013 -180.000
88.300 0.000 -0.012 0.013 -180.000
88.350 0.000 -0.013 0.013 -180.000
88.400 0.000 -0.015 0.013 -180.000
88.450 0.000 -0.017 0.013 -180.000
88.500 0.000 -0.017 0.013 -180.000
88.550 0.000 -0.019 0.013 -180.000
88.600 0.000 -0.018 0.013 -180.000
88.650 0.000 -0.019 0.013 -180.000
88.700 0.000 -0.017 0.013 -180.000
88.750 0.000 -0.016 0.013 -180.000
88.800 0.000 -0.014 0.013 -180.000
88.850 0.000 -0.013 0.013 -180.000
88.900 0.000 -0.011 0.013 -180.000
88.950 0.000 -0.010 0.013 -180.000
89.000 0.000 -0.008 0.013 -180.000
89.050 0.000 -0.008 0.013 -180.000
89.100 0.000 -0.007 0.013 -180.000
89.150 0.000 -0.008 0.013 -180.000
89.200 0.000 -0.009 0.013 -180.000
89.250 0.000 -0.009 0.013 -180.000
89.300 0.000 -0.010 0.013 -180.000
89.350 0.000 -0.012 0.013 -180.000
89.400 0.000 -0.013 0.013 -180.000
89.450 0.000 -0.015 0.013 -180.000
89.500 0.000 -0.016 0.013 -180.000
89.550 0.000 -0.017 0.013 -180.000
89.600 0.000 -0.017 0.013 -180.000
89.650 0.000 -0.018 0.013 -180.000
89.700 0.000 -0.017 0.013 -180.000
89.750 0.000 -0.016 0.013 -180.000
89.800 0.000 -0.014 0.013 -180.000
89.850 0.000 -0.013 0.013 -180.000
89.900 0.000 -0.011 0.013 -180.000
89.950 0.000 -0.011 0.013 -180.000
90.000 0.000 -0.009 0.013 -180.000
90.050 0.000 -0.009 0.012 -180.000
90.100 0.000 -0.007 0.012 -180.000
90.150 0.000 -0.008 0.012 -180.000
90.200 0.000 -0.008 0.012 -180.000
90.250 0.000 -0.009 0.012 -180.000
90.300 0.000 -0.010 0.012 -180.000
90.350 0.000 -0.011 0.012 -180.000
90.400 0.000 -0.012 0.012 -180.000
90.450 0.000 -0.014 0.012 -180.000
90.500 0.000 -0.015 0.012 -180.000
90.550 0.000 -0.017 0.012 -180.000
90.600 0.000 -0.017 0.012 -180.000
90.650 0.000 -0.018 0.012 -180.000
90.700 0.000 -0.017 0.012 -180.000
90.750 0.000 -0.017 0.012 -180.000
90.800 0.000 -0.015 0.012 -180.000
90.850 0.000 -0.015 0.012 -180.000
90.900 0.000 -0.013 0.012 -180.000
90.950 0.000 -0.012 0.012 -180.000
91.000 0.000 -0.009 0.012 -180.000
91.050 0.000 -0.009 0.012 -180.000
91.100 0.000 -0.007 0.012 -180.000
91.150 0.000 -0.008 0.011 -180.000
91.200 0.000 -0.007 0.011 -180.000
91.250 0.000 -0.008 0.011 -180.000
91.300 0.000 -0.008 0.011 -180.000
91.350 0.000 -0.010 0.011 -180.000
91.400 0.000 -0.012 0.011 -180.000
91.450 0.000 -0.014 0.011 -180.000
91.500 0.000 -0.014 0.011 -180.000
91.550 0.000 -0.016 0.011 -180.000
91.600 0.000 -0.016 0.011 -180.000
91.650 0.000 -0.018 0.011 -180.000
91.700 0.000 -0.016 0.011 -180.000
91.750 0.000 -0.017 0.011 -180.000
91.800 0.000 -0.015 0.011 -180.000
