0.9 0.0641022850925 
0.9 0.0641022850925 
0.91 0.0720646221249 
0.9 0.0641022850925 
0.91 0.0720646221249 
0.92 0.0900693548387 
0.9 0.0641022850925 
0.91 0.0720646221249 
0.92 0.0900693548387 
0.93 0.116269168026 
0.9 0.0641022850925 
0.91 0.0720646221249 
0.92 0.0900693548387 
0.93 0.116269168026 
0.94 0.158236334405 
0.9 0.0641022850925 
0.91 0.0720646221249 
0.92 0.0900693548387 
0.93 0.116269168026 
0.94 0.158236334405 
0.95 0.246739069111 
0.9 0.0641022850925 
0.91 0.0720646221249 
0.92 0.0900693548387 
0.93 0.116269168026 
0.94 0.158236334405 
0.95 0.246739069111 
0.96 0.474198087432 
0.9 0.0641022850925 
0.91 0.0720646221249 
0.92 0.0900693548387 
0.93 0.116269168026 
0.94 0.158236334405 
0.95 0.246739069111 
0.96 0.474198087432 
0.961 0.535459415584 
0.9 0.0641022850925 
0.91 0.0720646221249 
0.92 0.0900693548387 
0.93 0.116269168026 
0.94 0.158236334405 
0.95 0.246739069111 
0.96 0.474198087432 
0.961 0.535459415584 
0.962 0.544883297645 
0.9 0.0641022850925 
0.91 0.0720646221249 
0.92 0.0900693548387 
0.93 0.116269168026 
0.94 0.158236334405 
0.95 0.246739069111 
0.96 0.474198087432 
0.961 0.535459415584 
0.962 0.544883297645 
0.963 0.567457377049 
0.9 0.0641022850925 
0.91 0.0720646221249 
0.92 0.0900693548387 
0.93 0.116269168026 
0.94 0.158236334405 
0.95 0.246739069111 
0.96 0.474198087432 
0.961 0.535459415584 
0.962 0.544883297645 
0.963 0.567457377049 
0.964 0.599043902439 
0.9 0.0641022850925 
0.91 0.0720646221249 
0.92 0.0900693548387 
0.93 0.116269168026 
0.94 0.158236334405 
0.95 0.246739069111 
0.96 0.474198087432 
0.961 0.535459415584 
0.962 0.544883297645 
0.963 0.567457377049 
0.964 0.599043902439 
0.965 0.610154531947 
0.9 0.0641022850925 
0.91 0.0720646221249 
0.92 0.0900693548387 
0.93 0.116269168026 
0.94 0.158236334405 
0.95 0.246739069111 
0.96 0.474198087432 
0.961 0.535459415584 
0.962 0.544883297645 
0.963 0.567457377049 
0.964 0.599043902439 
0.965 0.610154531947 
0.966 0.622820113314 
0.9 0.0641022850925 
0.91 0.0720646221249 
0.92 0.0900693548387 
0.93 0.116269168026 
0.94 0.158236334405 
0.95 0.246739069111 
0.96 0.474198087432 
0.961 0.535459415584 
0.962 0.544883297645 
0.963 0.567457377049 
0.964 0.599043902439 
0.965 0.610154531947 
0.966 0.622820113314 
0.967 0.622330769231 
0.9 0.0641022850925 
0.91 0.0720646221249 
0.92 0.0900693548387 
0.93 0.116269168026 
0.94 0.158236334405 
0.95 0.246739069111 
0.96 0.474198087432 
0.961 0.535459415584 
0.962 0.544883297645 
0.963 0.567457377049 
0.964 0.599043902439 
0.965 0.610154531947 
0.966 0.622820113314 
0.967 0.622330769231 
0.968 0.61370682148 
0.9 0.0641022850925 
0.91 0.0720646221249 
0.92 0.0900693548387 
0.93 0.116269168026 
0.94 0.158236334405 
0.95 0.246739069111 
0.96 0.474198087432 
0.961 0.535459415584 
0.962 0.544883297645 
0.963 0.567457377049 
0.964 0.599043902439 
0.965 0.610154531947 
0.966 0.622820113314 
0.967 0.622330769231 
0.968 0.61370682148 
0.969 0.591519313305 
0.9 0.0641022850925 
0.91 0.0720646221249 
0.92 0.0900693548387 
0.93 0.116269168026 
0.94 0.158236334405 
0.95 0.246739069111 
0.96 0.474198087432 
0.961 0.535459415584 
0.962 0.544883297645 
0.963 0.567457377049 
0.964 0.599043902439 
0.965 0.610154531947 
0.966 0.622820113314 
0.967 0.622330769231 
0.968 0.61370682148 
0.969 0.591519313305 
0.97 0.585070754717 
0.9 0.0641022850925 
0.91 0.0720646221249 
0.92 0.0900693548387 
0.93 0.116269168026 
0.94 0.158236334405 
0.95 0.246739069111 
0.96 0.474198087432 
0.961 0.535459415584 
0.962 0.544883297645 
0.963 0.567457377049 
0.964 0.599043902439 
0.965 0.610154531947 
0.966 0.622820113314 
0.967 0.622330769231 
0.968 0.61370682148 
0.969 0.591519313305 
0.97 0.585070754717 
0.971 0.545513661202 
0.9 0.0641022850925 
0.91 0.0720646221249 
0.92 0.0900693548387 
0.93 0.116269168026 
0.94 0.158236334405 
0.95 0.246739069111 
0.96 0.474198087432 
0.961 0.535459415584 
0.962 0.544883297645 
0.963 0.567457377049 
0.964 0.599043902439 
0.965 0.610154531947 
0.966 0.622820113314 
0.967 0.622330769231 
0.968 0.61370682148 
0.969 0.591519313305 
0.97 0.585070754717 
0.971 0.545513661202 
0.98 0.321991389914 
0.9 0.0641022850925 
0.91 0.0720646221249 
0.92 0.0900693548387 
0.93 0.116269168026 
0.94 0.158236334405 
0.95 0.246739069111 
0.96 0.474198087432 
0.961 0.535459415584 
0.962 0.544883297645 
0.963 0.567457377049 
0.964 0.599043902439 
0.965 0.610154531947 
0.966 0.622820113314 
0.967 0.622330769231 
0.968 0.61370682148 
0.969 0.591519313305 
0.97 0.585070754717 
0.971 0.545513661202 
0.98 0.321991389914 
0.99 0.211021686747 
0.9 0.0641022850925 
0.91 0.0720646221249 
0.92 0.0900693548387 
0.93 0.116269168026 
0.94 0.158236334405 
0.95 0.246739069111 
0.96 0.474198087432 
0.961 0.535459415584 
0.962 0.544883297645 
0.963 0.567457377049 
0.964 0.599043902439 
0.965 0.610154531947 
0.966 0.622820113314 
0.967 0.622330769231 
0.968 0.61370682148 
0.969 0.591519313305 
0.97 0.585070754717 
0.971 0.545513661202 
0.98 0.321991389914 
0.99 0.211021686747 
1.0 0.152209405501 
