1.6711	0.0125	2.0270	0.0086	2.4199	0.0152	2.6024	0.0192
1.6740	0.0138	2.0534	0.0113	2.4121	0.0350	2.6169	0.0280
1.6291	0.0107	1.9634	0.0216	2.2803	0.0501	2.4600	0.0305
1.6342	0.0089	1.9011	0.0360	2.2023	0.0132	2.4068	0.0351
1.5782	0.0248	1.8904	0.0269	2.1699	0.0263	2.2992	0.0345
1.5610	0.0150	1.8379	0.0171	2.0684	0.0407	2.1793	0.0498
1.5458	0.0204	1.7989	0.0319	1.9896	0.0359	2.1486	0.0492
1.5413	0.0106	1.7404	0.0168	1.9596	0.0438	2.0133	0.0443
0.1197	0.0015	0.0987	0.0008	0.0826	0.0013	0.0769	0.0015
0.1195	0.0016	0.0974	0.0011	0.0829	0.0029	0.0764	0.0021
0.1228	0.0013	0.1019	0.0022	0.0877	0.0044	0.0813	0.0025
0.1224	0.0011	0.1052	0.0038	0.0908	0.0012	0.0831	0.0029
0.1267	0.0031	0.1058	0.0028	0.0922	0.0024	0.0870	0.0030
0.1281	0.0019	0.1088	0.0019	0.0967	0.0039	0.0918	0.0046
0.1294	0.0026	0.1112	0.0035	0.1005	0.0036	0.0931	0.0046
0.1298	0.0014	0.1149	0.0019	0.1021	0.0045	0.0993	0.0044
