1.1580	0.0063	1.3830	0.0048	1.6154	0.0053	1.7468	0.0130
1.1631	0.0052	1.3937	0.0119	1.6271	0.0083	1.7301	0.0186
1.1606	0.0046	1.3805	0.0151	1.5631	0.0312	1.6445	0.0185
1.1449	0.0145	1.3325	0.0216	1.5211	0.0162	1.6388	0.0348
1.1326	0.0101	1.3340	0.0318	1.5003	0.0078	1.6154	0.0159
1.1270	0.0196	1.3256	0.0186	1.4754	0.0284	1.5164	0.0150
1.1004	0.0107	1.2573	0.0232	1.4377	0.0290	1.4778	0.0195
1.5256	0.0357	1.2634	0.0165	1.4151	0.0275	1.0929	0.0479
0.1727	0.0011	0.1446	0.0007	0.1238	0.0007	0.1145	0.0015
0.1720	0.0009	0.1435	0.0017	0.1229	0.0010	0.1156	0.0022
0.1723	0.0008	0.1449	0.0022	0.1280	0.0040	0.1216	0.0023
0.1747	0.0025	0.1501	0.0032	0.1315	0.0021	0.1220	0.0042
0.1766	0.0018	0.1499	0.0048	0.1333	0.0010	0.1238	0.0020
0.1775	0.0035	0.1509	0.0028	0.1356	0.0039	0.1319	0.0020
0.1817	0.0019	0.1591	0.0037	0.1391	0.0040	0.1353	0.0026
0.1311	0.0047	0.1583	0.0026	0.1413	0.0039	0.1830	0.0088
sc