0.863	21.774	55.258
0.863	21.775	55.261
0.863	21.776	55.259
0.863	21.777	55.258
0.863	21.776	55.258
0.863	21.776	55.260
0.862	21.776	55.259
0.862	21.776	55.261
0.862	21.776	55.261
0.862	21.776	55.260
0.862	21.776	55.261
0.862	21.776	55.263
0.862	21.774	55.265
0.862	21.774	55.264
0.862	21.776	55.262
0.862	21.776	55.263
0.862	21.776	55.262
0.862	21.775	55.266
0.862	21.777	55.260
0.862	21.770	55.272
0.862	21.775	55.267
0.862	21.774	55.269
0.862	21.775	55.267
0.862	21.776	55.264
0.862	21.775	55.266
0.862	21.775	55.267
0.862	21.774	55.267
0.862	21.774	55.271
0.862	21.775	55.267
0.862	21.776	55.265
0.862	21.775	55.268
0.862	21.774	55.268
0.862	21.775	55.268
0.862	21.770	55.273
0.862	21.774	55.270
0.862	21.774	55.270
0.862	21.774	55.271
0.862	21.775	55.267
0.862	21.775	55.270
0.862	21.776	55.267
0.862	21.775	55.269
0.862	21.772	55.275
0.862	21.775	55.270
0.862	21.775	55.270
0.862	21.774	55.271
0.862	21.775	55.269
0.862	21.775	55.270
0.862	21.769	55.275
0.862	21.773	55.272
0.862	21.773	55.271
0.862	21.774	55.269
0.862	21.775	55.270
0.862	21.775	55.268
0.862	21.781	55.253
0.862	21.773	55.270
0.862	21.773	55.272
0.862	21.776	55.266
0.862	21.775	55.267
0.862	21.775	55.269
0.862	21.775	55.267
0.862	21.775	55.268
0.862	21.769	55.276
0.862	21.773	55.274
0.862	21.774	55.272
0.862	21.775	55.268
0.862	21.775	55.270
0.862	21.776	55.266
0.862	21.775	55.268
0.862	21.773	55.272
0.862	21.773	55.270
0.862	21.775	55.270
0.862	21.775	55.268
0.862	21.775	55.269
0.862	21.776	55.266
0.862	21.776	55.266
0.862	21.775	55.270
0.862	21.775	55.267
0.861	21.774	55.271
0.861	21.775	55.269
0.861	21.774	55.270
0.860	21.775	55.267
0.860	21.773	55.270
0.860	21.774	55.270
0.859	21.775	55.268
0.859	21.775	55.266
0.858	21.775	55.267
0.858	21.775	55.266
0.857	21.776	55.265
0.857	21.776	55.265
0.857	21.772	55.274
0.855	21.774	55.273
0.854	21.775	55.268
0.853	21.775	55.268
0.852	21.775	55.267
0.851	21.774	55.266
0.850	21.743	55.305
0.849	21.770	55.276
0.848	21.773	55.267
0.847	21.766	55.266
0.845	21.758	55.271
0.845	21.754	55.271
0.844	21.750	55.268
0.843	21.745	55.269
0.842	21.742	55.269
0.841	21.738	55.268
0.841	21.735	55.266
0.840	21.732	55.269
0.840	21.730	55.268
0.839	21.727	55.269
0.839	21.721	55.271
0.838	21.717	55.270
0.837	21.713	55.268
0.836	21.709	55.264
0.835	21.702	55.272
0.834	21.702	55.263
0.833	21.692	55.273
0.833	21.694	55.268
0.832	21.692	55.265
0.832	21.688	55.268
0.831	21.686	55.264
0.830	21.681	55.266
0.829	21.684	55.246
0.828	21.666	55.274
0.828	21.664	55.271
0.827	21.664	55.265
0.827	21.663	55.261
0.826	21.659	55.263
0.826	21.656	55.263
0.825	21.652	55.268
0.824	21.640	55.275
0.823	21.642	55.263
0.822	21.638	55.263
0.822	21.634	55.264
0.821	21.630	55.264
0.820	21.623	55.264
0.818	21.615	55.264
0.817	21.607	55.266
0.816	21.602	55.263
0.816	21.598	55.260
0.815	21.591	55.262
0.814	21.581	55.265
0.814	21.577	55.261
0.813	21.567	55.267
0.813	21.568	55.262
0.812	21.560	55.262
0.811	21.553	55.262
0.811	21.544	55.260
0.810	21.536	55.258
0.809	21.528	55.259
0.809	21.509	55.270
0.808	21.511	55.260
0.807	21.502	55.257
0.807	21.493	55.259
0.806	21.481	55.259
0.805	21.461	55.251
0.804	21.416	55.264
0.803	21.391	55.263
0.802	21.354	55.264
0.801	21.324	55.265
0.800	21.295	55.262
0.799	21.271	55.265
0.798	21.247	55.261
0.798	21.221	55.270
0.797	21.208	55.261
0.796	21.184	55.264
0.795	21.163	55.264
0.794	21.133	55.262
0.793	21.113	55.262
0.792	21.084	55.266
0.791	21.055	55.275
0.790	21.029	55.269
0.789	20.997	55.270
0.788	20.968	55.270
0.787	20.936	55.269
0.785	20.889	55.270
0.785	20.868	55.271
0.784	20.847	55.266
0.783	20.822	55.265
0.782	20.790	55.272
0.781	20.769	55.271
0.781	20.754	55.266
0.780	20.731	55.269
0.779	20.708	55.272
0.778	20.683	55.270
0.778	20.656	55.271
0.777	20.649	55.255
0.777	20.627	55.269
0.776	20.607	55.280
0.776	20.604	55.269
0.775	20.585	55.268
0.774	20.559	55.271
0.773	20.545	55.270
0.773	20.534	55.270
0.773	20.522	55.270
0.772	20.506	55.268
0.772	20.486	55.270
0.771	20.469	55.268
0.771	20.450	55.269
0.770	20.440	55.270
0.770	20.436	55.270
0.770	20.426	55.276
0.769	20.415	55.267
0.769	20.394	55.266
0.768	20.369	55.270
0.767	20.341	55.268
0.766	20.316	55.267
0.764	20.279	55.281
0.763	20.251	55.276
0.762	20.226	55.272
0.761	20.197	55.271
0.760	20.171	55.272
0.760	20.147	55.275
0.759	20.131	55.287
0.758	20.119	55.271
0.757	20.082	55.273
0.755	20.045	55.264
0.754	20.003	55.276
0.753	19.978	55.274
0.753	19.952	55.272
0.752	19.933	55.270
0.752	19.927	55.271
0.752	19.917	55.272
0.751	19.892	55.275
0.750	19.864	55.278
0.749	19.841	55.279
0.748	19.827	55.278
0.748	19.808	55.280
0.747	19.777	55.278
0.746	19.758	55.275
0.745	19.733	55.279
0.744	19.701	55.276
0.743	19.676	55.281
0.742	19.659	55.280
0.741	19.642	55.277
0.741	19.627	55.279
0.740	19.599	55.284
0.740	19.590	55.278
0.739	19.572	55.278
0.738	19.550	55.282
0.738	19.534	55.278
0.737	19.515	55.282
0.737	19.493	55.284
0.736	19.474	55.292
0.735	19.466	55.280
0.735	19.447	55.283
0.734	19.430	55.269
0.733	19.405	55.279
0.733	19.384	55.281
0.731	19.340	55.278
0.730	19.303	55.286
0.729	19.288	55.282
0.729	19.278	55.282
0.728	19.265	55.285
0.728	19.244	55.284
0.727	19.220	55.287
0.726	19.204	55.282
0.726	19.194	55.280
0.725	19.181	55.280
0.725	19.166	55.277
0.724	19.147	55.284
0.723	19.122	55.291
0.723	19.116	55.282
0.722	19.092	55.283
0.722	19.076	55.286
0.721	19.063	55.280
0.721	19.050	55.281
0.720	19.037	55.280
0.720	19.011	55.286
0.719	19.001	55.277
0.719	18.988	55.276
0.718	18.977	55.277
0.718	18.962	55.281
0.717	18.943	55.279
0.717	18.925	55.277
0.716	18.910	55.277
0.715	18.894	55.264
0.714	18.867	55.275
0.713	18.823	55.276
0.712	18.801	55.274
0.711	18.766	55.279
0.710	18.752	55.277
0.710	18.747	55.272
0.709	18.730	55.280
0.709	18.712	55.278
0.708	18.687	55.282
0.707	18.670	55.276
0.707	18.654	55.279
0.706	18.640	55.276
0.706	18.627	55.271
0.705	18.614	55.277
0.705	18.609	55.271
0.705	18.592	55.278
0.704	18.587	55.270
0.704	18.573	55.271
0.703	18.558	55.269
0.702	18.528	55.276
0.701	18.497	55.273
0.700	18.459	55.271
0.699	18.435	55.267
0.698	18.420	55.267
0.698	18.403	55.264
0.697	18.374	55.270
0.696	18.358	55.266
0.696	18.343	55.265
0.695	18.324	55.265
0.695	18.320	55.241
0.694	18.307	55.264
0.694	18.295	55.261
0.693	18.274	55.262
0.692	18.250	55.262
0.691	18.227	55.262
0.691	18.215	55.256
0.690	18.194	55.260
0.690	18.183	55.254
0.689	18.174	55.250
0.689	18.165	55.256
0.689	18.160	55.253
0.689	18.151	55.247
0.688	18.138	55.248
0.688	18.125	55.247
0.687	18.112	55.249
0.687	18.099	55.249
0.687	18.090	55.246
0.687	18.082	55.241
0.686	18.073	55.240
0.686	18.056	55.241
0.686	18.048	55.237
0.685	18.029	55.243
0.684	18.010	55.238
0.684	17.991	55.232
0.683	17.975	55.234
0.682	17.947	55.237
0.681	17.931	55.232
0.680	17.909	55.235
0.680	17.877	55.232
0.679	17.867	55.230
0.679	17.864	55.228
0.679	17.864	55.227
0.679	17.863	55.228
0.679	17.865	55.223
0.679	17.855	55.231
0.678	17.838	55.222
0.677	17.816	55.226
0.677	17.806	55.218
0.676	17.785	55.215
0.675	17.760	55.218
0.674	17.740	55.225
0.674	17.728	55.220
0.674	17.720	55.217
0.673	17.709	55.213
0.672	17.685	55.210
0.672	17.669	55.210
0.671	17.640	55.221
0.670	17.616	55.208
0.669	17.592	55.210
0.669	17.579	55.205
0.668	17.561	55.206
0.668	17.543	55.212
0.667	17.528	55.213
0.667	17.514	55.202
0.666	17.501	55.199
0.666	17.488	55.199
0.666	17.482	55.198
0.666	17.476	55.196
0.665	17.468	55.194
0.665	17.457	55.200
0.665	17.450	55.180
0.664	17.433	55.191
0.663	17.415	55.191
0.663	17.395	55.190
0.662	17.369	55.191
0.661	17.348	55.186
0.661	17.335	55.189
0.660	17.328	55.186
0.660	17.322	55.186
0.660	17.315	55.184
0.659	17.305	55.185
0.659	17.298	55.184
0.659	17.291	55.180
0.658	17.272	55.179
0.658	17.262	55.180
0.657	17.254	55.179
0.657	17.248	55.179
0.657	17.231	55.185
0.656	17.221	55.175
0.656	17.214	55.178
0.656	17.210	55.177
0.656	17.208	55.179
0.656	17.203	55.177
0.656	17.195	55.181
0.655	17.183	55.176
0.654	17.159	55.176
0.653	17.140	55.178
0.652	17.111	55.179
0.652	17.099	55.181
0.652	17.082	55.189
0.651	17.079	55.168
0.651	17.060	55.176
0.650	17.048	55.175
0.650	17.039	55.177
0.650	17.032	55.176
0.649	17.015	55.186
0.649	17.006	55.176
0.648	16.984	55.179
0.646	16.938	55.179
0.644	16.899	55.184
0.644	16.885	55.183
0.644	16.878	55.181
0.644	16.867	55.178
0.643	16.853	55.178
0.643	16.833	55.179
0.642	16.821	55.178
0.641	16.803	55.179
0.641	16.784	55.189
0.640	16.771	55.188
0.639	16.758	55.183
0.639	16.749	55.183
0.639	16.743	55.182
0.639	16.738	55.182
0.639	16.731	55.189
0.639	16.729	55.183
0.639	16.723	55.181
0.638	16.715	55.184
0.638	16.712	55.181
0.638	16.707	55.183
0.638	16.702	55.183
0.638	16.698	55.187
0.638	16.697	55.179
0.637	16.686	55.182
0.637	16.676	55.187
0.637	16.664	55.188
0.637	16.663	55.185
0.636	16.655	55.188
0.636	16.650	55.183
0.636	16.642	55.182
0.636	16.636	55.180
0.636	16.631	55.183
0.635	16.625	55.180
0.635	16.616	55.193
0.635	16.616	55.185
0.635	16.611	55.180
0.635	16.605	55.184
0.634	16.600	55.183
0.634	16.591	55.182
0.634	16.578	55.193
0.633	16.574	55.181
0.633	16.564	55.181
0.633	16.556	55.184
0.633	16.552	55.185
0.633	16.553	55.182
0.633	16.551	55.182
0.633	16.544	55.179
0.632	16.538	55.177
0.632	16.528	55.179
0.631	16.512	55.179
0.631	16.501	55.180
0.631	16.494	55.172
0.630	16.482	55.177
0.630	16.481	55.171
0.630	16.472	55.175
0.630	16.466	55.172
0.629	16.457	55.176
0.629	16.445	55.175
0.629	16.436	55.184
0.629	16.438	55.173
0.629	16.363	55.301
0.628	16.418	55.175
0.626	16.388	55.179
0.626	16.364	55.177
0.625	16.341	55.184
0.625	16.342	55.172
0.625	16.336	55.174
0.624	16.326	55.177
0.624	16.316	55.172
0.623	16.298	55.176
0.623	16.282	55.183
0.623	16.278	55.173
0.622	16.267	55.171
0.621	16.249	55.178
0.621	16.244	55.171
0.621	16.237	55.172
0.621	16.233	55.173
0.621	16.222	55.174
0.620	16.214	55.172
0.620	16.204	55.171
0.620	16.196	55.174
0.620	16.193	55.175
0.620	16.189	55.173
0.619	16.162	55.171
0.618	16.138	55.168
0.617	16.120	55.183
0.617	16.106	55.171
0.616	16.091	55.172
0.615	16.077	55.171
0.615	16.054	55.185
0.614	16.040	55.172
0.614	16.026	55.171
0.614	16.016	55.174
0.613	16.003	55.178
0.612	15.978	55.175
0.610	15.936	55.178
0.608	15.881	55.181
0.608	15.867	55.180
0.607	15.854	55.177
0.607	15.846	55.178
0.607	15.835	55.180
0.606	15.813	55.182
0.605	15.802	55.177
0.605	15.788	55.179
0.604	15.764	55.181
0.604	15.758	55.177
0.604	15.746	55.177
0.603	15.729	55.187
0.603	15.720	55.179
0.602	15.703	55.179
0.601	15.677	55.177
0.601	15.662	55.177
0.600	15.647	55.180
0.599	15.619	55.177
0.599	15.596	55.183
0.598	15.585	55.183
0.598	15.578	55.181
0.597	15.565	55.184
0.597	15.552	55.182
0.597	15.537	55.190
0.596	15.525	55.182
0.596	15.514	55.179
0.595	15.493	55.180
0.595	15.483	55.181
0.594	15.464	55.184
0.593	15.450	55.177
0.593	15.435	55.178
0.592	15.422	55.177
0.592	15.412	55.180
0.592	15.403	55.181
0.591	15.390	55.179
0.591	15.379	55.181
0.590	15.363	55.188
0.590	15.348	55.178
0.589	15.334	55.176
0.588	15.319	55.178
0.588	15.303	55.179
0.587	15.283	55.176
0.587	15.259	55.188
0.586	15.254	55.179
0.586	15.247	55.177
0.585	15.230	55.178
0.585	15.210	55.182
0.584	15.191	55.181
0.584	15.172	55.174
0.583	15.156	55.180
0.583	15.142	55.182
0.582	15.132	55.178
0.582	15.116	55.186
0.582	15.105	55.185
0.581	15.097	55.181
0.581	15.084	55.185
0.581	15.076	55.185
0.580	15.066	55.185
0.580	15.060	55.183
0.580	15.046	55.185
0.579	15.037	55.181
0.579	15.021	55.188
0.578	15.011	55.185
0.578	15.001	55.184
0.577	14.983	55.185
0.577	14.968	55.186
0.576	14.952	55.190
0.575	14.939	55.191
0.575	14.929	55.191
0.575	14.918	55.185
0.574	14.898	55.188
0.573	14.881	55.192
0.573	14.871	55.192
0.572	14.857	55.192
0.572	14.846	55.192
0.572	14.836	55.193
0.571	14.809	55.201
0.570	14.794	55.198
0.569	14.780	55.185
0.568	14.739	55.201
0.568	14.721	55.196
0.567	14.698	55.199
0.566	14.681	55.198
0.566	14.665	55.199
0.566	14.653	55.200
0.565	14.632	55.210
0.565	14.620	55.201
0.564	14.601	55.206
0.563	14.586	55.207
0.563	14.571	55.205
0.562	14.559	55.204
0.562	14.544	55.217
0.561	14.526	55.204
0.561	14.508	55.206
0.560	14.500	55.205
0.560	14.485	55.206
0.559	14.465	55.206
0.558	14.451	55.212
0.558	14.442	55.210
0.557	14.427	55.211
0.557	14.406	55.212
0.557	14.394	55.215
0.556	14.385	55.211
0.555	14.371	55.216
0.555	14.352	55.216
0.554	14.327	55.213
0.553	14.317	55.213
0.553	14.298	55.212
0.552	14.279	55.208
0.551	14.252	55.216
0.550	14.217	55.217
0.549	14.177	55.215
0.548	14.158	55.218
0.548	14.144	55.218
0.547	14.127	55.217
0.547	14.108	55.222
0.546	14.096	55.220
0.546	14.090	55.217
0.545	14.078	55.219
0.545	14.064	55.218
0.545	14.049	55.222
0.544	14.037	55.220
0.544	14.023	55.229
0.543	14.013	55.221
0.543	14.001	55.224
0.542	13.981	55.225
0.542	13.971	55.220
0.541	13.956	55.216
0.541	13.940	55.229
0.541	13.937	55.223
0.540	13.927	55.219
0.540	13.914	55.219
0.539	13.899	55.221
0.538	13.888	55.222
0.538	13.871	55.229
0.537	13.856	55.218
0.537	13.844	55.216
0.536	13.834	55.221
0.536	13.822	55.220
0.536	13.809	55.216
0.535	13.793	55.226
0.535	13.784	55.218
0.535	13.776	55.218
0.534	13.771	55.216
0.534	13.760	55.220
0.534	13.743	55.218
0.532	13.720	55.214
0.532	13.710	55.222
0.532	13.705	55.217
0.532	13.692	55.214
0.532	13.685	55.220
0.532	13.684	55.216
0.532	13.677	55.215
0.531	13.664	55.227
0.531	13.659	55.215
0.530	13.651	55.216
0.530	13.629	55.221
0.529	13.620	55.215
0.529	13.608	55.217
0.529	13.594	55.225
0.528	13.586	55.219
0.528	13.574	55.218
0.528	13.566	55.217
0.527	13.551	55.217
0.527	13.540	55.214
0.526	13.524	55.213
0.525	13.505	55.217
0.525	13.495	55.214
0.524	13.476	55.218
0.523	13.460	55.213
0.523	13.449	55.201
0.522	13.435	55.215
0.522	13.426	55.219
0.522	13.415	55.219
0.521	13.402	55.221
0.521	13.391	55.222
0.521	13.386	55.218
0.520	13.378	55.220
0.520	13.366	55.228
0.520	13.359	55.219
0.519	13.348	55.219
0.519	13.334	55.221
0.518	13.316	55.220
0.517	13.291	55.221
0.516	13.259	55.235
0.516	13.255	55.224
0.515	13.233	55.229
0.515	13.218	55.233
0.514	13.198	55.224
0.513	13.172	55.228
0.512	13.147	55.241
0.512	13.143	55.226
0.511	13.131	55.231
0.511	13.119	55.230
0.511	13.086	55.233
0.510	13.077	55.232
0.510	13.065	55.241
0.509	13.048	55.232
0.508	13.022	55.230
0.507	13.006	55.234
0.507	12.998	55.221
0.506	12.979	55.234
0.505	12.955	55.238
0.505	12.947	55.237
0.505	12.945	55.235
0.505	12.933	55.241
0.504	12.925	55.239
0.504	12.915	55.234
0.504	12.902	55.239
0.503	12.892	55.248
0.503	12.881	55.240
0.502	12.860	55.248
0.501	12.845	55.244
0.501	12.824	55.246
0.499	12.786	55.247
0.498	12.744	55.254
0.496	12.695	55.250
0.495	12.674	55.247
0.494	12.657	55.245
0.494	12.637	55.249
0.493	12.617	55.252
0.493	12.596	55.259
0.492	12.590	55.251
0.492	12.578	55.252
0.492	12.569	55.256
0.491	12.561	55.252
0.491	12.544	55.250
0.490	12.527	55.262
0.490	12.521	55.252
0.489	12.501	55.259
0.488	12.484	55.255
0.488	12.467	55.261
0.487	12.452	55.267
0.487	12.443	55.264
0.486	12.428	55.264
0.486	12.413	55.265
0.485	12.388	55.271
0.484	12.369	55.270
0.483	12.345	55.265
0.481	12.289	55.270
0.480	12.248	55.273
0.479	12.214	55.274
0.478	12.197	55.273
0.477	12.176	55.273
0.476	12.139	55.273
0.475	12.120	55.274
0.475	12.110	55.280
0.474	12.092	55.282
0.474	12.069	55.279
0.473	12.045	55.285
0.472	12.027	55.281
0.471	12.014	55.285
0.471	11.993	55.290
0.470	11.974	55.288
0.469	11.957	55.282
0.469	11.940	55.284
0.468	11.919	55.287
0.467	11.896	55.286
0.466	11.876	55.292
0.466	11.858	55.292
0.465	11.846	55.288
0.465	11.827	55.277
0.464	11.808	55.290
0.464	11.795	55.291
0.463	11.778	55.286
0.463	11.753	55.294
0.462	11.733	55.291
0.461	11.720	55.289
0.461	11.704	55.295
0.460	11.684	55.297
0.459	11.657	55.310
0.459	11.649	55.296
0.458	11.633	55.298
0.458	11.627	55.296
0.458	11.618	55.298
0.457	11.598	55.300
0.456	11.582	55.305
0.456	11.574	55.299
0.456	11.559	55.298
0.455	11.540	55.296
0.454	11.516	55.305
0.454	11.506	55.301
0.453	11.498	55.300
0.453	11.485	55.302
0.452	11.472	55.303
0.452	11.456	55.305
0.451	11.434	55.304
0.450	11.421	55.305
0.450	11.404	55.305
0.450	11.394	55.313
0.449	11.385	55.303
0.448	11.369	55.292
0.448	11.356	55.304
0.448	11.338	55.305
0.447	11.319	55.308
0.447	11.303	55.322
0.446	11.292	55.311
0.446	11.277	55.314
0.445	11.258	55.314
0.445	11.244	55.314
0.444	11.234	55.314
0.444	11.224	55.322
0.444	11.213	55.313
0.443	11.203	55.316
0.443	11.191	55.317
0.443	11.176	55.314
0.442	11.166	55.315
0.442	11.148	55.325
0.441	11.145	55.316
0.441	11.137	55.320
0.440	11.122	55.321
0.439	11.103	55.317
0.439	11.083	55.319
0.438	11.060	55.321
0.437	11.044	55.322
0.436	11.023	55.324
0.436	11.005	55.323
0.435	10.989	55.323
0.435	10.980	55.324
0.434	10.972	55.323
0.434	10.950	55.332
0.433	10.937	55.327
0.432	10.916	55.324
0.430	10.860	55.334
0.429	10.818	55.337
0.429	10.806	55.332
0.428	10.780	55.338
0.428	10.769	55.338
0.427	10.749	55.335
0.427	10.739	55.337
0.426	10.701	55.430
0.426	10.715	55.339
0.425	10.704	55.339
0.425	10.695	55.341
0.425	10.684	55.342
0.425	10.676	55.344
0.424	10.667	55.344
0.424	10.655	55.342
0.423	10.643	55.350
0.423	10.638	55.340
0.423	10.629	55.342
0.422	10.617	55.343
0.422	10.606	55.344
0.422	10.597	55.345
0.421	10.580	55.344
0.420	10.568	55.348
0.420	10.548	55.349
0.419	10.533	55.354
0.419	10.514	55.351
0.418	10.491	55.352
0.417	10.478	55.361
0.417	10.471	55.350
0.416	10.454	55.341
0.415	10.429	55.354
0.414	10.386	55.358
0.413	10.356	55.362
0.412	10.326	55.361
0.411	10.306	55.356
0.411	10.293	55.360
0.410	10.283	55.355
0.410	10.261	55.360
0.409	10.243	55.358
0.408	10.225	55.363
0.408	10.214	55.357
0.407	10.193	55.362
0.407	10.182	55.362
0.407	10.175	55.359
0.407	10.169	55.360
0.407	10.162	55.369
0.406	10.160	55.358
0.406	10.151	55.362
0.406	10.146	55.363
0.405	10.139	55.365
0.405	10.130	55.362
0.404	10.112	55.366
0.404	10.093	55.368
0.403	10.079	55.363
0.403	10.069	55.365
0.402	10.058	55.364
0.402	10.041	55.364
0.401	10.028	55.364
0.401	10.015	55.371
0.400	10.006	55.357
0.400	9.994	55.367
0.400	9.980	55.365
0.399	9.957	55.368
0.398	9.927	55.369
0.397	9.912	55.370
0.396	9.887	55.367
0.395	9.868	55.369
0.395	9.851	55.374
0.394	9.825	55.366
0.393	9.795	55.369
0.390	9.732	55.374
0.390	9.707	55.380
0.390	9.703	55.372
0.389	9.694	55.378
0.388	9.668	55.375
0.388	9.660	55.383
0.388	9.654	55.374
0.387	9.635	55.376
0.387	9.618	55.374
0.386	9.598	55.371
0.385	9.571	55.370
0.385	9.556	55.373
0.384	9.546	55.376
0.384	9.535	55.381
0.383	9.530	55.370
0.383	9.511	55.372
0.382	9.484	55.372
0.381	9.461	55.381
0.381	9.448	55.374
0.381	9.438	55.369
0.380	9.430	55.373
0.380	9.420	55.368
0.380	9.408	55.370
0.379	9.392	55.372
0.379	9.379	55.375
0.378	9.367	55.379
0.378	9.347	55.376
0.377	9.334	55.374
0.377	9.329	55.376
0.377	9.320	55.377
0.376	9.310	55.384
0.376	9.303	55.376
0.376	9.294	55.378
0.375	9.284	55.376
0.374	9.256	55.378
0.373	9.233	55.376
0.373	9.221	55.387
0.373	9.214	55.379
0.372	9.204	55.378
0.372	9.194	55.375
0.372	9.183	55.374
0.371	9.170	55.378
0.371	9.159	55.388
0.371	9.155	55.378
0.370	9.144	55.376
0.370	9.133	55.382
0.370	9.127	55.381
0.369	9.118	55.379
0.369	9.109	55.376
0.369	9.105	55.369
0.369	9.094	55.375
0.368	9.082	55.374
0.368	9.071	55.374
0.367	9.057	55.374
0.367	9.046	55.376
0.366	9.033	55.385
0.366	9.020	55.375
0.365	9.012	55.374
0.365	9.003	55.372
0.365	8.992	55.372
0.364	8.982	55.372
0.364	8.970	55.385
0.364	8.958	55.377
0.363	8.940	55.378
0.363	8.928	55.376
0.363	8.919	55.376
0.362	8.906	55.376
0.362	8.895	55.375
0.361	8.877	55.373
0.361	8.866	55.377
0.361	8.860	55.372
0.360	8.856	55.375
0.360	8.845	55.372
0.359	8.826	55.385
0.359	8.818	55.375
0.359	8.805	55.373
0.358	8.786	55.380
0.358	8.777	55.374
0.358	8.772	55.378
0.358	8.769	55.382
0.357	8.764	55.361
0.357	8.756	55.371
0.357	8.747	55.372
0.356	8.736	55.373
0.356	8.722	55.375
0.355	8.713	55.374
0.355	8.707	55.378
0.355	8.698	55.379
0.354	8.680	55.376
0.353	8.660	55.375
0.352	8.638	55.374
0.352	8.631	55.379
0.352	8.629	55.378
0.352	8.621	55.375
0.352	8.611	55.372
0.351	8.591	55.379
0.351	8.583	55.376
0.350	8.577	55.377
0.350	8.572	55.381
0.350	8.559	55.377
0.349	8.532	55.379
0.348	8.515	55.377
0.347	8.499	55.379
0.347	8.479	55.377
0.346	8.460	55.381
0.346	8.450	55.372
0.345	8.434	55.377
0.345	8.419	55.376
0.345	8.408	55.372
0.344	8.389	55.374
0.344	8.375	55.374
0.343	8.362	55.377
0.343	8.355	55.372
0.342	8.336	55.373
0.342	8.320	55.375
0.342	8.309	55.382
0.341	8.298	55.376
0.341	8.284	55.369
0.340	8.275	55.374
0.340	8.269	55.372
0.340	8.259	55.367
0.339	8.251	55.373
0.339	8.243	55.376
0.339	8.229	55.369
0.338	8.220	55.373
0.338	8.212	55.369
0.338	8.203	55.368
0.337	8.187	55.374
0.336	8.171	55.374
0.336	8.141	55.371
0.335	8.121	55.371
0.334	8.111	55.367
0.334	8.103	55.370
0.334	8.097	55.367
0.333	8.083	55.370
0.332	8.061	55.373
0.332	8.045	55.368
0.332	8.027	55.369
0.331	8.019	55.364
0.331	8.005	55.359
0.330	7.982	55.361
0.329	7.957	55.366
0.328	7.935	55.366
0.328	7.915	55.362
0.327	7.900	55.369
0.327	7.891	55.365
0.326	7.879	55.367
0.326	7.864	55.372
0.326	7.853	55.363
0.326	7.845	55.362
0.325	7.831	55.365
0.324	7.819	55.365
0.324	7.802	55.372
0.323	7.789	55.366
0.323	7.774	55.368
0.322	7.759	55.366
0.322	7.744	55.368
0.321	7.734	55.364
0.321	7.727	55.370
0.320	7.712	55.366
0.320	7.702	55.360
0.320	7.693	55.362
0.319	7.678	55.359
0.319	7.662	55.358
0.318	7.641	55.368
0.317	7.628	55.361
0.317	7.617	55.363
0.317	7.613	55.359
0.317	7.611	55.355
0.317	7.606	55.357
0.317	7.601	55.349
0.316	7.593	55.364
0.316	7.590	55.354
0.316	7.581	55.358
0.315	7.566	55.353
0.315	7.546	55.356
0.314	7.524	55.356
0.313	7.511	55.357
0.313	7.496	55.355
0.313	7.487	55.351
0.312	7.469	55.352
0.312	7.458	55.351
0.312	7.453	55.350
0.311	7.440	55.358
0.311	7.425	55.354
0.310	7.406	55.356
0.310	7.391	55.353
0.309	7.380	55.352
0.309	7.367	55.356
0.308	7.356	55.364
0.307	7.328	55.356
0.306	7.304	55.353
0.306	7.286	55.356
0.305	7.273	55.355
0.304	7.253	55.356
0.304	7.237	55.359
0.303	7.227	55.353
0.303	7.220	55.353
0.303	7.208	55.354
0.302	7.189	55.352
0.301	7.166	55.353
0.301	7.156	55.356
0.301	7.146	55.354
0.300	7.140	55.352
0.300	7.135	55.356
0.300	7.128	55.357
0.300	7.123	55.352
0.300	7.115	55.365
0.299	7.108	55.356
0.299	7.099	55.353
0.298	7.076	55.354
0.297	7.057	55.360
0.297	7.042	55.355
0.296	7.029	55.359
0.295	7.005	55.362
0.294	6.967	55.362
0.294	6.951	55.359
0.293	6.926	55.360
0.292	6.904	55.370
0.291	6.880	55.362
0.290	6.854	55.364
0.289	6.836	55.364
0.288	6.811	55.365
0.288	6.796	55.365
0.287	6.777	55.369
0.287	6.761	55.364
0.286	6.753	55.364
0.286	6.742	55.364
0.285	6.724	55.351
0.285	6.704	55.376
0.284	6.695	55.366
0.284	6.686	55.365
0.284	6.683	55.367
0.284	6.673	55.368
0.283	6.661	55.368
0.283	6.656	55.377
0.283	6.653	55.369
0.283	6.646	55.369
0.282	6.634	55.369
0.282	6.621	55.374
0.282	6.609	55.368
0.281	6.596	55.371
0.281	6.578	55.375
0.280	6.565	55.377
0.280	6.553	55.374
0.279	6.534	55.375
0.279	6.521	55.369
0.278	6.498	55.376
0.277	6.480	55.379
0.276	6.449	55.373
0.275	6.433	55.376
0.275	6.418	55.382
0.274	6.394	55.375
0.273	6.370	55.388
0.273	6.353	55.378
0.272	6.335	55.378
0.271	6.324	55.381
0.271	6.314	55.363
0.270	6.298	55.379
0.270	6.288	55.380
0.270	6.273	55.382
0.269	6.256	55.382
0.269	6.242	55.384
0.268	6.228	55.386
0.268	6.218	55.392
0.267	6.209	55.389
0.267	6.201	55.386
0.267	6.189	55.388
0.267	6.181	55.387
0.267	6.177	55.388
0.266	6.172	55.388
0.266	6.167	55.394
0.266	6.162	55.389
0.266	6.157	55.394
0.266	6.153	55.390
0.266	6.148	55.391
0.266	6.138	55.393
0.266	6.127	55.395
0.266	6.117	55.397
0.266	6.109	55.393
0.266	6.093	55.396
0.266	6.081	55.395
0.266	6.078	55.396
0.266	6.071	55.405
0.266	6.049	55.398
0.266	6.030	55.396
0.266	6.015	55.398
0.266	6.005	55.390
0.266	5.998	55.402
0.266	5.991	55.403
0.266	5.987	55.400
0.266	5.977	55.400
0.266	5.973	55.397
0.266	5.967	55.400
0.266	5.959	55.400
0.266	5.948	55.400
0.267	5.943	55.503
0.266	5.937	55.416
0.266	5.929	55.408
0.266	5.925	55.402
0.266	5.918	55.405
0.266	5.915	55.403
0.266	5.910	55.413
0.266	5.905	55.405
0.266	5.903	55.403
0.266	5.901	55.405
0.266	5.897	55.404
0.266	5.895	55.405
0.266	5.892	55.413
0.266	5.892	55.407
0.266	5.891	55.403
0.266	5.891	55.401
0.266	5.889	55.403
0.266	5.885	55.406
0.266	5.883	55.409
0.266	5.880	55.407
0.266	5.877	55.406
0.266	5.876	55.403
0.265	5.874	55.372
0.266	5.872	55.407
0.266	5.871	55.405
0.266	5.870	55.413
0.266	5.868	55.420
0.266	5.864	55.408
0.266	5.862	55.405
0.266	5.860	55.406
0.266	5.857	55.410
0.266	5.854	55.421
0.266	5.853	55.409
0.266	5.850	55.411
0.266	5.848	55.411
0.266	5.847	55.408
0.266	5.843	55.412
0.266	5.842	55.413
0.266	5.840	55.414
0.266	5.837	55.416
0.266	5.837	55.411
0.266	5.834	55.412
0.266	5.831	55.414
0.266	5.829	55.417
0.266	5.828	55.422
0.266	5.824	55.414
0.266	5.823	55.411
0.266	5.821	55.413
0.266	5.819	55.413
0.266	5.817	55.414
0.266	5.815	55.420
0.266	5.813	55.417
0.266	5.810	55.415
0.266	5.809	55.400
0.266	5.807	55.416
0.266	5.806	55.416
0.266	5.805	55.417
0.266	5.803	55.420
0.266	5.801	55.415
0.266	5.799	55.414
0.266	5.798	55.414
0.266	5.794	55.414
0.266	5.792	55.415
0.266	5.789	55.426
0.266	5.787	55.414
0.266	5.783	55.419
0.266	5.782	55.417
0.266	5.781	55.414
0.266	5.778	55.416
0.266	5.775	55.424
0.266	5.773	55.418
0.266	5.771	55.417
0.266	5.769	55.419
0.266	5.769	55.417
0.266	5.766	55.419
0.266	5.764	55.417
0.266	5.762	55.424
0.266	5.762	55.415
0.266	5.760	55.420
0.266	5.758	55.417
0.266	5.755	55.417
0.266	5.752	55.424
0.266	5.749	55.426
0.266	5.748	55.414
0.266	5.746	55.416
0.266	5.746	55.415
0.266	5.745	55.418
0.266	5.745	55.419
0.266	5.746	55.425
0.266	5.746	55.417
0.266	5.745	55.417
0.266	5.746	55.419
0.266	5.745	55.420
0.266	5.746	55.417
0.266	5.745	55.419
0.266	5.746	55.421
0.266	5.746	55.419
0.266	5.745	55.419
0.266	5.745	55.418
0.266	5.745	55.420
0.266	5.745	55.420
0.266	5.746	55.426
0.266	5.745	55.417
0.266	5.746	55.414
0.266	5.745	55.416
0.266	5.746	55.414
0.266	5.745	55.420
0.266	5.745	55.426
0.266	5.745	55.414
0.266	5.745	55.416
0.266	5.746	55.414
0.266	5.746	55.412
0.266	5.746	55.412
0.266	5.745	55.416
0.266	5.746	55.415
0.266	5.745	55.415
0.266	5.745	55.400
0.266	5.745	55.416
0.266	5.745	55.414
0.266	5.746	55.410
0.266	5.746	55.417
0.266	5.745	55.414
0.266	5.745	55.413
0.266	5.746	55.408
0.266	5.745	55.411
0.266	5.746	55.409
0.266	5.746	55.415
0.266	5.745	55.411
0.266	5.745	55.412
0.266	5.746	55.406
0.266	5.745	55.410
0.266	5.745	55.410
0.266	5.746	55.406
0.266	5.745	55.410
0.266	5.745	55.407
0.266	5.746	55.404
0.266	5.746	55.404
0.266	5.745	55.410
0.266	5.745	55.405
0.266	5.746	55.413
0.266	5.745	55.406
0.266	5.745	55.406
0.266	5.746	55.403
0.266	5.745	55.404
0.266	5.746	55.406
0.266	5.745	55.412
0.266	5.745	55.402
0.266	5.745	55.389
0.266	5.746	55.400
0.266	5.745	55.401
0.266	5.745	55.402
0.266	5.745	55.403
0.266	5.745	55.404
0.266	5.745	55.399
0.266	5.745	55.400
0.266	5.745	55.401
0.266	5.745	55.396
0.266	5.745	55.397
0.266	5.746	55.406
0.266	5.745	55.399
0.266	5.745	55.396
0.266	5.745	55.397
0.266	5.746	55.397
0.266	5.745	55.393
0.266	5.745	55.404
0.266	5.745	55.396
0.266	5.746	55.391
0.266	5.745	55.392
0.266	5.746	55.391
0.266	5.745	55.393