0.266	5.745	55.390
0.266	5.745	55.395
0.266	5.746	55.388
0.266	5.745	55.391
0.266	5.746	55.387
0.266	5.746	55.386
0.266	5.745	55.388
0.266	5.746	55.395
0.266	5.745	55.373
0.266	5.745	55.389
0.266	5.745	55.389
0.266	5.746	55.383
0.266	5.746	55.383
0.266	5.745	55.392
0.266	5.745	55.384
0.266	5.745	55.382
0.266	5.746	55.380
0.266	5.745	55.382
0.266	5.749	55.382
0.266	5.754	55.383
0.266	5.758	55.383
0.266	5.763	55.377
0.266	5.767	55.378
0.266	5.770	55.381
0.266	5.773	55.380
0.266	5.776	55.378
0.266	5.780	55.388
0.266	5.782	55.375
0.266	5.783	55.375
0.266	5.784	55.378
0.266	5.787	55.378
0.266	5.790	55.376
0.266	5.792	55.387
0.266	5.794	55.370
0.266	5.794	55.379
0.266	5.796	55.374
0.266	5.797	55.375
0.266	5.799	55.375
0.266	5.802	55.371
0.266	5.804	55.364
0.266	5.805	55.370
0.266	5.807	55.370
0.266	5.809	55.370
0.266	5.810	55.369
0.266	5.813	55.369
0.266	5.816	55.376
0.266	5.818	55.367
0.266	5.820	55.369
0.266	5.822	55.364
0.266	5.824	55.367
0.266	5.829	55.362
0.266	5.830	55.373
0.266	5.831	55.360
0.266	5.834	55.357
0.266	5.836	55.364
0.266	5.841	55.363
0.266	5.842	55.359
0.266	5.844	55.362
0.266	5.848	55.355
0.266	5.850	55.356
0.266	5.854	55.354
0.266	5.857	55.353
0.266	5.861	55.358
0.266	5.863	55.354
0.266	5.866	55.354
0.266	5.868	55.352
0.266	5.870	55.351
0.266	5.872	55.347
0.266	5.873	55.348
0.266	5.876	55.345
0.266	5.876	55.358
0.265	5.877	55.321
0.266	5.878	55.347
0.266	5.880	55.345
0.266	5.882	55.345
0.266	5.885	55.343
0.266	5.887	55.341
0.266	5.890	55.342
0.266	5.893	55.341
0.266	5.901	55.339
0.266	5.904	55.339
0.266	5.908	55.335
0.266	5.910	55.335
0.266	5.914	55.342
0.266	5.916	55.332
0.266	5.920	55.331
0.266	5.926	55.334
0.266	5.930	55.333
0.266	5.934	55.333
0.266	5.939	55.339
0.266	5.943	55.329
0.266	5.948	55.325
0.266	5.952	55.327
0.266	5.959	55.325
0.266	5.964	55.323
0.266	5.967	55.323
0.266	5.973	55.326
0.266	5.988	55.320
0.266	5.997	55.318
0.266	6.012	55.319
0.266	6.024	55.319
0.266	6.035	55.319
0.266	6.046	55.305
0.266	6.060	55.314
0.266	6.094	55.310
0.266	6.118	55.315
0.267	6.138	55.306
0.267	6.151	55.310
0.267	6.163	55.310
0.268	6.177	55.306
0.269	6.196	55.304
0.270	6.221	55.301
0.270	6.235	55.296
0.271	6.251	55.294
0.272	6.271	55.288
0.272	6.292	55.285
0.273	6.312	55.287
0.274	6.335	55.285
0.274	6.346	55.285
0.275	6.355	55.282
0.275	6.373	55.281
0.276	6.392	55.279
0.276	6.403	55.282
0.277	6.419	55.276
0.278	6.440	55.274
0.279	6.465	55.276
0.279	6.479	55.275
0.279	6.494	55.272
0.280	6.515	55.268
0.281	6.532	55.266
0.281	6.543	55.268
0.281	6.554	55.251
0.282	6.575	55.257
0.282	6.589	55.258
0.283	6.601	55.254
0.283	6.618	55.259
0.284	6.635	55.251
0.285	6.649	55.252
0.285	6.664	55.253
0.286	6.678	55.249
0.287	6.702	55.251
0.287	6.721	55.244
0.288	6.738	55.246
0.288	6.753	55.243
0.289	6.763	55.239
0.289	6.770	55.239
0.289	6.780	55.237
0.290	6.797	55.241
0.291	6.817	55.234
0.291	6.824	55.243
0.292	6.840	55.229
0.292	6.857	55.231
0.293	6.879	55.229
0.294	6.890	55.228
0.294	6.901	55.226
0.294	6.913	55.230
0.295	6.933	55.224
0.295	6.947	55.217
0.296	6.963	55.221
0.297	6.985	55.217
0.297	6.994	55.202
0.297	7.004	55.215
0.297	7.012	55.211
0.298	7.018	55.211
0.298	7.026	55.211
0.298	7.033	55.209
0.298	7.041	55.204
0.298	7.042	55.213
0.298	7.049	55.203
0.299	7.056	55.201
0.299	7.062	55.196
0.299	7.064	55.201
0.299	7.074	55.198
0.300	7.090	55.207
0.301	7.109	55.194
0.301	7.119	55.195
0.301	7.129	55.191
0.302	7.139	55.189
0.302	7.148	55.195
0.303	7.156	55.201
0.303	7.166	55.188
0.303	7.180	55.187
0.304	7.193	55.182
0.304	7.203	55.183
0.305	7.216	55.186
0.305	7.226	55.186
0.306	7.238	55.182
0.306	7.254	55.173
0.307	7.266	55.176
0.307	7.279	55.174
0.307	7.289	55.159
0.308	7.301	55.178
0.308	7.316	55.168
0.309	7.330	55.167
0.310	7.344	55.250
0.310	7.359	55.217
0.311	7.373	55.165
0.311	7.386	55.167
0.312	7.400	55.164
0.312	7.409	55.158
0.312	7.420	55.158
0.313	7.439	55.158
0.313	7.450	55.159
0.313	7.460	55.159
0.314	7.470	55.154
0.314	7.489	55.153
0.315	7.505	55.154
0.315	7.523	55.150
0.316	7.535	55.150
0.316	7.543	55.154
0.317	7.564	55.145
0.318	7.593	55.144
0.318	7.604	55.142
0.319	7.611	55.144
0.319	7.621	55.142
0.320	7.643	55.139
0.320	7.656	55.139
0.321	7.668	55.135
0.321	7.675	55.134
0.321	7.683	55.131
0.322	7.696	55.127
0.322	7.709	55.133
0.323	7.727	55.131
0.323	7.740	55.133
0.324	7.760	55.129
0.325	7.770	55.127
0.326	7.786	55.129
0.326	7.806	55.126
0.327	7.823	55.117
0.327	7.842	55.114
0.328	7.862	55.119
0.329	7.881	55.113
0.329	7.892	55.119
0.329	7.903	55.118
0.330	7.920	55.111
0.330	7.938	55.110
0.331	7.949	55.107
0.331	7.967	55.110
0.332	7.984	55.111
0.332	7.993	55.114
0.333	8.010	55.102
0.333	8.018	55.104
0.333	8.025	55.105
0.333	8.030	55.101
0.334	8.045	55.102
0.334	8.068	55.109
0.335	8.094	55.100
0.337	8.114	55.098
0.338	8.136	55.096
0.339	8.170	55.082
0.340	8.203	55.092
0.341	8.228	55.097
0.342	8.257	55.090
0.343	8.276	55.084
0.344	8.298	55.084
0.344	8.314	55.082
0.344	8.329	55.081
0.345	8.359	55.084
0.346	8.374	55.079
0.346	8.385	55.081
0.347	8.403	55.077
0.347	8.424	55.075
0.348	8.441	55.082
0.348	8.457	55.072
0.349	8.472	55.075
0.349	8.488	55.075
0.350	8.515	55.071
0.351	8.547	55.071
0.352	8.567	55.081
0.352	8.581	55.069
0.353	8.598	55.064
0.354	8.610	55.062
0.354	8.623	55.066
0.355	8.638	55.066
0.355	8.650	55.063
0.356	8.667	55.060
0.356	8.683	55.064
0.357	8.702	55.067
0.358	8.728	55.068
0.359	8.753	55.035
0.360	8.772	55.070
0.361	8.796	55.057
0.361	8.817	55.059
0.362	8.831	55.058
0.362	8.844	55.057
0.362	8.853	55.055
0.363	8.862	55.056
0.363	8.870	55.062
0.363	8.874	55.058
0.363	8.886	55.062
0.364	8.904	55.058
0.364	8.920	55.054
0.365	8.947	55.065
0.366	8.970	55.054
0.367	8.989	55.054
0.367	9.007	55.055
0.367	9.016	55.052
0.368	9.024	55.051
0.368	9.038	55.059
0.369	9.061	55.055
0.370	9.071	55.050
0.370	9.076	55.050
0.370	9.086	55.050
0.371	9.100	55.052
0.371	9.108	55.058
0.371	9.118	55.049
0.371	9.125	55.046
0.372	9.128	55.046
0.372	9.132	55.036
0.372	9.140	55.047
0.372	9.151	55.044
0.373	9.159	55.047
0.373	9.168	55.045
0.374	9.185	55.051
0.374	9.199	55.044
0.375	9.209	55.043
0.375	9.219	55.043
0.375	9.228	55.044
0.376	9.240	55.038
0.376	9.257	55.041
0.377	9.280	55.040
0.378	9.297	55.038
0.378	9.303	55.040
0.379	9.314	55.042
0.379	9.325	55.035
0.379	9.332	55.038
0.380	9.344	55.039
0.380	9.360	55.036
0.380	9.372	55.029
0.381	9.378	55.040
0.381	9.390	55.032
0.382	9.405	55.029
0.382	9.416	55.027
0.382	9.423	55.026
0.383	9.437	55.028
0.383	9.455	55.036
0.384	9.490	55.025
0.385	9.511	55.023
0.385	9.523	55.013
0.386	9.529	55.026
0.387	9.551	55.026
0.388	9.571	55.029
0.388	9.584	55.025
0.388	9.594	55.018
0.389	9.602	55.024
0.389	9.608	55.023
0.389	9.620	55.025
0.390	9.629	55.029
0.390	9.644	55.024
0.391	9.663	55.021
0.391	9.680	55.023
0.392	9.693	55.023
0.393	9.710	55.018
0.394	9.734	55.025
0.395	9.765	55.020
0.395	9.787	55.017
0.396	9.807	55.016
0.397	9.830	55.017
0.397	9.846	55.016
0.398	9.862	55.026
0.398	9.879	55.014
0.399	9.892	55.021
0.399	9.905	55.015
0.400	9.916	55.014
0.400	9.927	55.013
0.400	9.935	55.023
0.401	9.946	55.014
0.401	9.959	55.012
0.402	9.985	54.998
0.403	10.002	55.018
0.403	10.007	55.016
0.403	10.021	55.020
0.404	10.033	55.010
0.404	10.038	55.010
0.404	10.044	55.013
0.404	10.049	55.009
0.404	10.053	55.011
0.404	10.059	55.023
0.405	10.071	55.010
0.405	10.077	55.015
0.405	10.083	55.014
0.406	10.088	55.015
0.406	10.093	55.012
0.406	10.096	55.011
0.406	10.099	55.015
0.406	10.104	55.017
0.406	10.109	55.019
0.407	10.113	55.016
0.407	10.118	55.016
0.407	10.128	55.016
0.407	10.132	55.020
0.407	10.138	55.016
0.408	10.146	55.015
0.408	10.153	55.015
0.408	10.161	55.016
0.409	10.176	55.012
0.409	10.185	55.018
0.410	10.200	55.016
0.410	10.219	55.003
0.411	10.233	55.014
0.411	10.244	55.012
0.412	10.251	55.011
0.412	10.268	55.023
0.413	10.284	55.016
0.413	10.291	55.014
0.413	10.297	55.014
0.413	10.306	55.012
0.414	10.319	55.016
0.414	10.332	55.022
0.414	10.342	55.013
0.415	10.353	55.014
0.415	10.361	55.011
0.415	10.367	55.011
0.416	10.375	55.019
0.416	10.383	55.020
0.416	10.392	55.010
0.416	10.400	55.009
0.417	10.421	55.015
0.418	10.434	55.011
0.418	10.446	55.016
0.419	10.467	55.017
0.420	10.482	55.015
0.420	10.492	55.017
0.421	10.506	55.014
0.421	10.512	55.015
0.421	10.518	55.011
0.421	10.529	55.011
0.422	10.538	55.020
0.422	10.547	55.011
0.422	10.556	54.998
0.423	10.565	55.011
0.423	10.573	55.006
0.423	10.581	55.007
0.424	10.592	55.018
0.424	10.603	55.010
0.425	10.616	55.010
0.425	10.634	55.010
0.426	10.648	55.007
0.426	10.657	55.010
0.427	10.666	55.018
0.427	10.678	55.011
0.427	10.690	55.011
0.428	10.707	55.006
0.429	10.728	55.009
0.429	10.738	55.012
0.429	10.743	55.006
0.429	10.748	55.013
0.430	10.758	55.010
0.430	10.768	55.010
0.430	10.775	55.011
0.430	10.780	55.012
0.431	10.790	55.009
0.431	10.804	55.018
0.431	10.813	55.009
0.431	10.817	55.018
0.432	10.824	55.009
0.432	10.831	55.016
0.432	10.840	55.016
0.432	10.844	55.018
0.433	10.852	55.011
0.433	10.859	55.011
0.433	10.867	55.015
0.433	10.874	55.017
0.433	10.890	55.014
0.434	10.893	55.028
0.434	10.900	55.018
0.434	10.912	55.024
0.435	10.918	55.020
0.435	10.923	55.019
0.435	10.931	55.020
0.436	10.941	55.026
0.436	10.951	55.018
0.437	10.973	55.021
0.437	10.983	55.020
0.438	10.990	55.018
0.438	11.000	55.018
0.438	11.002	55.026
0.439	11.011	55.016
0.439	11.018	55.018
0.439	11.031	55.021
0.440	11.038	55.023
0.440	11.042	55.019
0.440	11.049	55.017
0.440	11.052	55.025
0.441	11.061	55.022
0.441	11.075	55.019
0.441	11.090	55.019
0.442	11.108	55.018
0.442	11.119	55.025
0.442	11.124	55.020
0.443	11.132	55.008
0.443	11.138	55.019
0.443	11.143	55.019
0.444	11.152	55.021
0.445	11.169	55.020
0.445	11.177	55.022
0.445	11.182	55.020
0.445	11.192	55.019
0.445	11.201	55.017
0.445	11.212	55.018
0.446	11.225	55.020
0.446	11.231	55.024
0.446	11.235	55.020
0.446	11.242	55.013
0.447	11.244	55.017
0.447	11.248	55.014
0.447	11.254	55.015
0.447	11.265	55.020
0.448	11.282	55.013
0.448	11.288	55.015
0.448	11.295	55.011
0.448	11.302	55.012
0.449	11.309	55.010
0.449	11.313	55.009
0.449	11.320	55.006
0.449	11.334	55.004
0.450	11.356	55.002
0.451	11.368	55.005
0.451	11.373	54.998
0.451	11.383	54.999
0.452	11.393	55.000
0.452	11.401	54.988
0.452	11.404	54.998
0.452	11.414	55.002
0.452	11.422	54.996
0.453	11.428	54.996
0.453	11.430	55.005
0.453	11.437	54.993
0.453	11.441	54.995
0.454	11.451	54.993
0.454	11.468	54.994
0.455	11.482	54.993
0.455	11.487	55.002
0.456	11.498	54.991
0.456	11.506	54.990
0.457	11.516	54.992
0.457	11.533	54.990
0.458	11.547	54.987
0.458	11.558	54.986
0.458	11.570	54.987
0.459	11.578	54.987
0.459	11.587	54.987
0.459	11.595	54.985
0.460	11.609	54.985
0.460	11.626	54.985
0.461	11.647	54.985
0.462	11.666	54.989
0.463	11.688	54.985
0.464	11.710	54.979
0.464	11.725	54.978
0.465	11.740	54.984
0.465	11.764	54.958
0.466	11.780	54.973
0.466	11.795	54.976
0.467	11.805	54.973
0.467	11.818	54.971
0.468	11.829	54.970
0.468	11.846	54.971
0.469	11.848	55.014
0.469	11.873	54.971
0.470	11.888	54.971
0.470	11.903	54.970
0.471	11.925	54.967
0.472	11.941	54.970
0.472	11.955	54.969
0.473	11.972	54.967
0.473	11.987	54.966
0.474	11.997	54.964
0.474	12.008	54.969
0.475	12.017	54.971
0.475	12.026	54.969
0.476	12.044	54.963
0.476	12.061	54.966
0.477	12.077	54.962
0.477	12.087	54.963
0.478	12.102	54.970
0.479	12.131	54.961
0.479	12.153	54.959
0.480	12.179	54.960
0.481	12.199	54.957
0.482	12.220	54.958
0.483	12.242	54.965
0.483	12.261	54.958
0.484	12.276	54.960
0.485	12.297	54.955
0.485	12.322	54.954
0.486	12.337	54.953
0.487	12.357	54.952
0.487	12.377	54.951
0.488	12.390	54.953
0.489	12.411	54.955
0.490	12.434	54.955
0.490	12.447	54.956
0.491	12.458	54.952
0.491	12.478	54.949
0.492	12.501	54.943
0.493	12.524	54.941
0.494	12.554	54.942
0.495	12.584	54.941
0.496	12.599	54.941
0.497	12.629	54.944
0.497	12.652	54.942
0.498	12.674	54.943
0.499	12.686	54.941
0.499	12.704	54.944
0.500	12.727	54.935
0.500	12.737	54.949
0.501	12.754	54.940
0.501	12.772	54.936
0.502	12.784	54.939
0.502	12.792	54.940
0.502	12.804	54.938
0.503	12.825	54.932
0.504	12.851	54.932
0.504	12.861	54.936
0.505	12.877	54.938
0.506	12.891	54.937
0.506	12.902	54.931
0.506	12.914	54.932
0.507	12.931	54.933
0.508	12.946	54.929
0.508	12.951	54.933
0.508	12.958	54.932
0.509	12.983	54.931
0.509	12.996	54.934
0.510	13.011	54.940
0.511	13.044	54.932
0.512	13.060	54.934
0.513	13.076	54.928
0.513	13.089	54.928
0.513	13.115	54.928
0.514	13.133	54.939
0.515	13.153	54.934
0.516	13.175	54.929
0.516	13.187	54.929
0.516	13.201	54.931
0.517	13.213	54.930
0.517	13.231	54.926
0.518	13.241	54.930
0.518	13.251	54.930
0.518	13.259	54.931
0.519	13.270	54.930
0.520	13.290	54.924
0.520	13.311	54.923
0.521	13.329	54.933
0.522	13.349	54.925
0.522	13.360	54.924
0.523	13.374	54.925
0.523	13.384	54.925
0.523	13.395	54.925
0.524	13.408	54.934
0.524	13.425	54.923
0.525	13.434	54.930
0.526	13.452	54.924
0.526	13.474	54.922
0.527	13.492	54.924
0.528	13.506	54.933
0.529	13.533	54.930
0.529	13.553	54.923
0.530	13.568	54.926
0.530	13.575	54.926
0.530	13.587	54.921
0.531	13.601	54.934
0.531	13.617	54.923
0.531	13.625	54.923
0.532	13.634	54.924
0.532	13.644	54.923
0.532	13.649	54.925
0.532	13.660	54.922
0.533	13.673	54.927
0.533	13.685	54.921
0.534	13.699	54.922
0.534	13.712	54.919
0.535	13.720	54.920
0.535	13.729	54.920
0.535	13.741	54.911
0.536	13.753	54.922
0.536	13.764	54.924
0.536	13.775	54.921
0.537	13.780	54.923
0.537	13.784	54.921
0.537	13.783	54.930
0.537	13.790	54.925
0.537	13.802	54.922
0.538	13.813	54.923
0.538	13.821	54.921
0.538	13.832	54.923
0.539	13.850	54.928
0.540	13.868	54.924
0.540	13.884	54.919
0.541	13.892	54.920
0.541	13.898	54.920
0.541	13.901	54.920
0.541	13.907	54.927
0.542	13.924	54.924
0.543	13.938	54.919
0.543	13.951	54.918
0.543	13.962	54.918
0.544	13.973	54.922
0.544	13.978	54.928
0.545	13.996	54.924
0.545	14.005	54.922
0.545	14.016	54.916
0.546	14.031	54.921
0.546	14.041	54.920
0.546	14.044	54.914
0.546	14.043	54.921
0.546	14.050	54.917
0.547	14.069	54.912
0.547	14.088	54.912
0.548	14.101	54.922
0.549	14.116	54.912
0.549	14.136	54.913
0.551	14.168	54.915
0.552	14.203	54.914
0.553	14.228	54.912
0.553	14.248	54.913
0.554	14.264	54.913
0.555	14.279	54.917
0.555	14.297	54.913
0.555	14.314	54.913
0.556	14.319	54.912
0.556	14.326	54.906
0.556	14.335	54.905
0.557	14.339	54.918
0.557	14.348	54.905
0.557	14.351	54.909
0.557	14.363	54.908
0.558	14.380	54.907
0.559	14.404	54.906
0.560	14.423	54.915
0.560	14.443	54.904
0.560	14.448	54.905
0.561	14.455	54.902
0.561	14.475	54.904
0.562	14.499	54.886
0.562	14.499	54.911
0.563	14.510	54.905
0.563	14.528	54.902
0.564	14.546	54.901
0.564	14.556	54.901
0.564	14.565	54.901
0.565	14.576	54.897
0.565	14.584	54.902
0.565	14.593	54.898
0.566	14.601	54.898
0.566	14.618	54.898
0.567	14.635	54.895
0.567	14.651	54.896
0.567	14.658	54.899
0.568	14.663	54.894
0.568	14.672	54.893
0.568	14.681	54.893
0.569	14.696	54.892
0.569	14.708	54.893
0.570	14.716	54.903
0.570	14.736	54.891
0.571	14.763	54.888
0.571	14.774	54.887
0.572	14.788	54.886
0.573	14.803	54.884
0.574	14.832	54.882
0.574	14.850	54.883
0.575	14.865	54.879
0.575	14.871	54.880
0.575	14.883	54.870
0.576	14.899	54.873
0.578	14.949	54.876
0.578	14.963	54.872
0.579	14.984	54.873
0.580	15.009	54.870
0.581	15.025	54.875
0.581	15.040	54.870
0.581	15.055	54.872
0.582	15.067	54.867
0.582	15.079	54.867
0.583	15.093	54.865
0.583	15.106	54.864
0.584	15.121	54.861
0.584	15.133	54.872
0.585	15.146	54.861
0.585	15.161	54.858
0.586	15.179	54.857
0.586	15.200	54.857
0.587	15.218	54.853
0.588	15.229	54.856
0.588	15.246	54.850
0.589	15.262	54.845
0.589	15.276	54.846
0.589	15.287	54.847
0.590	15.305	54.843
0.590	15.318	54.840
0.591	15.330	54.839
0.591	15.335	54.838
0.592	15.342	54.837
0.592	15.361	54.824
0.593	15.380	54.833
0.594	15.396	54.839
0.595	15.419	54.833
0.595	15.447	54.829
0.597	15.480	54.832
0.597	15.494	54.828
0.598	15.517	54.824
0.598	15.528	54.835
0.599	15.551	54.820
0.599	15.564	54.820
0.600	15.578	54.820
0.601	15.593	54.819
0.601	15.614	54.822
0.602	15.645	54.822
0.603	15.668	54.809
0.604	15.701	54.809
0.606	15.736	54.807
0.607	15.767	54.807
0.607	15.785	54.803
0.608	15.790	54.816
0.608	15.805	54.802
0.608	15.815	54.802
0.609	15.834	54.801
0.609	15.848	54.799
0.610	15.861	54.800
0.611	15.879	54.804
0.612	15.916	54.798
0.613	15.933	54.797
0.613	15.955	54.795
0.614	15.981	54.781
0.615	15.998	54.794
0.615	16.015	54.790
0.616	16.029	54.794
0.616	16.050	54.788
0.617	16.065	54.788
0.618	16.087	54.787
0.618	16.099	54.786
0.619	16.127	54.783
0.620	16.154	54.791
0.622	16.192	54.782
0.622	16.206	54.784
0.623	16.231	54.782
0.623	16.255	54.778
0.624	16.267	54.789
0.625	16.286	54.779
0.626	16.304	54.777
0.626	16.328	54.779
0.627	16.342	54.778
0.628	16.357	54.777
0.628	16.385	54.778
0.630	16.414	54.772
0.630	16.436	54.773
0.631	16.457	54.774
0.631	16.474	54.772
0.632	16.487	54.772
0.632	16.499	54.774
0.633	16.515	54.770
0.633	16.535	54.769
0.634	16.551	54.770
0.634	16.565	54.752
0.635	16.579	54.771
0.635	16.589	54.781
0.636	16.604	54.772
0.636	16.620	54.768
0.637	16.637	54.770
0.637	16.653	54.766
0.638	16.673	54.767
0.639	16.696	54.772
0.640	16.710	54.766
0.640	16.718	54.764
0.641	16.731	54.765
0.641	16.744	54.767
0.641	16.761	54.764
0.642	16.770	54.768
0.642	16.781	54.772
0.643	16.801	54.759
0.644	16.820	54.767
0.645	16.851	54.760
0.646	16.890	54.761
0.648	16.924	54.766
0.649	16.959	54.761
0.649	16.974	54.761
0.650	17.000	54.755
0.651	17.020	54.757
0.651	17.039	54.755
0.652	17.053	54.757
0.653	17.077	54.760
0.654	17.094	54.758
0.654	17.118	54.752
0.655	17.136	54.755
0.655	17.146	54.753
0.655	17.153	54.759
0.656	17.157	54.765
0.656	17.164	54.753
0.656	17.180	54.752
0.657	17.196	54.747
0.658	17.214	54.747
0.658	17.238	54.745
0.659	17.252	54.751
0.660	17.273	54.747
0.661	17.299	54.750
0.661	17.317	54.743
0.662	17.334	54.747
0.663	17.363	54.742
0.664	17.383	54.744
0.664	17.401	54.740
0.665	17.421	54.740
0.666	17.446	54.738
0.667	17.469	54.739
0.667	17.486	54.739
0.668	17.501	54.739
0.668	17.521	54.742
0.669	17.549	54.735
0.670	17.572	54.734
0.671	17.591	54.735
0.672	17.613	54.736
0.673	17.642	54.732
0.673	17.663	54.732
0.674	17.679	54.726
0.674	17.700	54.716
0.675	17.712	54.731
0.676	17.725	54.730
0.676	17.739	54.725
0.677	17.756	54.732
0.679	17.821	54.725
0.681	17.859	54.725
0.682	17.850	54.796
0.682	17.917	54.726
0.683	17.938	54.729
0.684	17.970	54.718
0.685	17.992	54.716
0.686	18.018	54.714
0.686	18.035	54.716
0.687	18.060	54.712
0.688	18.080	54.724
0.689	18.102	54.714
0.689	18.115	54.713
0.689	18.122	54.712
0.689	18.126	54.708
0.689	18.125	54.712
0.689	18.121	54.715
0.689	18.126	54.708
0.689	18.127	54.708
0.689	18.128	54.704
0.689	18.128	54.704
0.689	18.127	54.706
0.689	18.126	54.707
0.689	18.127	54.703
0.689	18.127	54.704
0.689	18.130	54.692
0.689	18.128	54.703
0.689	18.124	54.714
0.689	18.128	54.703
0.689	18.124	54.710
0.689	18.130	54.701
0.689	18.130	54.697
0.689	18.131	54.699
0.689	18.131	54.699
0.689	18.131	54.698
0.689	18.126	54.707
0.689	18.132	54.697
0.689	18.132	54.694
0.689	18.132	54.695
0.689	18.133	54.693
0.689	18.133	54.693
0.689	18.133	54.694
0.689	18.134	54.692
0.689	18.135	54.689
0.689	18.134	54.691
0.689	18.135	54.687
0.689	18.133	54.691
0.689	18.134	54.688
0.689	18.130	54.694
0.689	18.135	54.684
0.689	18.134	54.687
0.689	18.135	54.685
0.689	18.134	54.688
0.689	18.135	54.684
0.689	18.129	54.693
0.689	18.135	54.682
0.689	18.139	54.668
0.689	18.135	54.680
0.689	18.135	54.682
0.689	18.135	54.678
0.689	18.135	54.680
0.689	18.135	54.680
0.689	18.135	54.677
0.689	18.135	54.677
0.689	18.135	54.677
0.689	18.133	54.679
0.689	18.134	54.677
0.689	18.135	54.674
0.689	18.136	54.672
0.689	18.136	54.670
0.689	18.136	54.671
0.689	18.135	54.673
0.689	18.136	54.669
0.689	18.131	54.680
0.689	18.135	54.673
0.689	18.136	54.669
0.689	18.135	54.670
0.689	18.135	54.671
0.689	18.135	54.672
0.689	18.136	54.666
0.688	18.134	54.671
0.689	18.136	54.666
0.689	18.135	54.668
0.689	18.135	54.671
0.688	18.135	54.667
0.689	18.136	54.665
0.689	18.130	54.675
0.689	18.138	54.657
0.689	18.136	54.665
0.689	18.136	54.665
0.689	18.135	54.667
0.689	18.134	54.669
0.689	18.130	54.673
0.689	18.135	54.666
0.689	18.135	54.668
0.688	18.135	54.666
0.689	18.136	54.666
0.689	18.135	54.664
0.688	18.135	54.667
0.689	18.135	54.666
0.689	18.135	54.665
0.689	18.135	54.665
0.689	18.135	54.665
0.689	18.134	54.668
0.689	18.135	54.665
0.689	18.136	54.667
0.689	18.143	54.661
0.689	18.151	54.665
0.689	18.164	54.662
0.690	18.182	54.663
0.692	18.211	54.664
0.698	18.354	54.670
0.704	18.517	54.657
0.704	18.527	54.662
0.704	18.528	54.661
0.703	18.529	54.655
0.703	18.524	54.666
0.703	18.529	54.656
0.703	18.537	54.635
0.703	18.529	54.655
0.703	18.528	54.661
0.703	18.529	54.659
0.703	18.529	54.659
0.702	18.528	54.661
0.703	18.529	54.658
0.702	18.530	54.657
0.703	18.529	54.659
0.702	18.528	54.659
0.702	18.528	54.663
0.703	18.526	54.671
0.703	18.540	54.662
0.704	18.557	54.660
0.705	18.578	54.658
0.706	18.604	54.658
0.706	18.608	54.662
0.706	18.612	54.671
0.706	18.629	54.661
0.707	18.652	54.662
0.708	18.682	54.663
0.709	18.699	54.664
0.710	18.720	54.660
0.710	18.727	54.669
0.711	18.746	54.656
0.711	18.760	54.651
0.712	18.776	54.660
0.713	18.798	54.656
0.714	18.838	54.652
0.715	18.864	54.661
0.716	18.889	54.643
0.716	18.897	54.652
0.717	18.909	54.653
0.717	18.923	54.654
0.717	18.935	54.654
0.718	18.945	54.655
0.718	18.961	54.657
0.719	18.983	54.656
0.720	19.003	54.657
0.721	19.021	54.661
0.721	19.043	54.660
0.722	19.062	54.656
0.723	19.086	54.656
0.723	19.098	54.660
0.723	19.106	54.661
0.724	19.117	54.663
0.724	19.131	54.661
0.724	19.147	54.657
0.725	19.152	54.662
0.725	19.164	54.660
0.726	19.177	54.657
0.726	19.187	54.665
0.726	19.194	54.663
0.727	19.200	54.661
0.727	19.203	54.670
0.727	19.216	54.662
0.727	19.223	54.666
0.727	19.227	54.666
0.727	19.232	54.666
0.728	19.246	54.664
0.728	19.259	54.664
0.728	19.267	54.657
0.728	19.265	54.668
0.728	19.268	54.669
0.729	19.273	54.670
0.729	19.281	54.670
0.729	19.287	54.666
0.730	19.303	54.667
0.731	19.324	54.672
0.732	19.352	54.670
0.733	19.371	54.673
0.733	19.385	54.676
0.733	19.398	54.676
0.734	19.399	54.684
0.734	19.412	54.673
0.734	19.426	54.672
0.734	19.433	54.673
0.735	19.444	54.676
0.735	19.456	54.674
0.736	19.462	54.682
0.736	19.474	54.676
0.736	19.479	54.679
0.736	19.483	54.680
0.736	19.486	54.674
0.736	19.485	54.682
0.736	19.488	54.678
0.736	19.489	54.680
0.736	19.494	54.677
0.737	19.523	54.680
0.739	19.547	54.679
0.739	19.553	54.683
0.739	19.562	54.676
0.739	19.571	54.673
0.740	19.581	54.680
0.740	19.599	54.682
0.741	19.615	54.677
0.741	19.617	54.681
0.741	19.620	54.681
0.741	19.631	54.683
0.742	19.647	54.684
0.743	19.663	54.681
0.743	19.677	54.682
0.744	19.698	54.682
0.745	19.719	54.683
0.745	19.730	54.695
0.746	19.757	54.683
0.748	19.791	54.689
0.748	19.814	54.683
0.749	19.833	54.682
0.750	19.851	54.681
0.750	19.861	54.692
0.751	19.882	54.683
0.751	19.894	54.687
0.752	19.923	54.679
0.753	19.950	54.680
0.754	19.979	54.679
0.755	19.997	54.692
0.756	20.022	54.678
0.756	20.042	54.678
0.757	20.063	54.677
0.758	20.090	54.683
0.759	20.112	54.682
0.759	20.128	54.673
0.760	20.141	54.679
0.760	20.149	54.678
0.761	20.163	54.677
0.761	20.174	54.681
0.761	20.187	54.681
0.762	20.203	54.678
0.762	20.216	54.682
0.763	20.233	54.682
0.764	20.259	54.680
0.765	20.280	54.680
0.766	20.301	54.677
0.766	20.321	54.676
0.766	20.329	54.677
0.767	20.348	54.676
0.768	20.367	54.673
0.768	20.380	54.680
0.769	20.400	54.678
0.769	20.419	54.678
0.770	20.426	54.677
0.770	20.432	54.673
0.770	20.441	54.678
0.770	20.452	54.673
0.770	20.457	54.677
0.771	20.462	54.675
0.771	20.462	54.683
0.771	20.476	54.677
0.771	20.483	54.677
0.772	20.505	54.677
0.773	20.525	54.676
0.773	20.534	54.674
0.774	20.543	54.680
0.774	20.560	54.674
0.775	20.569	54.677
0.775	20.596	54.674
0.776	20.605	54.682
0.776	20.616	54.675
0.777	20.634	54.672
0.777	20.649	54.672
0.778	20.659	54.675
0.778	20.673	54.672
0.779	20.687	54.673
0.779	20.703	54.671
0.780	20.724	54.668
0.782	20.766	54.673
0.782	20.789	54.665
0.783	20.820	54.665
0.784	20.839	54.666
0.784	20.851	54.665
0.785	20.857	54.666
0.785	20.861	54.668
0.785	20.873	54.666
0.785	20.880	54.663
0.785	20.880	54.663
0.785	20.881	54.664
0.785	20.892	54.663
0.788	20.943	54.668
0.791	21.033	54.661
0.792	21.068	54.666
0.793	21.092	54.656
0.793	21.108	54.640
0.794	21.108	54.662
0.794	21.128	54.655
0.795	21.147	54.652
0.796	21.171	54.653
0.796	21.192	54.653
0.797	21.212	54.654
0.798	21.226	54.649
0.798	21.244	54.655
0.799	21.259	54.652
0.799	21.273	54.653
0.800	21.290	54.654
0.801	21.308	54.651
0.801	21.333	54.649
0.802	21.355	54.653
0.803	21.385	54.653
0.804	21.403	54.651
0.804	21.424	54.646
0.806	21.462	54.646
0.806	21.478	54.645
0.807	21.483	54.655
0.807	21.501	54.642
0.808	21.505	54.642
0.808	21.513	54.640
0.809	21.522	54.643
0.809	21.529	54.643
0.810	21.534	54.648
0.811	21.548	54.642
0.812	21.554	54.639
0.812	21.560	54.640
0.813	21.566	54.642
0.814	21.578	54.637
0.815	21.586	54.638
0.816	21.592	54.643
0.817	21.597	54.640
0.817	21.602	54.640
0.817	21.603	54.639
0.817	21.607	54.637
0.818	21.611	54.639
0.818	21.608	54.642
0.819	21.616	54.638
0.819	21.619	54.637
0.820	21.621	54.639
0.820	21.625	54.636
0.820	21.627	54.636
0.821	21.623	54.644
0.821	21.631	54.639
0.821	21.633	54.637
0.821	21.634	54.638
0.822	21.636	54.635
0.822	21.637	54.634
0.822	21.638	54.638
0.822	21.639	54.639
0.823	21.643	54.635
0.823	21.644	54.635
0.823	21.647	54.637
0.823	21.647	54.638
0.824	21.649	54.636
0.824	21.644	54.645
0.824	21.652	54.635
0.825	21.653	54.634
0.825	21.656	54.632
0.825	21.661	54.620
0.825	21.657	54.632
0.825	21.656	54.636
0.825	21.658	54.632
0.826	21.658	54.633
0.826	21.660	54.631
0.826	21.663	54.631
0.827	21.666	54.632
0.828	21.663	54.641
0.829	21.582	54.744
0.829	21.667	54.642
0.830	21.679	54.632
0.831	21.685	54.634
0.832	21.689	54.629
0.833	21.686	54.637
0.833	21.696	54.628
0.833	21.697	54.631
0.834	21.699	54.632
0.835	21.703	54.629
0.835	21.706	54.631
0.836	21.710	54.625
0.836	21.711	54.633
0.837	21.718	54.622
0.838	21.720	54.630
0.839	21.723	54.630
0.839	21.728	54.626
0.840	21.729	54.625
0.840	21.726	54.632
0.840	21.734	54.624
0.841	21.736	54.622
0.841	21.737	54.624
0.841	21.740	54.618
0.841	21.740	54.621
0.842	21.734	54.634
0.842	21.743	54.624
0.842	21.739	54.631
0.843	21.745	54.625
0.843	21.748	54.624
0.844	21.751	54.623
0.844	21.754	54.622
0.845	21.755	54.625
0.845	21.758	54.622
0.846	21.762	54.619
0.847	21.763	54.620
0.848	21.768	54.621
0.848	21.772	54.622
0.850	21.773	54.618
0.851	21.773	54.618
0.852	21.770	54.625
0.853	21.773	54.619
0.855	21.772	54.622
0.856	21.773	54.618
0.857	21.773	54.619
0.859	21.773	54.620
0.860	21.774	54.614
0.862	21.773	54.619
0.862	21.774	54.617
0.862	21.774	54.618
0.862	21.767	54.626
0.862	21.774	54.617
0.862	21.774	54.614
0.862	21.774	54.613
0.861	21.740	54.646
0.862	21.773	54.618
0.862	21.766	54.625
0.861	21.770	54.619
0.861	21.774	54.615
0.861	21.766	54.627
