1	2.0009	2.0016	2.0014	2.0012	2.0008
2	2.0009	2.0016	2.0013	2.0013	2.0012
3	2.0009	2.0016	2.0012	2.0012	2.0011
4	2.0009	2.0016	2.0013	2.0013	2.0010
5	2.0009	2.0016	2.0014	2.0012	2.0010
6	2.0007	2.0015	2.0011	2.0011	2.0011
7	2.0007	2.0014	2.0013	2.0012	2.0010
8	2.0007	2.0015	2.0013	2.0011	2.0008
9	2.0006	2.0015	2.0011	2.0011	2.0010
10	2.0007	2.0016	2.0011	2.0011	2.0009
11	2.0006	2.0013	2.0011	2.0010	2.0009
12	2.0006	2.0014	2.0011	2.0010	2.0009
13	2.0005	2.0015	2.0010	2.0010	2.0008
14	2.0005	2.0014	2.0011	2.0010	2.0009
15	2.0004	2.0012	2.0011	2.0008	2.0010
16	2.0004	2.0014	2.0010	2.0010	2.0008
17	2.0004	2.0013	2.0009	2.0010	2.0009
18	2.0005	2.0014	2.0008	2.0008	2.0009
19	2.0004	2.0012	2.0010	2.0008	2.0008
20	2.0003	2.0013	2.0008	2.0009	2.0009
21	2.0003	2.0013	2.0006	2.0007	2.0008
22	2.0004	2.0013	2.0007	2.0007	2.0008
23	2.0003	2.0016	2.0006	2.0007	2.0009
24	2.0002	2.0011	2.0007	2.0008	2.0009
25	2.0002	2.0011	2.0007	2.0005	2.0008
26	2.0002	2.0011	2.0005	2.0005	2.0008
27	2.0001	2.0012	2.0006	2.0004	2.0008
28	2.0002	2.0011	2.0006	2.0005	2.0008
29	2.0000	2.0013	2.0004	2.0004	2.0007
30	2.0000	2.0009	2.0006	2.0002	2.0007
31	2.0000	2.0011	2.0005	2.0005	2.0008
32	2.0001	2.0011	2.0004	2.0001	2.0008
33	2.0000	2.0011	2.0003	2.0001	2.0008
34	1.9999	2.0010	2.0003	2.0001	2.0007
35	2.0000	2.0011	2.0003	2.0001	2.0007
36	1.9999	2.0011	2.0004	2.0002	2.0007
37	1.9998	2.0010	2.0001	2.0003	2.0006
38	1.9998	2.0008	2.0001	2.0002	2.0007
39	1.9999	2.0009	2.0004	2.0002	2.0007
40	1.9997	2.0009	2.0001	2.0002	2.0006
41	1.9997	2.0009	2.0003	2.0000	2.0007
42	1.9998	2.0008	2.0002	2.0002	2.0006
43	1.9997	2.0009	2.0002	2.0001	2.0006
44	1.9996	2.0008	2.0002	2.0004	2.0007
45	1.9997	2.0008	2.0001	2.0002	2.0005
46	1.9997	2.0007	2.0002	2.0000	2.0005
47	1.9995	2.0008	2.0000	2.0001	2.0007
48	1.9996	2.0007	2.0001	2.0001	2.0005
49	1.9996	2.0007	2.0001	2.0001	2.0006
50	1.9995	2.0006	2.0000	2.0001	2.0006
51	1.9995	2.0004	2.0000	2.0002	2.0006
52	1.9995	2.0006	2.0001	2.0000	2.0005
53	1.9994	2.0004	2.0001	2.0002	2.0005
54	1.9995	2.0004	2.0000	2.0000	2.0006
55	1.9994	2.0002	2.0001	2.0000	2.0004
56	1.9994	2.0004	1.9998	2.0001	2.0005
57	1.9995	2.0004	2.0001	2.0001	2.0005
58	1.9994	2.0002	2.0000	2.0000	2.0005
59	1.9994	2.0002	1.9999	2.0000	2.0005
60	1.9996	2.0002	1.9998	1.9999	2.0004
61	1.9994	2.0000	2.0000	2.0002	2.0004
62	1.9994	2.0002	1.9999	2.0000	2.0004
63	1.9995	2.0001	1.9998	2.0000	2.0003
64	1.9994	1.9999	1.9999	1.9999	2.0003
65	1.9995	2.0001	1.9998	1.9999	2.0003
66	1.9995	1.9995	1.9999	2.0001	2.0002
67	1.9994	2.0003	1.9999	1.9998	2.0003
68	1.9995	1.9999	1.9997	2.0001	2.0003
69	1.9995	1.9997	1.9998	2.0000	2.0002
70	1.9995	2.0001	1.9999	1.9998	2.0002
71	1.9994	1.9998	1.9999	2.0000	2.0002
72	1.9993	1.9998	1.9998	2.0000	2.0002
73	1.9996	1.9998	1.9998	1.9998	2.0002
74	1.9995	1.9999	1.9996	2.0000	2.0001
75	1.9993	1.9998	1.9998	1.9999	2.0003
76	1.9995	2.0000	1.9996	1.9998	2.0000
77	1.9993	1.9998	1.9998	1.9999	2.0002
78	1.9995	1.9998	1.9996	2.0000	2.0000
79	1.9994	1.9998	1.9994	1.9998	2.0001
80	1.9993	1.9997	1.9999	2.0001	2.0000
81	1.9994	1.9998	1.9996	1.9999	2.0000
82	1.9994	1.9996	1.9995	1.9999	2.0000
83	1.9994	2.0000	1.9994	1.9999	2.0000
84	1.9994	1.9998	1.9998	1.9998	1.9999
85	1.9993	1.9998	1.9997	1.9999	1.9999
86	1.9994	1.9997	1.9995	1.9998	2.0000
87	1.9994	1.9998	1.9995	1.9998	1.9997
88	1.9992	1.9995	1.9996	1.9999	1.9998
89	1.9996	1.9999	1.9996	1.9999	1.9998
90	1.9993	1.9997	1.9996	1.9997	1.9998
91	1.9993	1.9996	1.9994	1.9998	1.9997
92	1.9992	1.9997	1.9996	2.0000	1.9997
93	1.9994	1.9998	1.9993	1.9998	1.9996
94	1.9992	1.9996	1.9997	1.9998	1.9996
95	1.9993	1.9997	1.9993	1.9997	1.9997
96	1.9991	1.9996	1.9996	2.0000	1.9995
97	1.9993	1.9998	1.9994	1.9996	1.9995
98	1.9993	1.9995	1.9993	1.9997	1.9996
99	1.9992	1.9997	1.9995	1.9996	1.9996
100	1.9993	1.9997	1.9994	1.9998	1.9994