1	0.0011
2	0.0011
3	0.0011
4	0.0011
5	0.0011
6	0.0009
7	0.0009
8	0.0009
9	0.0008
10	0.0009
11	0.0008
12	0.0008
13	0.0007
14	0.0007
15	0.0006
16	0.0006
17	0.0006
18	0.0007
19	0.0006
20	0.0005
21	0.0005
22	0.0006
23	0.0005
24	0.0004
25	0.0004
26	0.0004
27	0.0003
28	0.0004
29	0.0002
30	0.0002
31	0.0002
32	0.0003
33	0.0002
34	0.0001
35	0.0002
36	0.0001
37	0.0000
38	0.0000
39	0.0001
40	-0.0001
41	-0.0001
42	0.0000
43	-0.0001
44	-0.0002
45	-0.0001
46	-0.0001
47	-0.0003
48	-0.0002
49	-0.0002
50	-0.0003
51	-0.0003
52	-0.0003
53	-0.0004
54	-0.0003
55	-0.0004
56	-0.0004
57	-0.0003
58	-0.0004
59	-0.0004
60	-0.0002
61	-0.0004
62	-0.0004
63	-0.0003
64	-0.0004
65	-0.0003
66	-0.0003
67	-0.0004
68	-0.0003
69	-0.0003
70	-0.0003
71	-0.0004
72	-0.0005
73	-0.0002
74	-0.0003
75	-0.0005
76	-0.0003
77	-0.0005
78	-0.0003
79	-0.0004
80	-0.0005
81	-0.0004
82	-0.0004
83	-0.0004
84	-0.0004
85	-0.0005
86	-0.0004
87	-0.0004
88	-0.0006
89	-0.0002
90	-0.0005
91	-0.0005
92	-0.0006
93	-0.0004
94	-0.0006
95	-0.0005
96	-0.0007
97	-0.0005
98	-0.0005
99	-0.0006
100	-0.0005
