1	0.0011	0.0011	0.0012	0.0009	0.0004
2	0.0011	0.0011	0.0011	0.0010	0.0008
3	0.0011	0.0011	0.0010	0.0009	0.0007
4	0.0011	0.0011	0.0011	0.0010	0.0006
5	0.0011	0.0011	0.0012	0.0009	0.0006
6	0.0009	0.0010	0.0009	0.0008	0.0007
7	0.0009	0.0009	0.0011	0.0009	0.0006
8	0.0009	0.0010	0.0011	0.0008	0.0004
9	0.0008	0.0010	0.0009	0.0008	0.0006
10	0.0009	0.0011	0.0009	0.0008	0.0005
11	0.0008	0.0008	0.0009	0.0007	0.0005
12	0.0008	0.0009	0.0009	0.0007	0.0005
13	0.0007	0.0010	0.0008	0.0007	0.0004
14	0.0007	0.0009	0.0009	0.0007	0.0005
15	0.0006	0.0007	0.0009	0.0005	0.0006
16	0.0006	0.0009	0.0008	0.0007	0.0004
17	0.0006	0.0008	0.0007	0.0007	0.0005
18	0.0007	0.0009	0.0006	0.0005	0.0005
19	0.0006	0.0007	0.0008	0.0005	0.0004
20	0.0005	0.0008	0.0006	0.0006	0.0005
21	0.0005	0.0008	0.0004	0.0004	0.0004
22	0.0006	0.0008	0.0005	0.0004	0.0004
23	0.0005	0.0011	0.0004	0.0004	0.0005
24	0.0004	0.0006	0.0005	0.0005	0.0005
25	0.0004	0.0006	0.0005	0.0002	0.0004
26	0.0004	0.0006	0.0003	0.0002	0.0004
27	0.0003	0.0007	0.0004	0.0001	0.0004
28	0.0004	0.0006	0.0004	0.0002	0.0004
29	0.0002	0.0008	0.0002	0.0001	0.0003
30	0.0002	0.0004	0.0004	-0.0001	0.0003
31	0.0002	0.0006	0.0003	0.0002	0.0004
32	0.0003	0.0006	0.0002	-0.0002	0.0004
33	0.0002	0.0006	0.0001	-0.0002	0.0004
34	0.0001	0.0005	0.0001	-0.0002	0.0003
35	0.0002	0.0006	0.0001	-0.0002	0.0003
36	0.0001	0.0006	0.0002	-0.0001	0.0003
37	0.0000	0.0005	-0.0001	0.0000	0.0002
38	0.0000	0.0003	-0.0001	-0.0001	0.0003
39	0.0001	0.0004	0.0002	-0.0001	0.0003
40	-0.0001	0.0004	-0.0001	-0.0001	0.0002
41	-0.0001	0.0004	0.0001	-0.0003	0.0003
42	0.0000	0.0003	0.0000	-0.0001	0.0002
43	-0.0001	0.0004	0.0000	-0.0002	0.0002
44	-0.0002	0.0003	0.0000	0.0001	0.0003
45	-0.0001	0.0003	-0.0001	-0.0001	0.0001
46	-0.0001	0.0002	0.0000	-0.0003	0.0001
47	-0.0003	0.0003	-0.0002	-0.0002	0.0003
48	-0.0002	0.0002	-0.0001	-0.0002	0.0001
49	-0.0002	0.0002	-0.0001	-0.0002	0.0002
50	-0.0003	0.0001	-0.0002	-0.0002	0.0002
51	-0.0003	-0.0001	-0.0002	-0.0001	0.0002
52	-0.0003	0.0001	-0.0001	-0.0003	0.0001
53	-0.0004	-0.0001	-0.0001	-0.0001	0.0001
54	-0.0003	-0.0001	-0.0002	-0.0003	0.0002
55	-0.0004	-0.0003	-0.0001	-0.0003	0.0000
56	-0.0004	-0.0001	-0.0004	-0.0002	0.0001
57	-0.0003	-0.0001	-0.0001	-0.0002	0.0001
58	-0.0004	-0.0003	-0.0002	-0.0003	0.0001
59	-0.0004	-0.0003	-0.0003	-0.0003	0.0001
60	-0.0002	-0.0003	-0.0004	-0.0004	0.0000
61	-0.0004	-0.0005	-0.0002	-0.0001	0.0000
62	-0.0004	-0.0003	-0.0003	-0.0003	0.0000
63	-0.0003	-0.0004	-0.0004	-0.0003	-0.0001
64	-0.0004	-0.0006	-0.0003	-0.0004	-0.0001
65	-0.0003	-0.0004	-0.0004	-0.0004	-0.0001
66	-0.0003	-0.0010	-0.0003	-0.0002	-0.0002
67	-0.0004	-0.0002	-0.0003	-0.0005	-0.0001
68	-0.0003	-0.0006	-0.0005	-0.0002	-0.0001
69	-0.0003	-0.0008	-0.0004	-0.0003	-0.0002
70	-0.0003	-0.0004	-0.0003	-0.0005	-0.0002
71	-0.0004	-0.0007	-0.0003	-0.0003	-0.0002
72	-0.0005	-0.0007	-0.0004	-0.0003	-0.0002
73	-0.0002	-0.0007	-0.0004	-0.0005	-0.0002
74	-0.0003	-0.0006	-0.0006	-0.0003	-0.0003
75	-0.0005	-0.0007	-0.0004	-0.0004	-0.0001
76	-0.0003	-0.0005	-0.0006	-0.0005	-0.0004
77	-0.0005	-0.0007	-0.0004	-0.0004	-0.0002
78	-0.0003	-0.0007	-0.0006	-0.0003	-0.0004
79	-0.0004	-0.0007	-0.0008	-0.0005	-0.0003
80	-0.0005	-0.0008	-0.0003	-0.0002	-0.0004
81	-0.0004	-0.0007	-0.0006	-0.0004	-0.0004
82	-0.0004	-0.0009	-0.0007	-0.0004	-0.0004
83	-0.0004	-0.0005	-0.0008	-0.0004	-0.0004
84	-0.0004	-0.0007	-0.0004	-0.0005	-0.0005
85	-0.0005	-0.0007	-0.0005	-0.0004	-0.0005
86	-0.0004	-0.0008	-0.0007	-0.0005	-0.0004
87	-0.0004	-0.0007	-0.0007	-0.0005	-0.0007
88	-0.0006	-0.0010	-0.0006	-0.0004	-0.0006
89	-0.0002	-0.0006	-0.0006	-0.0004	-0.0006
90	-0.0005	-0.0008	-0.0006	-0.0006	-0.0006
91	-0.0005	-0.0009	-0.0008	-0.0005	-0.0007
92	-0.0006	-0.0008	-0.0006	-0.0003	-0.0007
93	-0.0004	-0.0007	-0.0009	-0.0005	-0.0008
94	-0.0006	-0.0009	-0.0005	-0.0005	-0.0008
95	-0.0005	-0.0008	-0.0009	-0.0006	-0.0007
96	-0.0007	-0.0009	-0.0006	-0.0003	-0.0009
97	-0.0005	-0.0007	-0.0008	-0.0007	-0.0009
98	-0.0005	-0.0010	-0.0009	-0.0006	-0.0008
99	-0.0006	-0.0008	-0.0007	-0.0007	-0.0008
100	-0.0005	-0.0008	-0.0008	-0.0005	-0.0010
