2.960E-06	5.917E-06
2.971E-06	5.926E-06
2.971E-06	5.931E-06
2.981E-06	5.936E-06
3.001E-06	5.947E-06
3.011E-06	5.956E-06
3.032E-06	5.974E-06
3.042E-06	5.987E-06
3.052E-06	5.995E-06
3.062E-06	6.008E-06
3.062E-06	6.017E-06
3.073E-06	6.026E-06
3.073E-06	6.036E-06
3.083E-06	6.058E-06
3.093E-06	6.079E-06
3.114E-06	6.121E-06
3.114E-06	6.142E-06
3.134E-06	6.169E-06
3.144E-06	6.200E-06
3.154E-06	6.218E-06
3.154E-06	6.230E-06
3.165E-06	6.241E-06
3.165E-06	6.255E-06
3.175E-06	6.280E-06
3.185E-06	6.300E-06
3.205E-06	6.330E-06
3.216E-06	6.355E-06
3.226E-06	6.389E-06
3.246E-06	6.426E-06
3.256E-06	6.445E-06
3.256E-06	6.457E-06
3.267E-06	6.477E-06
3.267E-06	6.489E-06
3.277E-06	6.501E-06
3.277E-06	6.516E-06
3.287E-06	6.530E-06
3.297E-06	6.551E-06
3.297E-06	6.565E-06
3.307E-06	6.589E-06
3.307E-06	6.595E-06
3.318E-06	6.608E-06
3.328E-06	6.633E-06
3.338E-06	6.654E-06
3.348E-06	6.670E-06
3.348E-06	6.684E-06
3.359E-06	6.703E-06
3.369E-06	6.725E-06
3.379E-06	6.753E-06
3.399E-06	6.775E-06
3.410E-06	6.808E-06
3.430E-06	6.842E-06
3.440E-06	6.876E-06
3.461E-06	6.905E-06
3.461E-06	6.930E-06
3.461E-06	6.934E-06
3.471E-06	6.953E-06
3.481E-06	6.972E-06
3.491E-06	6.999E-06
3.491E-06	7.014E-06
3.501E-06	7.027E-06
3.512E-06	7.045E-06
3.522E-06	7.071E-06
3.532E-06	7.093E-06
3.542E-06	7.112E-06
3.542E-06	7.122E-06
3.552E-06	7.139E-06
3.563E-06	7.163E-06
3.573E-06	7.189E-06
3.583E-06	7.205E-06
3.593E-06	7.230E-06
3.604E-06	7.259E-06
3.624E-06	7.295E-06
3.644E-06	7.328E-06
3.655E-06	7.359E-06
3.665E-06	7.376E-06
3.675E-06	7.398E-06
3.685E-06	7.435E-06
3.685E-06	7.453E-06
3.695E-06	7.470E-06
3.706E-06	7.491E-06
3.706E-06	7.499E-06
3.716E-06	7.518E-06
3.726E-06	7.539E-06
3.736E-06	7.578E-06
3.746E-06	7.597E-06
3.746E-06	7.606E-06
3.757E-06	7.611E-06
3.757E-06	7.619E-06
3.757E-06	7.636E-06
3.767E-06	7.648E-06
3.767E-06	7.662E-06
3.777E-06	7.673E-06
3.787E-06	7.686E-06
3.787E-06	7.695E-06
3.787E-06	7.705E-06
3.797E-06	7.723E-06
3.808E-06	7.734E-06
3.808E-06	7.749E-06
3.818E-06	7.763E-06
3.828E-06	7.781E-06
3.838E-06	7.806E-06
3.849E-06	7.831E-06
3.869E-06	7.861E-06
3.889E-06	7.916E-06
3.900E-06	7.951E-06
3.900E-06	7.953E-06
3.910E-06	7.973E-06
3.910E-06	7.986E-06
3.920E-06	8.000E-06
3.920E-06	8.011E-06
3.930E-06	8.028E-06
3.951E-06	8.061E-06
3.961E-06	8.092E-06
3.971E-06	8.119E-06
3.981E-06	8.139E-06
3.991E-06	8.168E-06
4.002E-06	8.187E-06
4.012E-06	8.205E-06
4.022E-06	8.225E-06
4.032E-06	8.258E-06
4.042E-06	8.284E-06
4.063E-06	8.324E-06
4.083E-06	8.366E-06
4.094E-06	8.390E-06
4.104E-06	8.423E-06
4.114E-06	8.449E-06
4.124E-06	8.474E-06
4.124E-06	8.493E-06
4.134E-06	8.512E-06
4.155E-06	8.548E-06
4.165E-06	8.578E-06
4.175E-06	8.591E-06
4.175E-06	8.601E-06
4.175E-06	8.613E-06
4.185E-06	8.636E-06
4.196E-06	8.658E-06
4.206E-06	8.674E-06
4.206E-06	8.686E-06
4.216E-06	8.705E-06
4.226E-06	8.726E-06
4.247E-06	8.759E-06
4.267E-06	8.793E-06
4.267E-06	8.816E-06
4.277E-06	8.838E-06
4.287E-06	8.856E-06
4.298E-06	8.873E-06
4.298E-06	8.895E-06
4.308E-06	8.905E-06
4.308E-06	8.913E-06
4.308E-06	8.922E-06
4.318E-06	8.934E-06
4.318E-06	8.946E-06
4.328E-06	8.964E-06
4.339E-06	8.987E-06
4.349E-06	9.010E-06
4.359E-06	9.035E-06
4.379E-06	9.066E-06
4.390E-06	9.086E-06
4.390E-06	9.102E-06
4.400E-06	9.125E-06
4.410E-06	9.141E-06
4.420E-06	9.159E-06
4.430E-06	9.179E-06
4.451E-06	9.219E-06
4.471E-06	9.269E-06
4.481E-06	9.297E-06
4.492E-06	9.318E-06
4.492E-06	9.331E-06
4.502E-06	9.344E-06
4.502E-06	9.358E-06
4.512E-06	9.372E-06
4.512E-06	9.385E-06
4.512E-06	9.398E-06
4.522E-06	9.407E-06
4.522E-06	9.416E-06
4.532E-06	9.434E-06
4.532E-06	9.450E-06
4.553E-06	9.480E-06
4.563E-06	9.502E-06
4.563E-06	9.516E-06
4.573E-06	9.528E-06
4.573E-06	9.535E-06
4.573E-06	9.544E-06
4.584E-06	9.552E-06
4.584E-06	9.560E-06
4.584E-06	9.569E-06
4.594E-06	9.583E-06
4.604E-06	9.598E-06
4.604E-06	9.610E-06
4.614E-06	9.623E-06
4.624E-06	9.639E-06
4.635E-06	9.662E-06
4.645E-06	9.683E-06
4.655E-06	9.707E-06
4.675E-06	9.743E-06
4.675E-06	9.759E-06
4.686E-06	9.779E-06
4.686E-06	9.793E-06
4.696E-06	9.811E-06
4.706E-06	9.828E-06
4.706E-06	9.843E-06
4.716E-06	9.859E-06
4.716E-06	9.874E-06
4.726E-06	9.884E-06
4.726E-06	9.895E-06
4.737E-06	9.905E-06
4.737E-06	9.913E-06
4.737E-06	9.921E-06
4.747E-06	9.929E-06
4.747E-06	9.940E-06
4.757E-06	9.956E-06
4.767E-06	9.982E-06
4.777E-06	1.000E-05
4.777E-06	1.002E-05
4.788E-06	1.003E-05
4.788E-06	1.004E-05
4.798E-06	1.005E-05
4.808E-06	1.007E-05
4.808E-06	1.008E-05
4.818E-06	1.009E-05
4.818E-06	1.010E-05
4.828E-06	1.011E-05
4.828E-06	1.012E-05
4.828E-06	1.013E-05
4.839E-06	1.014E-05
4.839E-06	1.015E-05
4.849E-06	1.016E-05
4.859E-06	1.018E-05
4.869E-06	1.020E-05
4.869E-06	1.022E-05
4.869E-06	1.023E-05
4.890E-06	1.025E-05
4.900E-06	1.027E-05
4.900E-06	1.029E-05
4.910E-06	1.030E-05
4.910E-06	1.032E-05
4.920E-06	1.033E-05
4.931E-06	1.035E-05
4.931E-06	1.036E-05
4.941E-06	1.038E-05
4.941E-06	1.039E-05
4.951E-06	1.041E-05
4.961E-06	1.042E-05
4.961E-06	1.043E-05
4.961E-06	1.044E-05
4.971E-06	1.046E-05
4.982E-06	1.048E-05
4.992E-06	1.049E-05
4.992E-06	1.050E-05
4.992E-06	1.051E-05
5.002E-06	1.052E-05
5.012E-06	1.054E-05
5.022E-06	1.056E-05
5.033E-06	1.058E-05
5.043E-06	1.060E-05
5.043E-06	1.061E-05
5.053E-06	1.063E-05
5.063E-06	1.065E-05
5.084E-06	1.068E-05
5.084E-06	1.069E-05
5.094E-06	1.069E-05
5.104E-06	1.073E-05
5.114E-06	1.074E-05
5.114E-06	1.077E-05
5.125E-06	1.078E-05
5.125E-06	1.080E-05
5.125E-06	1.081E-05
5.135E-06	1.082E-05
5.135E-06	1.083E-05
5.145E-06	1.084E-05
5.155E-06	1.087E-05
5.165E-06	1.090E-05
5.186E-06	1.094E-05
5.206E-06	1.098E-05
5.206E-06	1.099E-05
5.216E-06	1.100E-05
5.216E-06	1.101E-05
5.227E-06	1.102E-05
5.227E-06	1.103E-05
5.227E-06	1.104E-05
5.237E-06	1.105E-05
5.237E-06	1.105E-05
5.247E-06	1.106E-05
5.247E-06	1.107E-05
5.257E-06	1.108E-05
5.267E-06	1.110E-05
5.267E-06	1.113E-05
5.278E-06	1.113E-05
5.288E-06	1.116E-05
5.308E-06	1.120E-05
5.318E-06	1.122E-05
5.318E-06	1.124E-05
5.329E-06	1.126E-05
5.339E-06	1.127E-05
5.339E-06	1.129E-05
5.349E-06	1.131E-05
5.349E-06	1.132E-05
5.359E-06	1.133E-05
5.359E-06	1.135E-05
5.370E-06	1.136E-05
5.370E-06	1.137E-05
5.370E-06	1.137E-05
5.380E-06	1.139E-05
5.390E-06	1.141E-05
5.400E-06	1.143E-05
5.400E-06	1.144E-05
5.410E-06	1.146E-05
5.410E-06	1.147E-05
5.421E-06	1.148E-05
5.421E-06	1.149E-05
5.431E-06	1.150E-05
5.431E-06	1.151E-05
5.441E-06	1.151E-05
5.451E-06	1.153E-05
5.451E-06	1.155E-05
5.461E-06	1.157E-05
5.472E-06	1.158E-05
5.472E-06	1.159E-05
5.472E-06	1.159E-05
5.482E-06	1.161E-05
5.482E-06	1.162E-05
5.492E-06	1.163E-05
5.492E-06	1.165E-05
5.502E-06	1.166E-05
5.502E-06	1.166E-05
5.502E-06	1.168E-05
5.512E-06	1.168E-05
5.512E-06	1.169E-05
5.523E-06	1.171E-05
5.523E-06	1.172E-05
5.523E-06	1.173E-05
5.533E-06	1.173E-05
5.533E-06	1.174E-05
5.543E-06	1.175E-05
5.543E-06	1.176E-05
5.543E-06	1.177E-05
5.543E-06	1.178E-05
5.543E-06	1.178E-05
5.553E-06	1.179E-05
5.553E-06	1.179E-05
5.553E-06	1.180E-05
5.553E-06	1.181E-05
5.563E-06	1.181E-05
5.563E-06	1.182E-05
5.574E-06	1.185E-05
5.584E-06	1.186E-05
5.594E-06	1.188E-05
5.604E-06	1.190E-05
5.615E-06	1.193E-05
5.625E-06	1.194E-05
5.645E-06	1.198E-05
5.676E-06	1.203E-05
5.686E-06	1.207E-05
5.696E-06	1.209E-05
5.696E-06	1.210E-05
5.696E-06	1.209E-05
5.706E-06	1.211E-05
5.717E-06	1.213E-05
5.717E-06	1.216E-05
5.727E-06	1.217E-05
5.727E-06	1.217E-05
5.727E-06	1.218E-05
5.727E-06	1.219E-05
5.737E-06	1.220E-05
5.737E-06	1.220E-05
5.737E-06	1.221E-05
5.737E-06	1.221E-05
5.737E-06	1.222E-05
5.747E-06	1.223E-05
5.747E-06	1.223E-05
5.747E-06	1.224E-05
5.757E-06	1.225E-05
5.757E-06	1.226E-05
5.768E-06	1.227E-05
5.768E-06	1.227E-05
5.768E-06	1.228E-05
5.778E-06	1.230E-05
5.788E-06	1.232E-05
5.798E-06	1.234E-05
5.808E-06	1.237E-05
5.819E-06	1.238E-05
5.819E-06	1.239E-05
5.819E-06	1.240E-05
5.829E-06	1.241E-05
5.829E-06	1.242E-05
5.839E-06	1.243E-05
5.839E-06	1.244E-05
5.839E-06	1.245E-05
5.849E-06	1.246E-05
5.860E-06	1.247E-05
5.860E-06	1.249E-05
5.860E-06	1.250E-05
5.870E-06	1.250E-05
5.870E-06	1.252E-05
5.880E-06	1.253E-05
5.880E-06	1.254E-05
5.890E-06	1.255E-05
5.900E-06	1.258E-05
5.911E-06	1.259E-05
5.911E-06	1.260E-05
5.921E-06	1.261E-05
5.921E-06	1.263E-05
5.931E-06	1.265E-05
5.941E-06	1.268E-05
5.951E-06	1.268E-05
5.951E-06	1.269E-05
5.951E-06	1.270E-05
5.962E-06	1.272E-05
5.962E-06	1.272E-05
5.962E-06	1.273E-05
5.972E-06	1.274E-05
5.972E-06	1.276E-05
5.982E-06	1.277E-05
5.982E-06	1.278E-05
5.982E-06	1.278E-05
5.992E-06	1.279E-05
5.992E-06	1.279E-05
6.002E-06	1.281E-05
6.002E-06	1.283E-05
6.013E-06	1.284E-05
6.023E-06	1.285E-05
6.023E-06	1.286E-05
6.023E-06	1.287E-05
6.023E-06	1.288E-05
6.033E-06	1.288E-05
6.033E-06	1.289E-05
6.033E-06	1.289E-05
6.043E-06	1.291E-05
6.043E-06	1.292E-05
6.053E-06	1.293E-05
6.053E-06	1.294E-05
6.053E-06	1.295E-05
6.064E-06	1.295E-05
6.064E-06	1.296E-05
6.074E-06	1.296E-05
6.074E-06	1.298E-05
6.084E-06	1.300E-05
6.084E-06	1.300E-05
6.094E-06	1.302E-05
6.094E-06	1.304E-05
6.105E-06	1.305E-05
6.105E-06	1.306E-05
6.115E-06	1.306E-05
6.115E-06	1.307E-05
6.125E-06	1.308E-05
6.125E-06	1.309E-05
6.135E-06	1.312E-05
6.145E-06	1.314E-05
6.145E-06	1.315E-05
6.156E-06	1.316E-05
6.156E-06	1.318E-05
6.166E-06	1.319E-05
6.176E-06	1.320E-05
6.176E-06	1.322E-05
6.186E-06	1.323E-05
6.196E-06	1.326E-05
6.207E-06	1.327E-05
6.207E-06	1.328E-05
6.207E-06	1.329E-05
6.217E-06	1.330E-05
6.217E-06	1.331E-05
6.227E-06	1.333E-05
6.237E-06	1.334E-05
6.237E-06	1.336E-05
6.247E-06	1.338E-05
6.258E-06	1.339E-05
6.258E-06	1.340E-05
6.268E-06	1.342E-05
6.278E-06	1.344E-05
6.288E-06	1.345E-05
6.288E-06	1.347E-05
6.298E-06	1.349E-05
6.309E-06	1.351E-05
6.309E-06	1.352E-05
6.309E-06	1.352E-05
6.319E-06	1.353E-05
6.319E-06	1.354E-05
6.329E-06	1.356E-05
6.329E-06	1.357E-05
6.339E-06	1.358E-05
6.339E-06	1.359E-05
6.350E-06	1.360E-05
6.350E-06	1.362E-05
6.360E-06	1.364E-05
6.370E-06	1.366E-05
6.370E-06	1.366E-05
6.370E-06	1.367E-05
6.370E-06	1.367E-05
6.380E-06	1.368E-05
6.380E-06	1.369E-05
6.380E-06	1.369E-05
6.390E-06	1.371E-05
6.401E-06	1.374E-05
6.411E-06	1.375E-05
6.421E-06	1.377E-05
6.421E-06	1.378E-05
6.431E-06	1.379E-05
6.431E-06	1.381E-05
6.441E-06	1.382E-05
6.441E-06	1.382E-05
6.441E-06	1.384E-05
6.452E-06	1.384E-05
6.452E-06	1.385E-05
6.452E-06	1.386E-05
6.462E-06	1.387E-05
6.472E-06	1.389E-05
6.472E-06	1.390E-05
6.472E-06	1.391E-05
6.482E-06	1.391E-05
6.482E-06	1.392E-05
6.482E-06	1.392E-05
6.482E-06	1.392E-05
6.492E-06	1.393E-05
6.492E-06	1.394E-05
6.492E-06	1.395E-05
6.492E-06	1.396E-05
6.503E-06	1.396E-05
6.503E-06	1.398E-05
6.513E-06	1.399E-05
6.513E-06	1.400E-05
6.523E-06	1.401E-05
6.523E-06	1.402E-05
6.533E-06	1.403E-05
6.533E-06	1.404E-05
6.543E-06	1.407E-05
6.554E-06	1.409E-05
6.554E-06	1.410E-05
6.564E-06	1.410E-05
6.564E-06	1.411E-05
6.564E-06	1.412E-05
6.574E-06	1.412E-05
6.574E-06	1.413E-05
6.574E-06	1.413E-05
6.574E-06	1.413E-05
6.574E-06	1.413E-05
6.574E-06	1.412E-05
6.574E-06	1.413E-05
6.574E-06	1.415E-05
6.584E-06	1.416E-05
6.574E-06	1.414E-05
6.554E-06	1.409E-05
6.533E-06	1.403E-05
6.533E-06	1.403E-05
6.543E-06	1.407E-05
6.554E-06	1.410E-05
6.564E-06	1.412E-05
6.574E-06	1.413E-05
6.574E-06	1.414E-05
6.584E-06	1.416E-05
6.605E-06	1.419E-05
6.625E-06	1.424E-05
6.635E-06	1.427E-05
6.646E-06	1.429E-05
6.656E-06	1.431E-05
6.656E-06	1.432E-05
6.666E-06	1.433E-05
6.666E-06	1.434E-05
6.676E-06	1.436E-05
6.686E-06	1.438E-05
6.697E-06	1.439E-05
6.697E-06	1.441E-05
6.697E-06	1.442E-05
6.697E-06	1.442E-05
6.697E-06	1.443E-05
6.707E-06	1.445E-05
6.707E-06	1.445E-05
6.717E-06	1.447E-05
6.717E-06	1.448E-05
6.727E-06	1.449E-05
6.737E-06	1.451E-05
6.737E-06	1.452E-05
6.748E-06	1.455E-05
6.768E-06	1.458E-05
6.768E-06	1.460E-05
6.778E-06	1.461E-05
6.788E-06	1.462E-05
6.788E-06	1.463E-05
6.799E-06	1.464E-05
6.799E-06	1.466E-05
6.809E-06	1.468E-05
6.809E-06	1.469E-05
6.819E-06	1.471E-05
6.819E-06	1.472E-05
6.829E-06	1.472E-05
6.829E-06	1.473E-05
6.829E-06	1.474E-05
6.840E-06	1.475E-05
6.840E-06	1.476E-05
6.840E-06	1.477E-05
6.840E-06	1.478E-05
6.850E-06	1.478E-05
6.850E-06	1.479E-05
6.850E-06	1.480E-05
6.860E-06	1.480E-05
6.860E-06	1.481E-05
6.870E-06	1.484E-05
6.880E-06	1.485E-05
6.891E-06	1.487E-05
6.891E-06	1.488E-05
6.901E-06	1.489E-05
6.901E-06	1.490E-05
6.921E-06	1.494E-05
6.931E-06	1.496E-05
6.942E-06	1.498E-05
6.952E-06	1.501E-05
6.952E-06	1.503E-05
6.952E-06	1.504E-05
6.962E-06	1.504E-05
6.962E-06	1.506E-05
6.972E-06	1.507E-05
6.972E-06	1.507E-05
6.972E-06	1.508E-05
6.982E-06	1.509E-05
6.982E-06	1.510E-05
6.993E-06	1.511E-05
6.993E-06	1.513E-05
7.003E-06	1.514E-05
7.013E-06	1.515E-05
7.013E-06	1.517E-05
7.023E-06	1.519E-05
7.033E-06	1.521E-05
7.054E-06	1.524E-05
7.054E-06	1.526E-05
7.064E-06	1.528E-05
7.074E-06	1.531E-05
7.085E-06	1.532E-05
7.095E-06	1.534E-05
7.095E-06	1.528E-05
7.105E-06	1.537E-05
7.115E-06	1.539E-05
7.115E-06	1.540E-05
7.125E-06	1.541E-05
7.125E-06	1.543E-05
7.136E-06	1.545E-05
7.146E-06	1.547E-05
7.156E-06	1.549E-05
7.156E-06	1.551E-05
7.166E-06	1.552E-05
7.176E-06	1.555E-05
7.187E-06	1.556E-05
7.197E-06	1.558E-05
7.197E-06	1.559E-05
7.207E-06	1.561E-05
7.207E-06	1.562E-05
7.207E-06	1.563E-05
7.217E-06	1.564E-05
7.227E-06	1.566E-05
7.227E-06	1.567E-05
7.238E-06	1.569E-05
7.248E-06	1.571E-05
7.258E-06	1.573E-05
7.268E-06	1.575E-05
7.278E-06	1.577E-05
7.278E-06	1.578E-05
7.289E-06	1.579E-05
7.299E-06	1.581E-05
7.309E-06	1.584E-05
7.309E-06	1.585E-05
7.319E-06	1.586E-05
7.330E-06	1.588E-05
7.340E-06	1.590E-05
7.350E-06	1.592E-05
7.350E-06	1.594E-05
7.360E-06	1.596E-05
7.370E-06	1.598E-05
7.381E-06	1.601E-05
7.391E-06	1.604E-05
7.411E-06	1.607E-05
7.421E-06	1.609E-05
7.432E-06	1.611E-05
7.442E-06	1.614E-05
7.452E-06	1.616E-05
7.462E-06	1.619E-05
7.472E-06	1.622E-05
7.483E-06	1.624E-05
7.483E-06	1.624E-05
7.483E-06	1.624E-05
7.483E-06	1.624E-05
7.483E-06	1.624E-05
7.483E-06	1.625E-05
7.472E-06	1.624E-05
7.472E-06	1.624E-05
7.472E-06	1.624E-05
7.472E-06	1.625E-05
7.472E-06	1.625E-05
7.472E-06	1.625E-05
7.472E-06	1.625E-05
7.472E-06	1.625E-05
7.472E-06	1.624E-05
7.472E-06	1.625E-05
7.472E-06	1.625E-05
7.472E-06	1.625E-05
7.472E-06	1.625E-05
7.472E-06	1.625E-05
7.472E-06	1.625E-05
7.472E-06	1.625E-05
7.472E-06	1.625E-05
7.472E-06	1.625E-05
7.472E-06	1.625E-05
7.472E-06	1.625E-05
7.472E-06	1.625E-05
7.472E-06	1.624E-05
7.472E-06	1.625E-05
7.472E-06	1.625E-05
7.472E-06	1.625E-05
7.472E-06	1.625E-05
7.472E-06	1.625E-05
7.472E-06	1.624E-05
7.472E-06	1.625E-05
7.472E-06	1.625E-05
7.472E-06	1.625E-05
7.472E-06	1.625E-05
7.472E-06	1.625E-05
7.472E-06	1.625E-05
7.472E-06	1.626E-05
7.472E-06	1.625E-05
7.472E-06	1.625E-05
7.472E-06	1.625E-05
7.472E-06	1.625E-05
7.472E-06	1.625E-05
7.472E-06	1.625E-05
7.472E-06	1.625E-05
7.472E-06	1.625E-05
7.472E-06	1.625E-05
7.472E-06	1.625E-05
7.472E-06	1.625E-05
7.472E-06	1.625E-05
7.472E-06	1.625E-05
7.472E-06	1.625E-05
7.472E-06	1.625E-05
7.472E-06	1.625E-05
7.472E-06	1.625E-05
7.472E-06	1.625E-05
7.472E-06	1.625E-05
7.472E-06	1.625E-05
7.472E-06	1.625E-05
7.472E-06	1.625E-05
7.472E-06	1.625E-05
7.472E-06	1.625E-05
7.472E-06	1.625E-05
7.472E-06	1.625E-05
7.472E-06	1.625E-05
7.472E-06	1.626E-05
7.472E-06	1.626E-05
7.472E-06	1.626E-05
7.472E-06	1.625E-05
7.472E-06	1.626E-05
7.472E-06	1.626E-05
7.472E-06	1.626E-05
7.472E-06	1.626E-05
7.472E-06	1.626E-05
7.472E-06	1.626E-05
7.472E-06	1.626E-05
7.472E-06	1.626E-05
7.472E-06	1.626E-05
7.472E-06	1.626E-05
7.472E-06	1.626E-05
7.472E-06	1.626E-05
7.472E-06	1.625E-05
7.472E-06	1.625E-05
7.472E-06	1.625E-05
7.472E-06	1.626E-05
7.472E-06	1.625E-05
7.472E-06	1.627E-05
7.483E-06	1.627E-05
7.483E-06	1.628E-05
7.605E-06	1.650E-05
7.768E-06	1.680E-05
7.850E-06	1.699E-05
7.911E-06	1.712E-05
7.942E-06	1.720E-05
7.932E-06	1.721E-05
7.922E-06	1.721E-05
7.922E-06	1.721E-05
7.911E-06	1.721E-05
7.911E-06	1.721E-05
7.901E-06	1.721E-05
7.901E-06	1.721E-05
7.901E-06	1.721E-05
7.901E-06	1.721E-05
7.901E-06	1.720E-05
7.901E-06	1.721E-05
7.901E-06	1.721E-05
7.901E-06	1.721E-05
7.901E-06	1.721E-05
7.891E-06	1.721E-05
7.901E-06	1.721E-05
7.891E-06	1.721E-05
7.891E-06	1.721E-05
7.891E-06	1.721E-05
7.891E-06	1.721E-05
7.891E-06	1.721E-05
7.891E-06	1.721E-05
7.891E-06	1.720E-05
7.891E-06	1.721E-05
7.891E-06	1.721E-05
7.891E-06	1.721E-05
7.891E-06	1.721E-05
7.891E-06	1.721E-05
7.891E-06	1.720E-05
7.891E-06	1.721E-05
7.891E-06	1.721E-05
7.891E-06	1.721E-05
7.891E-06	1.721E-05
7.891E-06	1.721E-05
7.891E-06	1.721E-05
7.891E-06	1.721E-05
7.891E-06	1.721E-05
7.891E-06	1.721E-05
7.891E-06	1.721E-05
7.891E-06	1.721E-05
7.891E-06	1.721E-05
7.891E-06	1.720E-05
7.891E-06	1.721E-05
7.891E-06	1.721E-05
7.891E-06	1.721E-05
7.891E-06	1.721E-05
7.891E-06	1.721E-05
7.891E-06	1.720E-05
7.891E-06	1.721E-05
7.891E-06	1.721E-05
7.891E-06	1.721E-05
7.891E-06	1.721E-05
7.891E-06	1.721E-05
7.891E-06	1.721E-05
7.891E-06	1.721E-05
7.891E-06	1.721E-05
7.891E-06	1.721E-05
7.891E-06	1.721E-05
7.891E-06	1.721E-05
7.891E-06	1.721E-05
7.891E-06	1.720E-05
7.891E-06	1.721E-05
7.891E-06	1.721E-05
7.891E-06	1.721E-05
7.891E-06	1.721E-05
7.891E-06	1.721E-05
7.891E-06	1.720E-05
7.891E-06	1.721E-05
7.891E-06	1.721E-05
7.891E-06	1.721E-05
7.891E-06	1.721E-05
7.891E-06	1.721E-05
7.891E-06	1.721E-05
7.891E-06	1.721E-05
7.891E-06	1.721E-05
7.891E-06	1.721E-05
7.891E-06	1.721E-05
7.891E-06	1.721E-05
7.891E-06	1.721E-05
7.891E-06	1.720E-05
7.891E-06	1.721E-05
7.891E-06	1.721E-05
7.891E-06	1.721E-05
7.891E-06	1.721E-05
7.891E-06	1.721E-05
7.891E-06	1.721E-05
7.901E-06	1.722E-05
7.901E-06	1.722E-05
7.901E-06	1.723E-05
7.901E-06	1.725E-05
7.901E-06	1.725E-05
7.901E-06	1.726E-05
7.922E-06	1.728E-05
7.993E-06	1.741E-05
8.044E-06	1.752E-05
8.054E-06	1.755E-05
8.054E-06	1.755E-05
8.044E-06	1.755E-05
8.044E-06	1.755E-05
8.044E-06	1.755E-05
8.044E-06	1.755E-05
8.044E-06	1.755E-05
8.034E-06	1.755E-05
8.034E-06	1.755E-05
8.034E-06	1.755E-05
8.034E-06	1.755E-05
8.034E-06	1.755E-05
8.034E-06	1.755E-05
8.034E-06	1.755E-05
8.034E-06	1.754E-05
8.034E-06	1.755E-05
8.044E-06	1.755E-05
8.034E-06	1.755E-05
8.044E-06	1.756E-05
8.044E-06	1.756E-05
8.044E-06	1.756E-05
8.044E-06	1.757E-05
8.044E-06	1.757E-05
8.044E-06	1.757E-05
8.044E-06	1.757E-05
8.044E-06	1.758E-05
8.044E-06	1.759E-05
8.054E-06	1.760E-05
8.065E-06	1.762E-05
8.075E-06	1.764E-05
8.075E-06	1.765E-05
8.075E-06	1.765E-05
8.075E-06	1.765E-05
8.085E-06	1.765E-05
8.085E-06	1.766E-05
8.085E-06	1.767E-05
8.085E-06	1.767E-05
8.095E-06	1.768E-05
8.105E-06	1.769E-05
8.105E-06	1.768E-05
8.105E-06	1.769E-05
8.105E-06	1.769E-05
8.105E-06	1.770E-05
8.105E-06	1.770E-05
8.105E-06	1.771E-05
8.105E-06	1.771E-05
8.105E-06	1.772E-05
8.105E-06	1.772E-05
8.105E-06	1.772E-05
8.105E-06	1.772E-05
8.105E-06	1.773E-05
8.116E-06	1.773E-05
8.126E-06	1.774E-05
8.126E-06	1.775E-05
8.126E-06	1.775E-05
8.126E-06	1.775E-05
8.126E-06	1.775E-05
8.126E-06	1.775E-05
8.126E-06	1.775E-05
8.126E-06	1.776E-05
8.136E-06	1.777E-05
8.136E-06	1.778E-05
8.136E-06	1.778E-05
8.136E-06	1.779E-05
8.136E-06	1.779E-05
8.146E-06	1.779E-05
8.136E-06	1.780E-05
8.146E-06	1.781E-05
8.156E-06	1.783E-05
8.156E-06	1.783E-05
8.156E-06	1.783E-05
8.156E-06	1.783E-05
8.156E-06	1.783E-05
8.156E-06	1.784E-05
8.167E-06	1.784E-05
8.177E-06	1.786E-05
8.187E-06	1.788E-05
8.187E-06	1.789E-05
8.187E-06	1.789E-05
8.187E-06	1.789E-05
8.187E-06	1.789E-05
8.187E-06	1.790E-05
8.187E-06	1.790E-05
8.187E-06	1.791E-05
8.207E-06	1.793E-05
8.207E-06	1.794E-05
8.207E-06	1.794E-05
8.207E-06	1.794E-05
8.207E-06	1.795E-05
8.218E-06	1.797E-05
8.218E-06	1.797E-05
8.218E-06	1.798E-05
8.218E-06	1.798E-05
8.228E-06	1.800E-05
8.238E-06	1.801E-05
8.238E-06	1.801E-05
8.238E-06	1.802E-05
8.238E-06	1.802E-05
8.248E-06	1.804E-05
8.269E-06	1.808E-05
8.279E-06	1.810E-05
8.279E-06	1.810E-05
8.269E-06	1.810E-05
8.269E-06	1.811E-05
8.269E-06	1.811E-05
8.269E-06	1.811E-05
8.269E-06	1.812E-05
8.269E-06	1.812E-05
8.279E-06	1.812E-05
8.279E-06	1.812E-05
8.289E-06	1.814E-05
8.289E-06	1.814E-05
8.289E-06	1.814E-05
8.289E-06	1.814E-05
8.289E-06	1.815E-05
8.289E-06	1.815E-05
8.289E-06	1.815E-05
8.289E-06	1.815E-05
8.289E-06	1.816E-05
8.289E-06	1.816E-05
8.299E-06	1.817E-05
8.310E-06	1.818E-05
8.310E-06	1.818E-05
8.310E-06	1.819E-05
8.310E-06	1.819E-05
8.310E-06	1.819E-05
8.310E-06	1.820E-05
8.320E-06	1.821E-05
8.320E-06	1.822E-05
8.320E-06	1.822E-05
8.320E-06	1.822E-05
8.330E-06	1.816E-05
8.340E-06	1.825E-05
8.340E-06	1.825E-05
8.340E-06	1.827E-05
8.350E-06	1.828E-05
8.350E-06	1.829E-05
8.361E-06	1.830E-05
8.371E-06	1.832E-05
8.371E-06	1.833E-05
8.381E-06	1.833E-05
8.371E-06	1.834E-05
8.371E-06	1.834E-05
8.371E-06	1.834E-05
8.381E-06	1.835E-05
8.391E-06	1.837E-05
8.391E-06	1.837E-05
8.391E-06	1.838E-05
8.391E-06	1.838E-05
8.391E-06	1.838E-05
8.401E-06	1.840E-05
8.412E-06	1.841E-05
8.412E-06	1.841E-05
8.412E-06	1.842E-05
8.422E-06	1.843E-05
8.422E-06	1.844E-05
8.422E-06	1.844E-05
8.422E-06	1.845E-05
8.432E-06	1.846E-05
8.442E-06	1.848E-05
8.442E-06	1.848E-05
8.442E-06	1.849E-05
8.442E-06	1.849E-05
8.442E-06	1.849E-05
8.452E-06	1.849E-05
8.452E-06	1.850E-05
8.452E-06	1.851E-05
8.463E-06	1.853E-05
8.463E-06	1.854E-05
8.463E-06	1.854E-05
8.463E-06	1.853E-05
8.463E-06	1.855E-05
8.483E-06	1.857E-05
8.493E-06	1.859E-05
8.493E-06	1.860E-05
8.493E-06	1.860E-05
8.493E-06	1.860E-05
8.493E-06	1.860E-05
8.493E-06	1.861E-05
8.493E-06	1.861E-05
8.493E-06	1.862E-05
8.493E-06	1.862E-05
8.503E-06	1.863E-05
8.503E-06	1.863E-05
8.503E-06	1.865E-05
8.503E-06	1.865E-05
8.524E-06	1.867E-05
8.524E-06	1.868E-05
8.524E-06	1.869E-05
8.534E-06	1.870E-05
8.544E-06	1.872E-05
8.555E-06	1.873E-05
8.555E-06	1.874E-05
8.565E-06	1.875E-05
8.565E-06	1.876E-05
8.575E-06	1.878E-05
8.585E-06	1.880E-05
8.595E-06	1.882E-05
8.595E-06	1.883E-05
8.595E-06	1.884E-05
8.595E-06	1.884E-05
8.595E-06	1.885E-05
8.606E-06	1.886E-05
8.616E-06	1.887E-05
8.616E-06	1.888E-05
8.626E-06	1.890E-05
8.636E-06	1.892E-05
8.636E-06	1.893E-05
8.646E-06	1.893E-05
8.646E-06	1.895E-05
8.646E-06	1.896E-05
8.657E-06	1.899E-05
8.657E-06	1.899E-05
8.677E-06	1.901E-05
8.687E-06	1.904E-05
8.687E-06	1.905E-05
8.687E-06	1.905E-05
8.697E-06	1.907E-05
8.697E-06	1.908E-05
8.697E-06	1.908E-05
8.697E-06	1.908E-05
8.697E-06	1.908E-05
8.697E-06	1.909E-05
8.697E-06	1.909E-05
8.708E-06	1.910E-05
8.718E-06	1.911E-05
8.718E-06	1.911E-05
8.708E-06	1.912E-05
8.718E-06	1.913E-05
8.728E-06	1.914E-05
8.728E-06	1.915E-05
8.728E-06	1.915E-05
8.728E-06	1.916E-05
8.738E-06	1.916E-05
8.738E-06	1.917E-05
8.738E-06	1.917E-05
8.738E-06	1.918E-05
8.748E-06	1.919E-05
8.748E-06	1.920E-05
8.748E-06	1.920E-05
8.748E-06	1.920E-05
8.748E-06	1.920E-05
8.759E-06	1.921E-05
8.759E-06	1.922E-05
8.759E-06	1.922E-05
8.759E-06	1.923E-05
8.759E-06	1.922E-05
8.769E-06	1.924E-05
8.779E-06	1.928E-05
8.779E-06	1.928E-05
8.789E-06	1.928E-05
8.789E-06	1.928E-05
8.789E-06	1.928E-05
8.789E-06	1.929E-05
8.800E-06	1.930E-05
8.800E-06	1.931E-05
8.800E-06	1.932E-05
8.810E-06	1.933E-05
8.810E-06	1.935E-05
8.820E-06	1.936E-05
8.820E-06	1.937E-05
8.820E-06	1.938E-05
8.830E-06	1.939E-05
8.830E-06	1.940E-05
8.840E-06	1.940E-05
8.840E-06	1.940E-05
8.851E-06	1.943E-05
8.861E-06	1.945E-05
8.861E-06	1.946E-05
8.871E-06	1.948E-05
8.891E-06	1.951E-05
8.891E-06	1.952E-05
8.891E-06	1.953E-05
8.891E-06	1.953E-05
8.902E-06	1.955E-05
8.902E-06	1.956E-05
8.902E-06	1.957E-05
8.912E-06	1.958E-05
8.912E-06	1.959E-05
8.912E-06	1.960E-05
8.912E-06	1.960E-05
8.922E-06	1.960E-05
8.932E-06	1.962E-05
8.932E-06	1.962E-05
8.932E-06	1.962E-05
8.932E-06	1.963E-05
8.932E-06	1.964E-05
8.942E-06	1.964E-05
8.953E-06	1.966E-05
8.953E-06	1.967E-05
8.953E-06	1.967E-05
8.963E-06	1.968E-05
8.963E-06	1.969E-05
8.963E-06	1.970E-05
8.973E-06	1.971E-05
8.973E-06	1.972E-05
8.983E-06	1.974E-05
8.993E-06	1.976E-05
8.993E-06	1.976E-05
8.993E-06	1.977E-05
8.993E-06	1.977E-05
8.993E-06	1.977E-05
9.004E-06	1.978E-05
9.014E-06	1.979E-05
9.014E-06	1.982E-05
9.024E-06	1.983E-05
9.024E-06	1.984E-05
9.024E-06	1.985E-05
9.034E-06	1.986E-05
9.045E-06	1.986E-05
9.045E-06	1.987E-05
9.045E-06	1.987E-05
9.045E-06	1.988E-05
9.055E-06	1.989E-05
9.055E-06	1.989E-05
9.055E-06	1.990E-05
9.055E-06	1.991E-05
9.065E-06	1.992E-05
9.065E-06	1.994E-05
9.065E-06	1.994E-05
9.065E-06	1.995E-05
9.075E-06	1.996E-05
9.075E-06	1.997E-05
9.075E-06	1.997E-05
9.075E-06	1.998E-05
9.075E-06	1.998E-05
9.085E-06	1.998E-05
9.096E-06	2.000E-05
9.096E-06	2.000E-05
9.096E-06	2.001E-05
9.096E-06	2.001E-05
9.096E-06	2.003E-05
9.106E-06	2.004E-05
9.116E-06	2.005E-05
9.116E-06	2.006E-05
9.126E-06	2.007E-05
9.126E-06	2.008E-05
9.136E-06	2.009E-05
9.136E-06	2.010E-05
9.136E-06	2.011E-05
9.147E-06	2.012E-05
9.147E-06	2.011E-05
9.147E-06	2.012E-05
9.157E-06	2.014E-05
9.157E-06	2.015E-05
9.157E-06	2.015E-05
9.167E-06	2.016E-05
9.167E-06	2.016E-05
9.167E-06	2.017E-05
9.177E-06	2.019E-05
9.187E-06	2.021E-05
9.187E-06	2.022E-05
9.198E-06	2.023E-05
9.198E-06	2.025E-05
9.208E-06	2.026E-05
9.208E-06	2.027E-05
9.218E-06	2.028E-05
9.218E-06	2.029E-05
9.218E-06	2.029E-05
9.218E-06	2.030E-05
9.228E-06	2.030E-05
9.228E-06	2.032E-05
9.238E-06	2.033E-05
9.249E-06	2.034E-05
9.238E-06	2.034E-05
9.249E-06	2.035E-05
9.249E-06	2.036E-05
9.259E-06	2.037E-05
9.259E-06	2.038E-05
9.259E-06	2.039E-05
9.259E-06	2.039E-05
9.269E-06	2.040E-05
9.269E-06	2.041E-05
9.269E-06	2.042E-05
9.269E-06	2.042E-05
9.279E-06	2.043E-05
9.290E-06	2.044E-05
9.290E-06	2.045E-05
9.279E-06	2.045E-05
9.290E-06	2.045E-05
9.290E-06	2.045E-05
9.290E-06	2.045E-05
9.290E-06	2.046E-05
9.290E-06	2.046E-05
9.290E-06	2.046E-05
9.290E-06	2.046E-05
9.290E-06	2.046E-05
9.290E-06	2.047E-05
9.310E-06	2.049E-05
9.310E-06	2.050E-05
9.310E-06	2.050E-05
9.310E-06	2.051E-05
9.310E-06	2.051E-05
9.310E-06	2.052E-05
9.310E-06	2.052E-05
9.320E-06	2.053E-05
9.320E-06	2.053E-05
9.320E-06	2.054E-05
9.320E-06	2.053E-05
9.320E-06	2.054E-05
9.320E-06	2.054E-05
9.320E-06	2.055E-05
9.320E-06	2.055E-05
9.320E-06	2.055E-05
9.330E-06	2.055E-05
9.330E-06	2.055E-05
9.330E-06	2.055E-05
9.330E-06	2.056E-05
9.330E-06	2.056E-05
9.330E-06	2.056E-05
9.330E-06	2.057E-05
9.341E-06	2.057E-05
9.341E-06	2.058E-05
9.341E-06	2.059E-05
9.341E-06	2.059E-05
9.351E-06	2.060E-05
9.351E-06	2.060E-05
9.351E-06	2.061E-05
9.351E-06	2.061E-05
9.351E-06	2.061E-05
9.351E-06	2.062E-05
9.361E-06	2.062E-05
9.361E-06	2.062E-05
9.361E-06	2.062E-05
9.371E-06	2.064E-05
9.371E-06	2.064E-05
9.371E-06	2.065E-05
9.371E-06	2.065E-05
9.371E-06	2.065E-05
9.381E-06	2.066E-05
9.381E-06	2.066E-05
9.381E-06	2.067E-05
9.381E-06	2.067E-05
9.392E-06	2.069E-05
9.392E-06	2.069E-05
9.392E-06	2.069E-05
9.392E-06	2.070E-05
9.392E-06	2.070E-05
9.392E-06	2.071E-05
9.402E-06	2.072E-05
9.402E-06	2.072E-05
9.402E-06	2.073E-05
9.402E-06	2.073E-05
9.412E-06	2.075E-05
9.422E-06	2.076E-05
9.422E-06	2.077E-05
9.422E-06	2.077E-05
9.422E-06	2.078E-05
9.422E-06	2.078E-05
9.432E-06	2.079E-05
9.443E-06	2.080E-05
9.443E-06	2.081E-05
9.453E-06	2.083E-05
9.453E-06	2.084E-05
9.453E-06	2.084E-05
9.463E-06	2.085E-05
9.463E-06	2.086E-05
9.463E-06	2.087E-05
9.463E-06	2.087E-05
9.463E-06	2.088E-05
9.473E-06	2.089E-05
9.473E-06	2.089E-05
9.473E-06	2.090E-05
9.473E-06	2.090E-05
9.473E-06	2.091E-05
9.483E-06	2.092E-05
9.483E-06	2.092E-05
9.483E-06	2.094E-05
9.494E-06	2.095E-05
9.504E-06	2.096E-05
9.504E-06	2.097E-05
9.514E-06	2.098E-05
9.514E-06	2.099E-05
9.514E-06	2.100E-05
9.524E-06	2.100E-05
9.524E-06	2.102E-05
9.534E-06	2.103E-05
9.534E-06	2.104E-05
9.545E-06	2.105E-05
9.545E-06	2.106E-05
9.545E-06	2.105E-05
9.545E-06	2.106E-05
9.545E-06	2.107E-05
9.545E-06	2.107E-05
9.545E-06	2.107E-05
9.545E-06	2.107E-05
9.545E-06	2.108E-05
9.555E-06	2.109E-05
9.555E-06	2.109E-05
9.555E-06	2.110E-05
9.565E-06	2.111E-05
9.565E-06	2.111E-05
9.565E-06	2.112E-05
9.565E-06	2.111E-05
9.575E-06	2.112E-05
9.575E-06	2.114E-05
9.575E-06	2.115E-05
9.586E-06	2.115E-05
9.586E-06	2.116E-05
9.586E-06	2.116E-05
9.596E-06	2.117E-05
9.596E-06	2.118E-05
9.596E-06	2.118E-05
9.596E-06	2.118E-05
9.596E-06	2.119E-05
9.606E-06	2.119E-05
9.606E-06	2.110E-05
9.606E-06	2.120E-05
9.606E-06	2.120E-05
9.606E-06	2.121E-05
9.606E-06	2.121E-05
9.606E-06	2.121E-05
9.606E-06	2.120E-05
9.606E-06	2.122E-05
9.606E-06	2.122E-05
9.616E-06	2.123E-05
9.616E-06	2.124E-05
9.626E-06	2.124E-05
9.626E-06	2.124E-05
9.626E-06	2.126E-05
9.637E-06	2.126E-05
9.637E-06	2.127E-05
9.637E-06	2.128E-05
9.637E-06	2.129E-05
9.647E-06	2.129E-05
9.647E-06	2.130E-05
9.657E-06	2.131E-05
9.657E-06	2.131E-05
9.647E-06	2.131E-05
9.657E-06	2.132E-05
9.657E-06	2.132E-05
9.657E-06	2.132E-05
9.667E-06	2.134E-05
9.667E-06	2.135E-05
9.677E-06	2.136E-05
9.677E-06	2.138E-05
9.688E-06	2.139E-05
9.688E-06	2.140E-05
9.688E-06	2.141E-05
9.688E-06	2.141E-05
9.708E-06	2.143E-05
9.708E-06	2.144E-05
9.708E-06	2.146E-05
9.718E-06	2.147E-05
9.718E-06	2.148E-05
9.728E-06	2.149E-05
9.739E-06	2.150E-05