9.208E-06	2.150E-05
9.208E-06	2.149E-05
9.208E-06	2.149E-05
9.208E-06	2.148E-05
9.198E-06	2.148E-05
9.198E-06	2.146E-05
9.187E-06	2.144E-05
9.187E-06	2.143E-05
9.187E-06	2.142E-05
9.187E-06	2.142E-05
9.187E-06	2.141E-05
9.177E-06	2.140E-05
9.177E-06	2.140E-05
9.167E-06	2.139E-05
9.167E-06	2.138E-05
9.157E-06	2.136E-05
9.157E-06	2.135E-05
9.147E-06	2.134E-05
9.136E-06	2.132E-05
9.126E-06	2.130E-05
9.116E-06	2.127E-05
9.116E-06	2.125E-05
9.106E-06	2.124E-05
9.106E-06	2.123E-05
9.096E-06	2.122E-05
9.096E-06	2.121E-05
9.085E-06	2.119E-05
9.075E-06	2.118E-05
9.075E-06	2.115E-05
9.065E-06	2.114E-05
9.055E-06	2.112E-05
9.055E-06	2.112E-05
9.045E-06	2.111E-05
9.045E-06	2.109E-05
9.045E-06	2.109E-05
9.034E-06	2.107E-05
9.034E-06	2.107E-05
9.034E-06	2.106E-05
9.024E-06	2.105E-05
9.024E-06	2.105E-05
9.024E-06	2.104E-05
9.024E-06	2.103E-05
9.014E-06	2.101E-05
9.014E-06	2.101E-05
9.014E-06	2.100E-05
9.004E-06	2.099E-05
9.004E-06	2.097E-05
8.993E-06	2.096E-05
8.983E-06	2.095E-05
8.983E-06	2.092E-05
8.983E-06	2.092E-05
8.983E-06	2.092E-05
8.983E-06	2.092E-05
8.973E-06	2.091E-05
8.973E-06	2.090E-05
8.973E-06	2.089E-05
8.963E-06	2.087E-05
8.953E-06	2.086E-05
8.942E-06	2.084E-05
8.932E-06	2.082E-05
8.932E-06	2.080E-05
8.922E-06	2.079E-05
8.922E-06	2.078E-05
8.912E-06	2.077E-05
8.902E-06	2.074E-05
8.891E-06	2.072E-05
8.891E-06	2.070E-05
8.881E-06	2.067E-05
8.871E-06	2.066E-05
8.871E-06	2.065E-05
8.871E-06	2.065E-05
8.861E-06	2.064E-05
8.861E-06	2.063E-05
8.861E-06	2.063E-05
8.861E-06	2.063E-05
8.861E-06	2.062E-05
8.851E-06	2.061E-05
8.851E-06	2.060E-05
8.840E-06	2.059E-05
8.840E-06	2.058E-05
8.830E-06	2.056E-05
8.830E-06	2.056E-05
8.830E-06	2.055E-05
8.820E-06	2.054E-05
8.820E-06	2.053E-05
8.810E-06	2.052E-05
8.810E-06	2.050E-05
8.800E-06	2.048E-05
8.800E-06	2.047E-05
8.800E-06	2.047E-05
8.800E-06	2.046E-05
8.800E-06	2.045E-05
8.789E-06	2.045E-05
8.789E-06	2.044E-05
8.789E-06	2.044E-05
8.789E-06	2.043E-05
8.779E-06	2.043E-05
8.779E-06	2.042E-05
8.769E-06	2.040E-05
8.769E-06	2.039E-05
8.759E-06	2.038E-05
8.759E-06	2.037E-05
8.748E-06	2.036E-05
8.748E-06	2.034E-05
8.748E-06	2.034E-05
8.738E-06	2.033E-05
8.738E-06	2.032E-05
8.728E-06	2.031E-05
8.728E-06	2.030E-05
8.728E-06	2.029E-05
8.718E-06	2.027E-05
8.708E-06	2.025E-05
8.697E-06	2.022E-05
8.697E-06	2.022E-05
8.697E-06	2.022E-05
8.697E-06	2.022E-05
8.697E-06	2.021E-05
8.687E-06	2.021E-05
8.687E-06	2.020E-05
8.687E-06	2.019E-05
8.667E-06	2.016E-05
8.667E-06	2.014E-05
8.657E-06	2.014E-05
8.646E-06	2.012E-05
8.636E-06	2.010E-05
8.636E-06	2.009E-05
8.636E-06	2.009E-05
8.636E-06	2.008E-05
8.636E-06	2.007E-05
8.626E-06	2.006E-05
8.626E-06	2.006E-05
8.626E-06	2.005E-05
8.616E-06	2.004E-05
8.616E-06	2.003E-05
8.616E-06	2.002E-05
8.616E-06	2.002E-05
8.606E-06	2.000E-05
8.606E-06	1.999E-05
8.595E-06	1.998E-05
8.595E-06	1.997E-05
8.585E-06	1.996E-05
8.585E-06	1.994E-05
8.575E-06	1.993E-05
8.575E-06	1.992E-05
8.575E-06	1.981E-05
8.575E-06	1.990E-05
8.565E-06	1.990E-05
8.565E-06	1.989E-05
8.555E-06	1.988E-05
8.555E-06	1.987E-05
8.555E-06	1.987E-05
8.555E-06	1.986E-05
8.544E-06	1.985E-05
8.544E-06	1.984E-05
8.544E-06	1.984E-05
8.544E-06	1.983E-05
8.534E-06	1.982E-05
8.534E-06	1.982E-05
8.524E-06	1.981E-05
8.524E-06	1.979E-05
8.524E-06	1.979E-05
8.514E-06	1.978E-05
8.514E-06	1.977E-05
8.503E-06	1.976E-05
8.503E-06	1.975E-05
8.493E-06	1.973E-05
8.493E-06	1.972E-05
8.493E-06	1.971E-05
8.483E-06	1.970E-05
8.483E-06	1.969E-05
8.483E-06	1.969E-05
8.473E-06	1.968E-05
8.473E-06	1.967E-05
8.473E-06	1.967E-05
8.473E-06	1.966E-05
8.463E-06	1.965E-05
8.463E-06	1.965E-05
8.463E-06	1.964E-05
8.452E-06	1.964E-05
8.452E-06	1.963E-05
8.452E-06	1.963E-05
8.452E-06	1.962E-05
8.452E-06	1.961E-05
8.442E-06	1.961E-05
8.442E-06	1.960E-05
8.442E-06	1.960E-05
8.442E-06	1.960E-05
8.442E-06	1.959E-05
8.442E-06	1.959E-05
8.442E-06	1.958E-05
8.432E-06	1.958E-05
8.432E-06	1.958E-05
8.432E-06	1.958E-05
8.432E-06	1.957E-05
8.432E-06	1.957E-05
8.432E-06	1.957E-05
8.432E-06	1.957E-05
8.432E-06	1.956E-05
8.422E-06	1.955E-05
8.412E-06	1.954E-05
8.412E-06	1.953E-05
8.401E-06	1.951E-05
8.401E-06	1.949E-05
8.401E-06	1.950E-05
8.401E-06	1.949E-05
8.401E-06	1.949E-05
8.391E-06	1.948E-05
8.391E-06	1.947E-05
8.391E-06	1.947E-05
8.381E-06	1.946E-05
8.381E-06	1.945E-05
8.381E-06	1.944E-05
8.371E-06	1.943E-05
8.371E-06	1.943E-05
8.371E-06	1.942E-05
8.371E-06	1.941E-05
8.371E-06	1.941E-05
8.371E-06	1.941E-05
8.361E-06	1.940E-05
8.361E-06	1.940E-05
8.361E-06	1.939E-05
8.361E-06	1.938E-05
8.361E-06	1.937E-05
8.350E-06	1.938E-05
8.350E-06	1.937E-05
8.340E-06	1.935E-05
8.340E-06	1.935E-05
8.340E-06	1.935E-05
8.340E-06	1.934E-05
8.330E-06	1.933E-05
8.330E-06	1.933E-05
8.330E-06	1.932E-05
8.330E-06	1.931E-05
8.320E-06	1.931E-05
8.320E-06	1.930E-05
8.320E-06	1.928E-05
8.320E-06	1.928E-05
8.310E-06	1.928E-05
8.310E-06	1.927E-05
8.310E-06	1.927E-05
8.310E-06	1.927E-05
8.310E-06	1.926E-05
8.299E-06	1.926E-05
8.299E-06	1.925E-05
8.299E-06	1.925E-05
8.289E-06	1.924E-05
8.289E-06	1.923E-05
8.289E-06	1.922E-05
8.289E-06	1.921E-05
8.289E-06	1.921E-05
8.289E-06	1.921E-05
8.289E-06	1.920E-05
8.279E-06	1.920E-05
8.279E-06	1.920E-05
8.279E-06	1.920E-05
8.279E-06	1.919E-05
8.279E-06	1.920E-05
8.279E-06	1.919E-05
8.279E-06	1.919E-05
8.279E-06	1.919E-05
8.279E-06	1.919E-05
8.269E-06	1.918E-05
8.269E-06	1.918E-05
8.269E-06	1.918E-05
8.269E-06	1.917E-05
8.269E-06	1.917E-05
8.269E-06	1.916E-05
8.258E-06	1.915E-05
8.258E-06	1.915E-05
8.258E-06	1.915E-05
8.258E-06	1.915E-05
8.258E-06	1.915E-05
8.258E-06	1.915E-05
8.258E-06	1.914E-05
8.258E-06	1.914E-05
8.248E-06	1.913E-05
8.248E-06	1.913E-05
8.248E-06	1.913E-05
8.248E-06	1.912E-05
8.248E-06	1.913E-05
8.248E-06	1.912E-05
8.248E-06	1.912E-05
8.248E-06	1.912E-05
8.248E-06	1.912E-05
8.248E-06	1.912E-05
8.248E-06	1.911E-05
8.238E-06	1.911E-05
8.238E-06	1.911E-05
8.238E-06	1.911E-05
8.238E-06	1.910E-05
8.238E-06	1.910E-05
8.238E-06	1.909E-05
8.238E-06	1.909E-05
8.238E-06	1.909E-05
8.238E-06	1.909E-05
8.238E-06	1.908E-05
8.238E-06	1.908E-05
8.228E-06	1.908E-05
8.228E-06	1.908E-05
8.228E-06	1.908E-05
8.228E-06	1.908E-05
8.228E-06	1.907E-05
8.228E-06	1.907E-05
8.228E-06	1.907E-05
8.228E-06	1.906E-05
8.228E-06	1.906E-05
8.228E-06	1.906E-05
8.228E-06	1.906E-05
8.228E-06	1.906E-05
8.228E-06	1.905E-05
8.228E-06	1.905E-05
8.218E-06	1.905E-05
8.218E-06	1.905E-05
8.218E-06	1.905E-05
8.218E-06	1.904E-05
8.218E-06	1.904E-05
8.218E-06	1.904E-05
8.218E-06	1.903E-05
8.207E-06	1.903E-05
8.207E-06	1.902E-05
8.207E-06	1.902E-05
8.207E-06	1.901E-05
8.197E-06	1.900E-05
8.197E-06	1.900E-05
8.197E-06	1.900E-05
8.197E-06	1.900E-05
8.197E-06	1.900E-05
8.197E-06	1.899E-05
8.197E-06	1.899E-05
8.197E-06	1.899E-05
8.197E-06	1.899E-05
8.197E-06	1.898E-05
8.197E-06	1.899E-05
8.197E-06	1.898E-05
8.197E-06	1.898E-05
8.187E-06	1.897E-05
8.187E-06	1.897E-05
8.187E-06	1.897E-05
8.187E-06	1.896E-05
8.187E-06	1.896E-05
8.177E-06	1.895E-05
8.177E-06	1.895E-05
8.177E-06	1.894E-05
8.177E-06	1.894E-05
8.177E-06	1.893E-05
8.177E-06	1.893E-05
8.177E-06	1.893E-05
8.167E-06	1.893E-05
8.177E-06	1.892E-05
8.167E-06	1.892E-05
8.167E-06	1.891E-05
8.167E-06	1.891E-05
8.167E-06	1.891E-05
8.167E-06	1.890E-05
8.156E-06	1.890E-05
8.156E-06	1.889E-05
8.156E-06	1.889E-05
8.156E-06	1.889E-05
8.156E-06	1.889E-05
8.156E-06	1.889E-05
8.156E-06	1.889E-05
8.156E-06	1.889E-05
8.156E-06	1.888E-05
8.156E-06	1.888E-05
8.156E-06	1.888E-05
8.146E-06	1.888E-05
8.146E-06	1.887E-05
8.146E-06	1.887E-05
8.146E-06	1.886E-05
8.146E-06	1.886E-05
8.146E-06	1.885E-05
8.136E-06	1.885E-05
8.136E-06	1.884E-05
8.136E-06	1.884E-05
8.136E-06	1.884E-05
8.136E-06	1.883E-05
8.136E-06	1.883E-05
8.136E-06	1.883E-05
8.136E-06	1.883E-05
8.136E-06	1.883E-05
8.126E-06	1.882E-05
8.126E-06	1.882E-05
8.126E-06	1.881E-05
8.126E-06	1.881E-05
8.126E-06	1.881E-05
8.126E-06	1.881E-05
8.126E-06	1.880E-05
8.116E-06	1.879E-05
8.116E-06	1.879E-05
8.116E-06	1.878E-05
8.116E-06	1.878E-05
8.116E-06	1.878E-05
8.105E-06	1.878E-05
8.105E-06	1.877E-05
8.105E-06	1.877E-05
8.105E-06	1.876E-05
8.105E-06	1.876E-05
8.105E-06	1.876E-05
8.105E-06	1.876E-05
8.105E-06	1.876E-05
8.105E-06	1.876E-05
8.105E-06	1.875E-05
8.095E-06	1.875E-05
8.095E-06	1.875E-05
8.095E-06	1.875E-05
8.095E-06	1.875E-05
8.095E-06	1.874E-05
8.095E-06	1.874E-05
8.095E-06	1.874E-05
8.085E-06	1.874E-05
8.095E-06	1.873E-05
8.085E-06	1.873E-05
8.085E-06	1.873E-05
8.085E-06	1.873E-05
8.085E-06	1.872E-05
8.085E-06	1.872E-05
8.075E-06	1.871E-05
8.075E-06	1.871E-05
8.075E-06	1.871E-05
8.075E-06	1.870E-05
8.075E-06	1.870E-05
8.075E-06	1.870E-05
8.065E-06	1.869E-05
8.065E-06	1.869E-05
8.065E-06	1.869E-05
8.065E-06	1.869E-05
8.065E-06	1.869E-05
8.065E-06	1.869E-05
8.065E-06	1.869E-05
8.065E-06	1.868E-05
8.065E-06	1.869E-05
8.065E-06	1.869E-05
8.065E-06	1.868E-05
8.065E-06	1.868E-05
8.065E-06	1.868E-05
8.065E-06	1.867E-05
8.065E-06	1.867E-05
8.065E-06	1.867E-05
8.054E-06	1.867E-05
8.054E-06	1.867E-05
8.054E-06	1.867E-05
8.054E-06	1.866E-05
8.054E-06	1.866E-05
8.054E-06	1.866E-05
8.054E-06	1.866E-05
8.054E-06	1.866E-05
8.054E-06	1.865E-05
8.054E-06	1.865E-05
8.054E-06	1.865E-05
8.054E-06	1.865E-05
8.054E-06	1.865E-05
8.054E-06	1.865E-05
8.054E-06	1.865E-05
8.044E-06	1.864E-05
8.044E-06	1.864E-05
8.044E-06	1.863E-05
8.044E-06	1.864E-05
8.044E-06	1.864E-05
8.044E-06	1.864E-05
8.044E-06	1.863E-05
8.044E-06	1.863E-05
8.044E-06	1.863E-05
8.044E-06	1.862E-05
8.044E-06	1.862E-05
8.044E-06	1.862E-05
8.044E-06	1.862E-05
8.044E-06	1.862E-05
8.034E-06	1.862E-05
8.034E-06	1.861E-05
8.044E-06	1.861E-05
8.034E-06	1.861E-05
8.034E-06	1.861E-05
8.034E-06	1.861E-05
8.034E-06	1.861E-05
8.034E-06	1.860E-05
8.034E-06	1.860E-05
8.034E-06	1.860E-05
8.034E-06	1.860E-05
8.034E-06	1.859E-05
8.024E-06	1.859E-05
8.024E-06	1.858E-05
8.024E-06	1.858E-05
8.024E-06	1.858E-05
8.024E-06	1.857E-05
8.024E-06	1.857E-05
8.013E-06	1.856E-05
8.013E-06	1.856E-05
8.013E-06	1.855E-05
8.013E-06	1.854E-05
8.013E-06	1.855E-05
8.013E-06	1.854E-05
8.013E-06	1.854E-05
8.013E-06	1.854E-05
8.003E-06	1.854E-05
8.003E-06	1.854E-05
8.003E-06	1.853E-05
8.003E-06	1.853E-05
8.003E-06	1.852E-05
8.003E-06	1.852E-05
8.003E-06	1.851E-05
7.993E-06	1.851E-05
7.993E-06	1.850E-05
7.993E-06	1.849E-05
7.993E-06	1.849E-05
7.993E-06	1.849E-05
7.983E-06	1.849E-05
7.993E-06	1.848E-05
7.983E-06	1.848E-05
7.983E-06	1.847E-05
7.983E-06	1.848E-05
7.983E-06	1.847E-05
7.983E-06	1.847E-05
7.983E-06	1.847E-05
7.973E-06	1.846E-05
7.973E-06	1.845E-05
7.962E-06	1.843E-05
7.962E-06	1.843E-05
7.962E-06	1.843E-05
7.962E-06	1.843E-05
7.962E-06	1.842E-05
7.962E-06	1.842E-05
7.952E-06	1.841E-05
7.952E-06	1.840E-05
7.942E-06	1.838E-05
7.932E-06	1.837E-05
7.932E-06	1.836E-05
7.922E-06	1.835E-05
7.922E-06	1.834E-05
7.911E-06	1.832E-05
7.911E-06	1.831E-05
7.911E-06	1.831E-05
7.901E-06	1.830E-05
7.891E-06	1.821E-05
7.881E-06	1.824E-05
7.860E-06	1.821E-05
7.850E-06	1.820E-05
7.850E-06	1.818E-05
7.840E-06	1.816E-05
7.830E-06	1.814E-05
7.820E-06	1.812E-05
7.820E-06	1.809E-05
7.809E-06	1.808E-05
7.809E-06	1.807E-05
7.809E-06	1.806E-05
7.809E-06	1.806E-05
7.809E-06	1.805E-05
7.799E-06	1.803E-05
7.799E-06	1.803E-05
7.799E-06	1.802E-05
7.789E-06	1.801E-05
7.789E-06	1.800E-05
7.779E-06	1.799E-05
7.779E-06	1.797E-05
7.768E-06	1.795E-05
7.768E-06	1.795E-05
7.758E-06	1.793E-05
7.758E-06	1.792E-05
7.748E-06	1.791E-05
7.738E-06	1.788E-05
7.728E-06	1.786E-05
7.717E-06	1.784E-05
7.717E-06	1.784E-05
7.717E-06	1.782E-05
7.707E-06	1.781E-05
7.707E-06	1.780E-05
7.697E-06	1.779E-05
7.697E-06	1.778E-05
7.687E-06	1.777E-05
7.687E-06	1.777E-05
7.687E-06	1.776E-05
7.677E-06	1.775E-05
7.666E-06	1.773E-05
7.666E-06	1.772E-05
7.666E-06	1.772E-05
7.666E-06	1.771E-05
7.656E-06	1.771E-05
7.656E-06	1.770E-05
7.656E-06	1.769E-05
7.646E-06	1.768E-05
7.646E-06	1.767E-05
7.636E-06	1.765E-05
7.636E-06	1.763E-05
7.626E-06	1.761E-05
7.626E-06	1.761E-05
7.626E-06	1.760E-05
7.615E-06	1.760E-05
7.615E-06	1.757E-05
7.605E-06	1.756E-05
7.605E-06	1.755E-05
7.595E-06	1.753E-05
7.585E-06	1.752E-05
7.585E-06	1.750E-05
7.585E-06	1.749E-05
7.575E-06	1.748E-05
7.564E-06	1.747E-05
7.564E-06	1.745E-05
7.564E-06	1.744E-05
7.554E-06	1.743E-05
7.554E-06	1.743E-05
7.554E-06	1.742E-05
7.554E-06	1.741E-05
7.544E-06	1.741E-05
7.544E-06	1.740E-05
7.544E-06	1.739E-05
7.534E-06	1.738E-05
7.534E-06	1.737E-05
7.534E-06	1.737E-05
7.534E-06	1.737E-05
7.534E-06	1.736E-05
7.534E-06	1.735E-05
7.523E-06	1.734E-05
7.513E-06	1.733E-05
7.513E-06	1.733E-05
7.513E-06	1.732E-05
7.503E-06	1.731E-05
7.503E-06	1.730E-05
7.493E-06	1.728E-05
7.493E-06	1.727E-05
7.493E-06	1.727E-05
7.483E-06	1.727E-05
7.483E-06	1.726E-05
7.472E-06	1.725E-05
7.472E-06	1.724E-05
7.472E-06	1.722E-05
7.472E-06	1.723E-05
7.462E-06	1.722E-05
7.462E-06	1.721E-05
7.452E-06	1.720E-05
7.452E-06	1.718E-05
7.442E-06	1.717E-05
7.442E-06	1.716E-05
7.432E-06	1.715E-05
7.432E-06	1.714E-05
7.421E-06	1.712E-05
7.421E-06	1.711E-05
7.421E-06	1.710E-05
7.411E-06	1.708E-05
7.401E-06	1.705E-05
7.401E-06	1.705E-05
7.391E-06	1.703E-05
7.381E-06	1.702E-05
7.381E-06	1.700E-05
7.370E-06	1.698E-05
7.370E-06	1.697E-05
7.360E-06	1.696E-05
7.360E-06	1.695E-05
7.350E-06	1.694E-05
7.350E-06	1.693E-05
7.350E-06	1.692E-05
7.340E-06	1.692E-05
7.340E-06	1.691E-05
7.330E-06	1.689E-05
7.319E-06	1.687E-05
7.319E-06	1.686E-05
7.319E-06	1.685E-05
7.309E-06	1.684E-05
7.309E-06	1.683E-05
7.299E-06	1.682E-05
7.299E-06	1.681E-05
7.289E-06	1.680E-05
7.289E-06	1.679E-05
7.278E-06	1.678E-05
7.278E-06	1.676E-05
7.268E-06	1.675E-05
7.258E-06	1.674E-05
7.258E-06	1.672E-05
7.258E-06	1.671E-05
7.248E-06	1.670E-05
7.248E-06	1.669E-05
7.238E-06	1.668E-05
7.227E-06	1.666E-05
7.227E-06	1.664E-05
7.217E-06	1.663E-05
7.217E-06	1.662E-05
7.217E-06	1.662E-05
7.217E-06	1.661E-05
7.217E-06	1.661E-05
7.207E-06	1.660E-05
7.207E-06	1.659E-05
7.207E-06	1.658E-05
7.197E-06	1.656E-05
7.187E-06	1.654E-05
7.187E-06	1.654E-05
7.187E-06	1.653E-05
7.176E-06	1.651E-05
7.166E-06	1.650E-05
7.166E-06	1.649E-05
7.166E-06	1.647E-05
7.156E-06	1.646E-05
7.146E-06	1.645E-05
7.146E-06	1.643E-05
7.136E-06	1.642E-05
7.125E-06	1.640E-05
7.125E-06	1.640E-05
7.125E-06	1.639E-05
7.115E-06	1.638E-05
7.115E-06	1.637E-05
7.105E-06	1.635E-05
7.105E-06	1.634E-05
7.095E-06	1.633E-05
7.095E-06	1.632E-05
7.085E-06	1.631E-05
7.085E-06	1.630E-05
7.074E-06	1.629E-05
7.074E-06	1.628E-05
7.064E-06	1.627E-05
7.064E-06	1.626E-05
7.054E-06	1.625E-05
7.054E-06	1.623E-05
7.044E-06	1.621E-05
7.033E-06	1.619E-05
7.033E-06	1.617E-05
7.023E-06	1.616E-05
7.023E-06	1.615E-05
7.023E-06	1.614E-05
7.013E-06	1.612E-05
7.003E-06	1.609E-05
6.993E-06	1.607E-05
6.982E-06	1.606E-05
6.972E-06	1.603E-05
6.972E-06	1.602E-05
6.962E-06	1.600E-05
6.952E-06	1.598E-05
6.952E-06	1.596E-05
6.942E-06	1.594E-05
6.931E-06	1.592E-05
6.921E-06	1.591E-05
6.911E-06	1.588E-05
6.911E-06	1.588E-05
6.901E-06	1.586E-05
6.901E-06	1.585E-05
6.891E-06	1.584E-05
6.891E-06	1.583E-05
6.880E-06	1.581E-05
6.870E-06	1.579E-05
6.870E-06	1.578E-05
6.870E-06	1.577E-05
6.860E-06	1.576E-05
6.860E-06	1.575E-05
6.850E-06	1.573E-05
6.840E-06	1.571E-05
6.829E-06	1.568E-05
6.819E-06	1.566E-05
6.809E-06	1.563E-05
6.799E-06	1.560E-05
6.788E-06	1.558E-05
6.778E-06	1.557E-05
6.778E-06	1.556E-05
6.778E-06	1.555E-05
6.768E-06	1.554E-05
6.768E-06	1.552E-05
6.768E-06	1.552E-05
6.768E-06	1.551E-05
6.768E-06	1.550E-05
6.758E-06	1.550E-05
6.748E-06	1.548E-05
6.748E-06	1.546E-05
6.748E-06	1.546E-05
6.737E-06	1.545E-05
6.727E-06	1.543E-05
6.727E-06	1.542E-05
6.727E-06	1.542E-05
6.727E-06	1.541E-05
6.717E-06	1.540E-05
6.717E-06	1.539E-05
6.707E-06	1.538E-05
6.707E-06	1.537E-05
6.697E-06	1.535E-05
6.686E-06	1.534E-05
6.686E-06	1.532E-05
6.676E-06	1.532E-05
6.676E-06	1.531E-05
6.666E-06	1.529E-05
6.666E-06	1.527E-05
6.666E-06	1.526E-05
6.656E-06	1.526E-05
6.656E-06	1.526E-05
6.656E-06	1.525E-05
6.656E-06	1.525E-05
6.656E-06	1.524E-05
6.656E-06	1.524E-05
6.646E-06	1.523E-05
6.635E-06	1.520E-05
6.625E-06	1.518E-05
6.625E-06	1.516E-05
6.615E-06	1.514E-05
6.615E-06	1.513E-05
6.605E-06	1.511E-05
6.595E-06	1.509E-05
6.595E-06	1.508E-05
6.584E-06	1.507E-05
6.574E-06	1.504E-05
6.564E-06	1.503E-05
6.564E-06	1.501E-05
6.554E-06	1.498E-05
6.543E-06	1.498E-05
6.543E-06	1.496E-05
6.533E-06	1.496E-05
6.523E-06	1.493E-05
6.523E-06	1.491E-05
6.523E-06	1.490E-05
6.513E-06	1.489E-05
6.503E-06	1.488E-05
6.503E-06	1.487E-05
6.492E-06	1.486E-05
6.492E-06	1.485E-05
6.482E-06	1.484E-05
6.482E-06	1.482E-05
6.482E-06	1.481E-05
6.472E-06	1.480E-05
6.462E-06	1.478E-05
6.462E-06	1.477E-05
6.452E-06	1.475E-05
6.452E-06	1.474E-05
6.441E-06	1.472E-05
6.431E-06	1.469E-05
6.421E-06	1.468E-05
6.431E-06	1.467E-05
6.421E-06	1.466E-05
6.421E-06	1.464E-05
6.411E-06	1.463E-05
6.401E-06	1.461E-05
6.401E-06	1.460E-05
6.401E-06	1.459E-05
6.401E-06	1.459E-05
6.390E-06	1.458E-05
6.380E-06	1.457E-05
6.380E-06	1.455E-05
6.370E-06	1.454E-05
6.370E-06	1.452E-05
6.370E-06	1.451E-05
6.360E-06	1.450E-05
6.360E-06	1.449E-05
6.350E-06	1.448E-05
6.350E-06	1.447E-05
6.350E-06	1.446E-05
6.339E-06	1.445E-05
6.329E-06	1.444E-05
6.329E-06	1.443E-05
6.319E-06	1.441E-05
6.319E-06	1.440E-05
6.309E-06	1.439E-05
6.309E-06	1.438E-05
6.298E-06	1.436E-05
6.288E-06	1.434E-05
6.288E-06	1.433E-05
6.278E-06	1.432E-05
6.278E-06	1.432E-05
6.268E-06	1.429E-05
6.268E-06	1.428E-05
6.258E-06	1.426E-05
6.247E-06	1.425E-05
6.247E-06	1.422E-05
6.237E-06	1.420E-05
6.227E-06	1.417E-05
6.207E-06	1.414E-05
6.207E-06	1.412E-05
6.186E-06	1.409E-05
6.186E-06	1.408E-05
6.176E-06	1.406E-05
6.166E-06	1.403E-05
6.156E-06	1.400E-05
6.145E-06	1.398E-05
6.135E-06	1.396E-05
6.115E-06	1.393E-05
6.115E-06	1.391E-05
6.105E-06	1.390E-05
6.094E-06	1.389E-05
6.094E-06	1.385E-05
6.084E-06	1.385E-05
6.074E-06	1.383E-05
6.074E-06	1.382E-05
6.064E-06	1.379E-05
6.064E-06	1.378E-05
6.064E-06	1.377E-05
6.053E-06	1.376E-05
6.043E-06	1.375E-05
6.043E-06	1.373E-05
6.033E-06	1.370E-05
6.013E-06	1.366E-05
6.013E-06	1.365E-05
6.002E-06	1.363E-05
5.992E-06	1.362E-05
5.982E-06	1.360E-05
5.982E-06	1.358E-05
5.972E-06	1.356E-05
5.962E-06	1.354E-05
5.962E-06	1.353E-05
5.941E-06	1.350E-05
5.931E-06	1.347E-05
5.921E-06	1.345E-05
5.911E-06	1.343E-05
5.911E-06	1.342E-05
5.900E-06	1.340E-05
5.890E-06	1.338E-05
5.880E-06	1.336E-05
5.880E-06	1.334E-05
5.870E-06	1.332E-05
5.860E-06	1.330E-05
5.849E-06	1.327E-05
5.849E-06	1.326E-05
5.849E-06	1.326E-05
5.839E-06	1.324E-05
5.839E-06	1.323E-05
5.829E-06	1.321E-05
5.819E-06	1.316E-05
5.819E-06	1.317E-05
5.819E-06	1.317E-05
5.808E-06	1.315E-05
5.798E-06	1.314E-05
5.788E-06	1.313E-05
5.788E-06	1.311E-05
5.778E-06	1.308E-05
5.778E-06	1.307E-05
5.768E-06	1.306E-05
5.757E-06	1.304E-05
5.747E-06	1.302E-05
5.737E-06	1.300E-05
5.727E-06	1.297E-05
5.727E-06	1.296E-05
5.717E-06	1.294E-05
5.706E-06	1.291E-05
5.696E-06	1.289E-05
5.686E-06	1.288E-05
5.686E-06	1.286E-05
5.676E-06	1.284E-05
5.666E-06	1.283E-05
5.666E-06	1.282E-05
5.666E-06	1.280E-05
5.655E-06	1.278E-05
5.645E-06	1.277E-05
5.645E-06	1.276E-05
5.635E-06	1.275E-05
5.635E-06	1.273E-05
5.625E-06	1.271E-05
5.615E-06	1.269E-05
5.604E-06	1.267E-05
5.604E-06	1.265E-05
5.594E-06	1.263E-05
5.584E-06	1.261E-05
5.584E-06	1.260E-05
5.574E-06	1.259E-05
5.574E-06	1.258E-05
5.563E-06	1.256E-05
5.553E-06	1.254E-05
5.543E-06	1.252E-05
5.533E-06	1.249E-05
5.512E-06	1.246E-05
5.502E-06	1.244E-05
5.502E-06	1.242E-05
5.492E-06	1.240E-05
5.492E-06	1.238E-05
5.482E-06	1.238E-05
5.482E-06	1.236E-05
5.472E-06	1.235E-05
5.461E-06	1.233E-05
5.451E-06	1.230E-05
5.451E-06	1.228E-05
5.441E-06	1.227E-05
5.441E-06	1.225E-05
5.431E-06	1.223E-05
5.421E-06	1.220E-05
5.410E-06	1.219E-05
5.400E-06	1.216E-05
5.390E-06	1.214E-05
5.390E-06	1.212E-05
5.380E-06	1.211E-05
5.380E-06	1.210E-05
5.370E-06	1.208E-05
5.349E-06	1.205E-05
5.339E-06	1.202E-05
5.339E-06	1.201E-05
5.329E-06	1.200E-05
5.318E-06	1.198E-05
5.318E-06	1.196E-05
5.308E-06	1.195E-05
5.298E-06	1.193E-05
5.298E-06	1.191E-05
5.288E-06	1.191E-05
5.288E-06	1.190E-05
5.278E-06	1.188E-05
5.278E-06	1.187E-05
5.267E-06	1.184E-05
5.257E-06	1.183E-05
5.257E-06	1.181E-05
5.247E-06	1.179E-05
5.247E-06	1.178E-05
5.237E-06	1.176E-05
5.227E-06	1.174E-05
5.216E-06	1.172E-05
5.216E-06	1.170E-05
5.206E-06	1.169E-05
5.206E-06	1.168E-05
5.206E-06	1.168E-05
5.206E-06	1.167E-05
5.196E-06	1.166E-05
5.196E-06	1.165E-05
5.186E-06	1.164E-05
5.186E-06	1.163E-05
5.176E-06	1.162E-05
5.176E-06	1.160E-05
5.165E-06	1.159E-05
5.155E-06	1.157E-05
5.155E-06	1.155E-05
5.145E-06	1.153E-05
5.125E-06	1.151E-05
5.114E-06	1.148E-05
5.104E-06	1.145E-05
5.094E-06	1.142E-05
5.084E-06	1.140E-05
5.073E-06	1.138E-05
5.063E-06	1.135E-05
5.053E-06	1.133E-05
5.053E-06	1.131E-05
5.033E-06	1.127E-05
5.012E-06	1.123E-05
5.002E-06	1.120E-05
5.002E-06	1.119E-05
4.992E-06	1.117E-05
4.982E-06	1.115E-05
4.971E-06	1.114E-05
4.971E-06	1.113E-05
4.971E-06	1.113E-05
4.961E-06	1.111E-05
4.951E-06	1.107E-05
4.951E-06	1.106E-05
4.951E-06	1.106E-05
4.941E-06	1.104E-05
4.941E-06	1.103E-05
4.931E-06	1.102E-05
4.931E-06	1.100E-05
4.920E-06	1.099E-05
4.910E-06	1.098E-05
4.910E-06	1.097E-05
4.910E-06	1.096E-05
4.910E-06	1.095E-05
4.900E-06	1.094E-05
4.900E-06	1.094E-05
4.900E-06	1.093E-05
4.890E-06	1.092E-05
4.890E-06	1.091E-05
4.880E-06	1.090E-05
4.880E-06	1.089E-05
4.880E-06	1.087E-05
4.869E-06	1.085E-05
4.859E-06	1.083E-05
4.859E-06	1.082E-05
4.849E-06	1.082E-05
4.849E-06	1.081E-05
4.839E-06	1.078E-05
4.839E-06	1.078E-05
4.839E-06	1.076E-05
4.828E-06	1.075E-05
4.828E-06	1.074E-05
4.828E-06	1.074E-05
4.818E-06	1.074E-05
4.818E-06	1.073E-05
4.818E-06	1.072E-05
4.808E-06	1.070E-05
4.798E-06	1.069E-05
4.798E-06	1.068E-05
4.798E-06	1.067E-05
4.788E-06	1.066E-05
4.777E-06	1.064E-05
4.777E-06	1.063E-05
4.777E-06	1.062E-05
4.767E-06	1.061E-05
4.767E-06	1.060E-05
4.757E-06	1.059E-05
4.757E-06	1.059E-05
4.757E-06	1.058E-05
4.747E-06	1.057E-05
4.747E-06	1.055E-05
4.737E-06	1.055E-05
4.737E-06	1.053E-05
4.726E-06	1.052E-05
4.726E-06	1.051E-05
4.726E-06	1.050E-05
4.726E-06	1.049E-05
4.726E-06	1.049E-05
4.716E-06	1.049E-05
4.716E-06	1.048E-05
4.716E-06	1.048E-05
4.716E-06	1.047E-05
4.706E-06	1.046E-05
4.706E-06	1.046E-05
4.706E-06	1.045E-05
4.696E-06	1.044E-05
4.686E-06	1.041E-05
4.675E-06	1.039E-05
4.665E-06	1.037E-05
4.655E-06	1.035E-05
4.655E-06	1.033E-05
4.645E-06	1.030E-05
4.635E-06	1.029E-05
4.624E-06	1.027E-05
4.624E-06	1.025E-05
4.614E-06	1.024E-05
4.614E-06	1.023E-05
4.604E-06	1.022E-05
4.604E-06	1.020E-05
4.594E-06	1.018E-05
4.584E-06	1.017E-05
4.584E-06	1.015E-05
4.563E-06	1.013E-05
4.563E-06	1.011E-05
4.553E-06	1.010E-05
4.553E-06	1.008E-05
4.543E-06	1.008E-05
4.532E-06	1.005E-05
4.532E-06	1.004E-05
4.522E-06	1.002E-05
4.522E-06	1.000E-05
4.512E-06	9.993E-06
4.502E-06	9.972E-06
4.492E-06	9.931E-06
4.481E-06	9.922E-06
4.481E-06	9.915E-06
4.481E-06	9.898E-06
4.471E-06	9.891E-06
4.471E-06	9.880E-06
4.461E-06	9.862E-06
4.451E-06	9.842E-06
4.451E-06	9.825E-06
4.441E-06	9.811E-06
4.430E-06	9.792E-06
4.420E-06	9.766E-06
4.420E-06	9.749E-06
4.420E-06	9.751E-06
4.420E-06	9.749E-06
4.410E-06	9.725E-06
4.379E-06	9.674E-06
4.369E-06	9.635E-06
4.359E-06	9.623E-06
4.359E-06	9.620E-06
4.369E-06	9.619E-06
4.359E-06	9.615E-06
4.359E-06	9.610E-06
4.359E-06	9.609E-06
4.359E-06	9.607E-06
4.359E-06	9.603E-06
4.359E-06	9.593E-06
4.349E-06	9.580E-06
4.349E-06	9.569E-06
4.349E-06	9.559E-06
4.339E-06	9.553E-06
4.339E-06	9.550E-06
4.339E-06	9.547E-06
4.339E-06	9.542E-06
4.339E-06	9.534E-06
4.328E-06	9.531E-06
4.328E-06	9.530E-06
4.328E-06	9.528E-06
4.328E-06	9.524E-06
4.328E-06	9.513E-06
4.318E-06	9.505E-06
4.318E-06	9.503E-06
4.318E-06	9.496E-06
4.318E-06	9.483E-06
4.308E-06	9.479E-06
4.308E-06	9.477E-06
4.308E-06	9.471E-06
4.298E-06	9.452E-06
4.298E-06	9.434E-06
4.287E-06	9.421E-06
4.287E-06	9.412E-06
4.287E-06	9.407E-06
4.277E-06	9.402E-06
4.277E-06	9.390E-06
4.277E-06	9.380E-06
4.257E-06	9.349E-06
4.257E-06	9.339E-06
4.257E-06	9.329E-06
4.247E-06	9.316E-06
4.236E-06	9.300E-06
4.236E-06	9.291E-06
4.226E-06	9.274E-06
4.216E-06	9.254E-06
4.216E-06	9.242E-06
4.216E-06	9.237E-06
4.206E-06	9.233E-06
4.206E-06	9.225E-06
4.206E-06	9.219E-06
4.206E-06	9.210E-06
4.196E-06	9.201E-06
4.196E-06	9.193E-06
4.196E-06	9.185E-06
4.196E-06	9.182E-06
4.196E-06	9.177E-06
4.185E-06	9.167E-06
4.185E-06	9.164E-06
4.185E-06	9.157E-06
4.175E-06	9.147E-06
4.175E-06	9.136E-06
4.175E-06	9.132E-06
4.165E-06	9.127E-06
4.165E-06	9.113E-06
4.155E-06	9.103E-06
4.155E-06	9.094E-06
4.145E-06	9.081E-06
4.145E-06	9.067E-06
4.145E-06	9.061E-06
4.145E-06	9.055E-06
4.145E-06	9.053E-06
4.134E-06	9.051E-06
4.134E-06	9.047E-06
4.134E-06	9.041E-06
4.134E-06	9.032E-06
4.124E-06	9.017E-06
4.124E-06	9.009E-06
4.114E-06	9.006E-06
4.114E-06	8.999E-06
4.114E-06	8.984E-06
4.104E-06	8.971E-06
4.104E-06	8.960E-06
4.094E-06	8.950E-06
4.094E-06	8.938E-06
4.094E-06	8.925E-06
4.083E-06	8.909E-06
4.073E-06	8.897E-06
4.073E-06	8.882E-06
4.063E-06	8.869E-06
4.053E-06	8.847E-06
4.042E-06	8.819E-06
4.032E-06	8.800E-06
4.012E-06	8.764E-06
4.002E-06	8.736E-06
4.002E-06	8.730E-06
3.991E-06	8.715E-06
3.991E-06	8.708E-06
3.991E-06	8.697E-06
3.981E-06	8.682E-06
3.981E-06	8.669E-06
3.971E-06	8.650E-06
3.961E-06	8.634E-06
3.961E-06	8.623E-06
3.961E-06	8.612E-06
3.951E-06	8.593E-06
3.940E-06	8.571E-06
3.930E-06	8.560E-06
3.930E-06	8.542E-06
3.920E-06	8.528E-06
3.920E-06	8.517E-06
3.910E-06	8.509E-06
3.900E-06	8.485E-06
3.889E-06	8.455E-06
3.879E-06	8.437E-06
3.879E-06	8.412E-06
3.869E-06	8.387E-06
3.859E-06	8.364E-06
3.849E-06	8.334E-06
3.838E-06	8.308E-06
3.828E-06	8.286E-06
3.818E-06	8.265E-06
3.808E-06	8.254E-06
3.808E-06	8.249E-06
3.808E-06	8.233E-06
3.797E-06	8.212E-06
3.787E-06	8.188E-06
3.767E-06	8.159E-06
3.767E-06	8.132E-06
3.757E-06	8.106E-06
3.746E-06	8.098E-06
3.746E-06	8.087E-06
3.736E-06	8.073E-06
3.736E-06	8.055E-06
3.726E-06	8.040E-06
3.726E-06	8.028E-06
3.716E-06	8.018E-06
3.716E-06	8.006E-06
3.706E-06	7.981E-06
3.706E-06	7.974E-06
3.695E-06	7.955E-06
3.685E-06	7.937E-06
3.685E-06	7.919E-06
3.675E-06	7.901E-06
3.675E-06	7.889E-06
3.665E-06	7.866E-06
3.655E-06	7.845E-06
3.644E-06	7.830E-06
3.644E-06	7.820E-06
3.644E-06	7.815E-06
3.634E-06	7.799E-06
3.624E-06	7.773E-06
3.614E-06	7.761E-06
3.614E-06	7.752E-06
3.604E-06	7.737E-06
3.593E-06	7.720E-06
3.593E-06	7.700E-06
3.583E-06	7.689E-06
3.583E-06	7.678E-06
3.573E-06	7.652E-06
3.552E-06	7.614E-06
3.542E-06	7.599E-06
3.542E-06	7.584E-06
3.542E-06	7.577E-06
3.532E-06	7.560E-06
3.532E-06	7.543E-06
3.522E-06	7.531E-06
3.522E-06	7.521E-06
3.522E-06	7.513E-06
3.512E-06	7.501E-06
3.512E-06	7.495E-06
3.512E-06	7.484E-06
3.501E-06	7.460E-06
3.491E-06	7.452E-06
3.491E-06	7.444E-06
3.491E-06	7.436E-06
3.491E-06	7.426E-06
3.481E-06	7.413E-06
3.481E-06	7.403E-06
3.481E-06	7.400E-06
3.471E-06	7.380E-06
3.461E-06	7.364E-06
3.440E-06	7.331E-06
3.440E-06	7.325E-06
3.440E-06	7.322E-06
3.440E-06	7.309E-06
3.430E-06	7.293E-06
3.430E-06	7.284E-06
3.430E-06	7.281E-06
3.420E-06	7.275E-06
3.420E-06	7.271E-06
3.420E-06	7.264E-06
3.420E-06	7.255E-06
3.410E-06	7.245E-06
3.410E-06	7.226E-06
3.399E-06	7.212E-06
3.399E-06	7.208E-06
3.389E-06	7.204E-06
3.389E-06	7.197E-06
3.389E-06	7.183E-06
3.379E-06	7.171E-06
3.379E-06	7.157E-06
3.379E-06	7.151E-06
3.369E-06	7.144E-06
3.369E-06	7.139E-06
3.369E-06	7.135E-06
3.369E-06	7.130E-06
3.369E-06	7.125E-06
3.359E-06	7.116E-06
3.359E-06	7.102E-06
3.348E-06	7.084E-06
3.338E-06	7.072E-06
3.338E-06	7.062E-06
3.328E-06	7.051E-06
3.328E-06	7.040E-06
3.318E-06	7.029E-06
3.318E-06	7.016E-06
3.307E-06	7.004E-06
3.307E-06	6.993E-06
3.297E-06	6.974E-06
3.297E-06	6.957E-06
3.287E-06	6.938E-06
3.277E-06	6.918E-06
3.277E-06	6.903E-06
3.267E-06	6.891E-06
3.256E-06	6.871E-06
3.246E-06	6.848E-06
3.236E-06	6.828E-06
3.226E-06	6.806E-06
3.216E-06	6.785E-06
3.216E-06	6.779E-06
3.216E-06	6.771E-06
3.216E-06	6.764E-06
3.216E-06	6.759E-06
3.205E-06	6.751E-06
3.205E-06	6.743E-06
3.195E-06	6.734E-06
3.195E-06	6.721E-06
3.195E-06	6.708E-06
3.185E-06	6.694E-06
3.185E-06	6.685E-06
3.175E-06	6.675E-06
3.175E-06	6.663E-06
3.165E-06	6.650E-06
3.165E-06	6.643E-06
3.165E-06	6.634E-06
3.154E-06	6.616E-06
3.144E-06	6.597E-06
3.144E-06	6.586E-06
3.144E-06	6.578E-06
3.134E-06	6.566E-06
3.124E-06	6.552E-06
3.124E-06	6.538E-06
3.114E-06	6.520E-06
3.114E-06	6.501E-06
3.103E-06	6.488E-06
3.093E-06	6.475E-06
3.093E-06	6.457E-06
3.093E-06	6.449E-06
3.083E-06	6.443E-06
3.083E-06	6.436E-06
3.073E-06	6.420E-06
3.073E-06	6.404E-06
3.062E-06	6.392E-06
3.052E-06	6.371E-06
3.052E-06	6.360E-06
3.042E-06	6.344E-06
3.042E-06	6.335E-06
3.032E-06	6.320E-06
3.022E-06	6.304E-06
3.022E-06	6.288E-06
3.011E-06	6.266E-06
3.001E-06	6.250E-06
3.001E-06	6.235E-06
2.991E-06	6.215E-06
2.971E-06	6.181E-06
2.971E-06	6.168E-06
2.971E-06	6.162E-06
2.960E-06	6.154E-06
2.950E-06	6.127E-06
2.940E-06	6.090E-06
2.930E-06	6.066E-06
2.920E-06	6.034E-06
2.909E-06	6.020E-06
2.889E-06	6.001E-06
2.869E-06	5.979E-06
2.858E-06	5.965E-06
2.838E-06	5.952E-06
2.828E-06	5.940E-06
2.817E-06	5.936E-06
2.807E-06	5.927E-06
2.787E-06	5.915E-06