2.817E-06	5.914E-06
2.817E-06	5.915E-06
2.828E-06	5.918E-06
2.828E-06	5.921E-06
2.838E-06	5.925E-06
2.838E-06	5.928E-06
2.838E-06	5.930E-06
2.848E-06	5.934E-06
2.858E-06	5.938E-06
2.858E-06	5.941E-06
2.869E-06	5.947E-06
2.879E-06	5.955E-06
2.889E-06	5.964E-06
2.889E-06	5.965E-06
2.889E-06	5.966E-06
2.889E-06	5.969E-06
2.899E-06	5.975E-06
2.909E-06	5.987E-06
2.920E-06	6.002E-06
2.930E-06	6.017E-06
2.940E-06	6.027E-06
2.940E-06	6.038E-06
2.950E-06	6.060E-06
2.950E-06	6.075E-06
2.960E-06	6.094E-06
2.971E-06	6.112E-06
2.971E-06	6.127E-06
2.981E-06	6.142E-06
2.981E-06	6.151E-06
2.981E-06	6.158E-06
2.991E-06	6.166E-06
2.991E-06	6.177E-06
3.001E-06	6.192E-06
3.001E-06	6.203E-06
3.011E-06	6.217E-06
3.011E-06	6.229E-06
3.022E-06	6.238E-06
3.022E-06	6.247E-06
3.022E-06	6.256E-06
3.032E-06	6.272E-06
3.042E-06	6.290E-06
3.042E-06	6.299E-06
3.052E-06	6.310E-06
3.052E-06	6.320E-06
3.062E-06	6.342E-06
3.073E-06	6.365E-06
3.083E-06	6.378E-06
3.083E-06	6.394E-06
3.083E-06	6.401E-06
3.093E-06	6.410E-06
3.093E-06	6.425E-06
3.103E-06	6.441E-06
3.114E-06	6.454E-06
3.114E-06	6.462E-06
3.114E-06	6.475E-06
3.124E-06	6.489E-06
3.134E-06	6.509E-06
3.134E-06	6.525E-06
3.144E-06	6.549E-06
3.165E-06	6.585E-06
3.175E-06	6.612E-06
3.175E-06	6.624E-06
3.175E-06	6.630E-06
3.175E-06	6.632E-06
3.185E-06	6.643E-06
3.195E-06	6.658E-06
3.195E-06	6.666E-06
3.195E-06	6.673E-06
3.195E-06	6.678E-06
3.195E-06	6.687E-06
3.205E-06	6.700E-06
3.205E-06	6.708E-06
3.205E-06	6.713E-06
3.216E-06	6.719E-06
3.216E-06	6.727E-06
3.216E-06	6.735E-06
3.226E-06	6.745E-06
3.226E-06	6.750E-06
3.226E-06	6.752E-06
3.226E-06	6.758E-06
3.226E-06	6.762E-06
3.236E-06	6.767E-06
3.236E-06	6.776E-06
3.236E-06	6.783E-06
3.246E-06	6.794E-06
3.256E-06	6.816E-06
3.267E-06	6.831E-06
3.267E-06	6.839E-06
3.277E-06	6.850E-06
3.277E-06	6.871E-06
3.287E-06	6.881E-06
3.287E-06	6.892E-06
3.297E-06	6.904E-06
3.297E-06	6.919E-06
3.307E-06	6.933E-06
3.307E-06	6.948E-06
3.318E-06	6.960E-06
3.318E-06	6.967E-06
3.318E-06	6.976E-06
3.328E-06	6.988E-06
3.328E-06	6.996E-06
3.328E-06	7.008E-06
3.338E-06	7.017E-06
3.338E-06	7.033E-06
3.348E-06	7.049E-06
3.348E-06	7.055E-06
3.359E-06	7.065E-06
3.359E-06	7.077E-06
3.369E-06	7.087E-06
3.369E-06	7.100E-06
3.379E-06	7.112E-06
3.379E-06	7.125E-06
3.389E-06	7.138E-06
3.399E-06	7.157E-06
3.410E-06	7.185E-06
3.410E-06	7.196E-06
3.410E-06	7.201E-06
3.420E-06	7.207E-06
3.420E-06	7.214E-06
3.420E-06	7.223E-06
3.430E-06	7.234E-06
3.430E-06	7.245E-06
3.440E-06	7.261E-06
3.450E-06	7.280E-06
3.461E-06	7.302E-06
3.471E-06	7.325E-06
3.471E-06	7.335E-06
3.481E-06	7.348E-06
3.481E-06	7.360E-06
3.491E-06	7.368E-06
3.491E-06	7.380E-06
3.491E-06	7.388E-06
3.491E-06	7.396E-06
3.501E-06	7.405E-06
3.501E-06	7.417E-06
3.512E-06	7.430E-06
3.512E-06	7.445E-06
3.522E-06	7.458E-06
3.522E-06	7.467E-06
3.532E-06	7.480E-06
3.532E-06	7.489E-06
3.532E-06	7.503E-06
3.542E-06	7.518E-06
3.542E-06	7.530E-06
3.552E-06	7.544E-06
3.563E-06	7.563E-06
3.563E-06	7.583E-06
3.573E-06	7.601E-06
3.583E-06	7.617E-06
3.593E-06	7.645E-06
3.604E-06	7.656E-06
3.604E-06	7.673E-06
3.614E-06	7.685E-06
3.624E-06	7.699E-06
3.624E-06	7.710E-06
3.624E-06	7.725E-06
3.634E-06	7.736E-06
3.644E-06	7.750E-06
3.655E-06	7.766E-06
3.655E-06	7.784E-06
3.665E-06	7.797E-06
3.665E-06	7.807E-06
3.665E-06	7.817E-06
3.665E-06	7.823E-06
3.675E-06	7.830E-06
3.675E-06	7.834E-06
3.675E-06	7.842E-06
3.675E-06	7.848E-06
3.685E-06	7.863E-06
3.695E-06	7.883E-06
3.695E-06	7.892E-06
3.695E-06	7.904E-06
3.706E-06	7.918E-06
3.706E-06	7.933E-06
3.716E-06	7.940E-06
3.716E-06	7.945E-06
3.716E-06	7.953E-06
3.726E-06	7.966E-06
3.726E-06	7.985E-06
3.736E-06	8.002E-06
3.746E-06	8.022E-06
3.746E-06	8.030E-06
3.757E-06	8.043E-06
3.757E-06	8.049E-06
3.757E-06	8.055E-06
3.757E-06	8.063E-06
3.767E-06	8.073E-06
3.767E-06	8.087E-06
3.777E-06	8.101E-06
3.787E-06	8.117E-06
3.797E-06	8.137E-06
3.808E-06	8.163E-06
3.818E-06	8.184E-06
3.818E-06	8.192E-06
3.818E-06	8.203E-06
3.828E-06	8.213E-06
3.828E-06	8.223E-06
3.838E-06	8.237E-06
3.838E-06	8.251E-06
3.849E-06	8.267E-06
3.859E-06	8.281E-06
3.859E-06	8.293E-06
3.869E-06	8.313E-06
3.879E-06	8.340E-06
3.900E-06	8.380E-06
3.910E-06	8.410E-06
3.920E-06	8.452E-06
3.940E-06	8.485E-06
3.951E-06	8.512E-06
3.961E-06	8.536E-06
3.971E-06	8.563E-06
3.981E-06	8.594E-06
3.991E-06	8.613E-06
4.002E-06	8.632E-06
4.002E-06	8.649E-06
4.012E-06	8.669E-06
4.012E-06	8.681E-06
4.022E-06	8.701E-06
4.032E-06	8.712E-06
4.042E-06	8.735E-06
4.053E-06	8.756E-06
4.053E-06	8.773E-06
4.073E-06	8.799E-06
4.083E-06	8.834E-06
4.094E-06	8.859E-06
4.094E-06	8.877E-06
4.104E-06	8.904E-06
4.114E-06	8.929E-06
4.134E-06	8.964E-06
4.155E-06	9.007E-06
4.165E-06	9.033E-06
4.175E-06	9.062E-06
4.185E-06	9.085E-06
4.196E-06	9.098E-06
4.206E-06	9.135E-06
4.226E-06	9.175E-06
4.247E-06	9.220E-06
4.257E-06	9.246E-06
4.267E-06	9.278E-06
4.277E-06	9.308E-06
4.287E-06	9.326E-06
4.298E-06	9.348E-06
4.318E-06	9.393E-06
4.328E-06	9.421E-06
4.339E-06	9.456E-06
4.349E-06	9.490E-06
4.359E-06	9.511E-06
4.369E-06	9.531E-06
4.379E-06	9.549E-06
4.390E-06	9.575E-06
4.390E-06	9.595E-06
4.400E-06	9.608E-06
4.410E-06	9.621E-06
4.410E-06	9.634E-06
4.420E-06	9.647E-06
4.420E-06	9.663E-06
4.420E-06	9.672E-06
4.420E-06	9.679E-06
4.430E-06	9.688E-06
4.430E-06	9.696E-06
4.430E-06	9.705E-06
4.441E-06	9.710E-06
4.441E-06	9.719E-06
4.441E-06	9.729E-06
4.441E-06	9.734E-06
4.451E-06	9.743E-06
4.451E-06	9.753E-06
4.451E-06	9.763E-06
4.461E-06	9.775E-06
4.461E-06	9.786E-06
4.461E-06	9.796E-06
4.471E-06	9.808E-06
4.471E-06	9.819E-06
4.481E-06	9.830E-06
4.481E-06	9.846E-06
4.492E-06	9.866E-06
4.502E-06	9.881E-06
4.502E-06	9.894E-06
4.512E-06	9.905E-06
4.512E-06	9.916E-06
4.522E-06	9.929E-06
4.532E-06	9.945E-06
4.532E-06	9.964E-06
4.543E-06	9.982E-06
4.553E-06	1.000E-05
4.563E-06	1.002E-05
4.573E-06	1.004E-05
4.573E-06	1.006E-05
4.584E-06	1.007E-05
4.584E-06	1.008E-05
4.594E-06	1.010E-05
4.604E-06	1.011E-05
4.614E-06	1.014E-05
4.624E-06	1.015E-05
4.635E-06	1.017E-05
4.645E-06	1.020E-05
4.645E-06	1.022E-05
4.655E-06	1.023E-05
4.655E-06	1.025E-05
4.665E-06	1.026E-05
4.675E-06	1.028E-05
4.675E-06	1.030E-05
4.686E-06	1.032E-05
4.696E-06	1.034E-05
4.696E-06	1.036E-05
4.716E-06	1.038E-05
4.726E-06	1.041E-05
4.726E-06	1.042E-05
4.726E-06	1.043E-05
4.737E-06	1.044E-05
4.737E-06	1.045E-05
4.747E-06	1.047E-05
4.747E-06	1.048E-05
4.757E-06	1.049E-05
4.767E-06	1.051E-05
4.777E-06	1.053E-05
4.777E-06	1.055E-05
4.788E-06	1.057E-05
4.798E-06	1.058E-05
4.798E-06	1.058E-05
4.798E-06	1.059E-05
4.798E-06	1.060E-05
4.808E-06	1.061E-05
4.808E-06	1.062E-05
4.818E-06	1.064E-05
4.839E-06	1.067E-05
4.849E-06	1.069E-05
4.849E-06	1.071E-05
4.859E-06	1.073E-05
4.869E-06	1.075E-05
4.869E-06	1.077E-05
4.880E-06	1.078E-05
4.880E-06	1.080E-05
4.890E-06	1.081E-05
4.890E-06	1.082E-05
4.890E-06	1.082E-05
4.900E-06	1.083E-05
4.900E-06	1.082E-05
4.910E-06	1.087E-05
4.920E-06	1.089E-05
4.920E-06	1.090E-05
4.920E-06	1.091E-05
4.931E-06	1.092E-05
4.931E-06	1.093E-05
4.941E-06	1.094E-05
4.941E-06	1.095E-05
4.951E-06	1.098E-05
4.961E-06	1.099E-05
4.971E-06	1.100E-05
4.971E-06	1.101E-05
4.982E-06	1.103E-05
4.982E-06	1.105E-05
4.992E-06	1.106E-05
5.002E-06	1.108E-05
5.022E-06	1.112E-05
5.033E-06	1.114E-05
5.043E-06	1.115E-05
5.043E-06	1.118E-05
5.053E-06	1.120E-05
5.053E-06	1.121E-05
5.063E-06	1.122E-05
5.063E-06	1.124E-05
5.073E-06	1.126E-05
5.084E-06	1.128E-05
5.094E-06	1.130E-05
5.104E-06	1.133E-05
5.114E-06	1.135E-05
5.125E-06	1.138E-05
5.125E-06	1.139E-05
5.135E-06	1.140E-05
5.135E-06	1.142E-05
5.145E-06	1.144E-05
5.155E-06	1.145E-05
5.155E-06	1.146E-05
5.165E-06	1.147E-05
5.165E-06	1.148E-05
5.165E-06	1.150E-05
5.176E-06	1.151E-05
5.186E-06	1.154E-05
5.206E-06	1.157E-05
5.206E-06	1.157E-05
5.206E-06	1.159E-05
5.216E-06	1.160E-05
5.227E-06	1.161E-05
5.227E-06	1.163E-05
5.227E-06	1.164E-05
5.237E-06	1.165E-05
5.247E-06	1.167E-05
5.257E-06	1.169E-05
5.267E-06	1.171E-05
5.267E-06	1.172E-05
5.267E-06	1.173E-05
5.278E-06	1.175E-05
5.278E-06	1.176E-05
5.288E-06	1.177E-05
5.288E-06	1.179E-05
5.288E-06	1.180E-05
5.298E-06	1.181E-05
5.308E-06	1.183E-05
5.308E-06	1.185E-05
5.318E-06	1.186E-05
5.329E-06	1.188E-05
5.329E-06	1.189E-05
5.339E-06	1.190E-05
5.349E-06	1.192E-05
5.349E-06	1.194E-05
5.370E-06	1.196E-05
5.370E-06	1.198E-05
5.380E-06	1.200E-05
5.390E-06	1.201E-05
5.390E-06	1.202E-05
5.400E-06	1.205E-05
5.421E-06	1.208E-05
5.431E-06	1.210E-05
5.431E-06	1.211E-05
5.441E-06	1.212E-05
5.441E-06	1.215E-05
5.451E-06	1.217E-05
5.461E-06	1.219E-05
5.461E-06	1.220E-05
5.472E-06	1.222E-05
5.482E-06	1.224E-05
5.492E-06	1.226E-05
5.492E-06	1.228E-05
5.492E-06	1.228E-05
5.502E-06	1.229E-05
5.502E-06	1.230E-05
5.502E-06	1.231E-05
5.512E-06	1.232E-05
5.512E-06	1.234E-05
5.523E-06	1.235E-05
5.533E-06	1.237E-05
5.533E-06	1.238E-05
5.543E-06	1.239E-05
5.543E-06	1.240E-05
5.563E-06	1.243E-05
5.574E-06	1.245E-05
5.574E-06	1.247E-05
5.584E-06	1.249E-05
5.594E-06	1.250E-05
5.604E-06	1.253E-05
5.615E-06	1.255E-05
5.615E-06	1.257E-05
5.625E-06	1.259E-05
5.635E-06	1.260E-05
5.645E-06	1.264E-05
5.655E-06	1.266E-05
5.655E-06	1.268E-05
5.666E-06	1.269E-05
5.676E-06	1.272E-05
5.686E-06	1.274E-05
5.696E-06	1.276E-05
5.696E-06	1.277E-05
5.706E-06	1.280E-05
5.717E-06	1.281E-05
5.717E-06	1.283E-05
5.727E-06	1.285E-05
5.737E-06	1.286E-05
5.737E-06	1.288E-05
5.747E-06	1.289E-05
5.747E-06	1.290E-05
5.757E-06	1.292E-05
5.768E-06	1.293E-05
5.768E-06	1.295E-05
5.788E-06	1.297E-05
5.798E-06	1.300E-05
5.808E-06	1.303E-05
5.819E-06	1.305E-05
5.819E-06	1.306E-05
5.819E-06	1.306E-05
5.829E-06	1.308E-05
5.849E-06	1.313E-05
5.860E-06	1.317E-05
5.880E-06	1.320E-05
5.890E-06	1.323E-05
5.900E-06	1.325E-05
5.900E-06	1.326E-05
5.900E-06	1.326E-05
5.900E-06	1.326E-05
5.900E-06	1.327E-05
5.911E-06	1.329E-05
5.911E-06	1.329E-05
5.921E-06	1.331E-05
5.931E-06	1.333E-05
5.941E-06	1.336E-05
5.951E-06	1.338E-05
5.951E-06	1.340E-05
5.962E-06	1.342E-05
5.972E-06	1.343E-05
5.972E-06	1.344E-05
5.992E-06	1.347E-05
6.002E-06	1.350E-05
6.002E-06	1.352E-05
6.013E-06	1.353E-05
6.013E-06	1.354E-05
6.023E-06	1.355E-05
6.023E-06	1.356E-05
6.023E-06	1.357E-05
6.023E-06	1.358E-05
6.033E-06	1.360E-05
6.043E-06	1.362E-05
6.053E-06	1.365E-05
6.064E-06	1.367E-05
6.074E-06	1.368E-05
6.074E-06	1.369E-05
6.074E-06	1.371E-05
6.074E-06	1.371E-05
6.074E-06	1.371E-05
6.084E-06	1.373E-05
6.094E-06	1.374E-05
6.094E-06	1.375E-05
6.094E-06	1.376E-05
6.105E-06	1.378E-05
6.115E-06	1.379E-05
6.125E-06	1.381E-05
6.125E-06	1.383E-05
6.135E-06	1.384E-05
6.135E-06	1.385E-05
6.145E-06	1.386E-05
6.145E-06	1.387E-05
6.145E-06	1.387E-05
6.156E-06	1.389E-05
6.156E-06	1.390E-05
6.166E-06	1.392E-05
6.176E-06	1.394E-05
6.186E-06	1.397E-05
6.196E-06	1.398E-05
6.196E-06	1.400E-05
6.207E-06	1.401E-05
6.207E-06	1.402E-05
6.217E-06	1.404E-05
6.227E-06	1.406E-05
6.227E-06	1.407E-05
6.237E-06	1.409E-05
6.237E-06	1.410E-05
6.247E-06	1.412E-05
6.247E-06	1.413E-05
6.258E-06	1.415E-05
6.268E-06	1.417E-05
6.278E-06	1.418E-05
6.278E-06	1.420E-05
6.278E-06	1.421E-05
6.288E-06	1.422E-05
6.298E-06	1.425E-05
6.298E-06	1.425E-05
6.309E-06	1.427E-05
6.309E-06	1.428E-05
6.319E-06	1.429E-05
6.319E-06	1.430E-05
6.319E-06	1.430E-05
6.319E-06	1.432E-05
6.329E-06	1.432E-05
6.329E-06	1.433E-05
6.339E-06	1.436E-05
6.350E-06	1.438E-05
6.370E-06	1.442E-05
6.390E-06	1.445E-05
6.390E-06	1.448E-05
6.401E-06	1.449E-05
6.401E-06	1.449E-05
6.401E-06	1.450E-05
6.411E-06	1.452E-05
6.421E-06	1.455E-05
6.431E-06	1.459E-05
6.441E-06	1.460E-05
6.441E-06	1.461E-05
6.452E-06	1.462E-05
6.452E-06	1.463E-05
6.462E-06	1.465E-05
6.472E-06	1.467E-05
6.472E-06	1.469E-05
6.482E-06	1.471E-05
6.482E-06	1.472E-05
6.492E-06	1.473E-05
6.492E-06	1.474E-05
6.503E-06	1.475E-05
6.503E-06	1.477E-05
6.513E-06	1.479E-05
6.523E-06	1.480E-05
6.523E-06	1.481E-05
6.523E-06	1.482E-05
6.523E-06	1.483E-05
6.533E-06	1.485E-05
6.533E-06	1.486E-05
6.554E-06	1.488E-05
6.564E-06	1.490E-05
6.564E-06	1.491E-05
6.574E-06	1.493E-05
6.574E-06	1.495E-05
6.584E-06	1.497E-05
6.595E-06	1.498E-05
6.595E-06	1.500E-05
6.605E-06	1.501E-05
6.605E-06	1.503E-05
6.625E-06	1.506E-05
6.625E-06	1.507E-05
6.635E-06	1.509E-05
6.646E-06	1.510E-05
6.646E-06	1.512E-05
6.656E-06	1.514E-05
6.656E-06	1.515E-05
6.666E-06	1.515E-05
6.666E-06	1.516E-05
6.666E-06	1.516E-05
6.666E-06	1.517E-05
6.666E-06	1.517E-05
6.666E-06	1.517E-05
6.666E-06	1.518E-05
6.666E-06	1.519E-05
6.666E-06	1.520E-05
6.676E-06	1.520E-05
6.676E-06	1.521E-05
6.676E-06	1.521E-05
6.686E-06	1.523E-05
6.686E-06	1.524E-05
6.697E-06	1.525E-05
6.707E-06	1.527E-05
6.727E-06	1.532E-05
6.727E-06	1.533E-05
6.737E-06	1.534E-05
6.748E-06	1.536E-05
6.748E-06	1.538E-05
6.748E-06	1.539E-05
6.758E-06	1.540E-05
6.768E-06	1.542E-05
6.778E-06	1.545E-05
6.788E-06	1.548E-05
6.799E-06	1.549E-05
6.799E-06	1.551E-05
6.819E-06	1.554E-05
6.829E-06	1.557E-05
6.840E-06	1.559E-05
6.840E-06	1.560E-05
6.850E-06	1.562E-05
6.850E-06	1.564E-05
6.860E-06	1.566E-05
6.870E-06	1.567E-05
6.880E-06	1.569E-05
6.891E-06	1.572E-05
6.891E-06	1.572E-05
6.891E-06	1.573E-05
6.901E-06	1.575E-05
6.911E-06	1.577E-05
6.931E-06	1.580E-05
6.942E-06	1.584E-05
6.952E-06	1.586E-05
6.962E-06	1.589E-05
6.972E-06	1.592E-05
6.993E-06	1.595E-05
7.003E-06	1.598E-05
7.013E-06	1.600E-05
7.023E-06	1.603E-05
7.033E-06	1.607E-05
7.044E-06	1.609E-05
7.054E-06	1.611E-05
7.064E-06	1.613E-05
7.074E-06	1.616E-05
7.095E-06	1.621E-05
7.095E-06	1.623E-05
7.105E-06	1.624E-05
7.105E-06	1.624E-05
7.095E-06	1.624E-05
7.095E-06	1.625E-05
7.095E-06	1.625E-05
7.095E-06	1.625E-05
7.095E-06	1.625E-05
7.095E-06	1.625E-05
7.095E-06	1.625E-05
7.095E-06	1.626E-05
7.095E-06	1.626E-05
7.105E-06	1.627E-05
7.095E-06	1.627E-05
7.095E-06	1.627E-05
7.105E-06	1.627E-05
7.095E-06	1.627E-05
7.105E-06	1.627E-05
7.105E-06	1.627E-05
7.105E-06	1.627E-05
7.105E-06	1.627E-05
7.105E-06	1.628E-05
7.105E-06	1.628E-05
7.105E-06	1.628E-05
7.105E-06	1.628E-05
7.105E-06	1.628E-05
7.105E-06	1.628E-05
7.105E-06	1.628E-05
7.105E-06	1.627E-05
7.105E-06	1.628E-05
7.105E-06	1.628E-05
7.105E-06	1.628E-05
7.105E-06	1.628E-05
7.105E-06	1.628E-05
7.105E-06	1.628E-05
7.105E-06	1.628E-05
7.105E-06	1.628E-05
7.105E-06	1.628E-05
7.105E-06	1.629E-05
7.105E-06	1.629E-05
7.105E-06	1.629E-05
7.105E-06	1.629E-05
7.105E-06	1.629E-05
7.105E-06	1.629E-05
7.105E-06	1.629E-05
7.105E-06	1.621E-05
7.105E-06	1.629E-05
7.105E-06	1.628E-05
7.105E-06	1.629E-05
7.105E-06	1.629E-05
7.105E-06	1.629E-05
7.105E-06	1.629E-05
7.105E-06	1.629E-05
7.115E-06	1.629E-05
7.105E-06	1.629E-05
7.115E-06	1.629E-05
7.115E-06	1.630E-05
7.115E-06	1.630E-05
7.115E-06	1.630E-05
7.115E-06	1.630E-05
7.115E-06	1.630E-05
7.115E-06	1.630E-05
7.115E-06	1.630E-05
7.115E-06	1.630E-05
7.115E-06	1.630E-05
7.115E-06	1.630E-05
7.115E-06	1.630E-05
7.115E-06	1.630E-05
7.115E-06	1.631E-05
7.115E-06	1.631E-05
7.115E-06	1.631E-05
7.115E-06	1.631E-05
7.115E-06	1.631E-05
7.115E-06	1.631E-05
7.115E-06	1.631E-05
7.115E-06	1.631E-05
7.115E-06	1.631E-05
7.115E-06	1.631E-05
7.115E-06	1.631E-05
7.115E-06	1.631E-05
7.115E-06	1.631E-05
7.115E-06	1.632E-05
7.115E-06	1.632E-05
7.115E-06	1.632E-05
7.115E-06	1.633E-05
7.125E-06	1.634E-05
7.238E-06	1.654E-05
7.432E-06	1.694E-05
7.421E-06	1.697E-05
7.421E-06	1.697E-05
7.411E-06	1.697E-05
7.411E-06	1.697E-05
7.401E-06	1.697E-05
7.401E-06	1.697E-05
7.401E-06	1.697E-05
7.401E-06	1.697E-05
7.391E-06	1.697E-05
7.391E-06	1.697E-05
7.391E-06	1.697E-05
7.391E-06	1.697E-05
7.391E-06	1.697E-05
7.391E-06	1.697E-05
7.391E-06	1.697E-05
7.391E-06	1.696E-05
7.391E-06	1.697E-05
7.391E-06	1.697E-05
7.391E-06	1.697E-05
7.391E-06	1.697E-05
7.391E-06	1.697E-05
7.391E-06	1.697E-05
7.391E-06	1.697E-05
7.391E-06	1.697E-05
7.391E-06	1.697E-05
7.381E-06	1.697E-05
7.391E-06	1.697E-05
7.381E-06	1.697E-05
7.381E-06	1.696E-05
7.391E-06	1.697E-05
7.391E-06	1.697E-05
7.391E-06	1.697E-05
7.391E-06	1.697E-05
7.381E-06	1.697E-05
7.381E-06	1.696E-05
7.381E-06	1.697E-05
7.381E-06	1.697E-05
7.381E-06	1.697E-05
7.391E-06	1.697E-05
7.391E-06	1.697E-05
7.381E-06	1.697E-05
7.381E-06	1.697E-05
7.381E-06	1.697E-05
7.381E-06	1.697E-05
7.381E-06	1.697E-05
7.381E-06	1.697E-05
7.381E-06	1.697E-05
7.381E-06	1.697E-05
7.381E-06	1.697E-05
7.381E-06	1.697E-05
7.381E-06	1.697E-05
7.381E-06	1.697E-05
7.381E-06	1.697E-05
7.381E-06	1.696E-05
7.381E-06	1.697E-05
7.381E-06	1.697E-05
7.381E-06	1.697E-05
7.381E-06	1.697E-05
7.381E-06	1.697E-05
7.381E-06	1.697E-05
7.381E-06	1.697E-05
7.381E-06	1.697E-05
7.381E-06	1.697E-05
7.381E-06	1.697E-05
7.381E-06	1.697E-05
7.381E-06	1.697E-05
7.381E-06	1.697E-05
7.381E-06	1.697E-05
7.381E-06	1.697E-05
7.381E-06	1.697E-05
7.381E-06	1.697E-05
7.381E-06	1.697E-05
7.381E-06	1.696E-05
7.381E-06	1.697E-05
7.381E-06	1.697E-05
7.381E-06	1.697E-05
7.381E-06	1.697E-05
7.391E-06	1.697E-05
7.391E-06	1.697E-05
7.391E-06	1.697E-05
7.391E-06	1.698E-05
7.391E-06	1.698E-05
7.391E-06	1.699E-05
7.391E-06	1.699E-05
7.391E-06	1.700E-05
7.391E-06	1.700E-05
7.401E-06	1.701E-05
7.401E-06	1.702E-05
7.411E-06	1.704E-05
7.421E-06	1.705E-05
7.421E-06	1.706E-05
7.421E-06	1.707E-05
7.421E-06	1.708E-05
7.432E-06	1.709E-05
7.452E-06	1.712E-05
7.452E-06	1.714E-05
7.452E-06	1.714E-05
7.452E-06	1.715E-05
7.452E-06	1.716E-05
7.462E-06	1.716E-05
7.462E-06	1.716E-05
7.462E-06	1.717E-05
7.462E-06	1.718E-05
7.462E-06	1.718E-05
7.472E-06	1.719E-05
7.472E-06	1.720E-05
7.472E-06	1.721E-05
7.493E-06	1.724E-05
7.493E-06	1.725E-05
7.503E-06	1.725E-05
7.503E-06	1.726E-05
7.503E-06	1.727E-05
7.523E-06	1.730E-05
7.523E-06	1.731E-05
7.523E-06	1.732E-05
7.523E-06	1.732E-05
7.523E-06	1.733E-05
7.523E-06	1.733E-05
7.544E-06	1.736E-05
7.554E-06	1.738E-05
7.554E-06	1.739E-05
7.554E-06	1.740E-05
7.554E-06	1.740E-05
7.554E-06	1.740E-05
7.554E-06	1.740E-05
7.554E-06	1.740E-05
7.554E-06	1.741E-05
7.564E-06	1.742E-05
7.564E-06	1.742E-05
7.575E-06	1.745E-05
7.585E-06	1.746E-05
7.585E-06	1.747E-05
7.585E-06	1.748E-05
7.585E-06	1.748E-05
7.595E-06	1.750E-05
7.605E-06	1.752E-05
7.615E-06	1.754E-05
7.615E-06	1.754E-05
7.615E-06	1.755E-05
7.615E-06	1.756E-05
7.615E-06	1.756E-05
7.615E-06	1.757E-05
7.626E-06	1.757E-05
7.626E-06	1.758E-05
7.626E-06	1.759E-05
7.626E-06	1.759E-05
7.636E-06	1.760E-05
7.636E-06	1.760E-05
7.636E-06	1.760E-05
7.636E-06	1.760E-05
7.636E-06	1.761E-05
7.636E-06	1.762E-05
7.636E-06	1.762E-05
7.646E-06	1.762E-05
7.646E-06	1.764E-05
7.666E-06	1.766E-05
7.666E-06	1.767E-05
7.666E-06	1.768E-05
7.666E-06	1.768E-05
7.666E-06	1.768E-05
7.666E-06	1.768E-05
7.666E-06	1.768E-05
7.666E-06	1.769E-05
7.677E-06	1.770E-05
7.677E-06	1.772E-05
7.697E-06	1.774E-05
7.697E-06	1.774E-05
7.697E-06	1.776E-05
7.707E-06	1.777E-05
7.707E-06	1.778E-05
7.717E-06	1.779E-05
7.717E-06	1.779E-05
7.717E-06	1.779E-05
7.717E-06	1.780E-05
7.717E-06	1.780E-05
7.738E-06	1.783E-05
7.748E-06	1.786E-05
7.748E-06	1.786E-05
7.748E-06	1.786E-05
7.748E-06	1.787E-05
7.748E-06	1.787E-05
7.748E-06	1.788E-05
7.748E-06	1.789E-05
7.768E-06	1.792E-05
7.779E-06	1.795E-05
7.789E-06	1.797E-05
7.799E-06	1.799E-05
7.799E-06	1.800E-05
7.799E-06	1.800E-05
7.799E-06	1.801E-05
7.799E-06	1.801E-05
7.799E-06	1.802E-05
7.809E-06	1.803E-05
7.830E-06	1.806E-05
7.830E-06	1.807E-05
7.830E-06	1.808E-05
7.830E-06	1.808E-05
7.830E-06	1.809E-05
7.830E-06	1.811E-05
7.850E-06	1.813E-05
7.850E-06	1.814E-05
7.850E-06	1.814E-05
7.850E-06	1.815E-05
7.860E-06	1.816E-05
7.860E-06	1.817E-05
7.871E-06	1.819E-05
7.871E-06	1.820E-05
7.881E-06	1.820E-05
7.881E-06	1.821E-05
7.891E-06	1.823E-05
7.891E-06	1.823E-05
7.891E-06	1.825E-05
7.901E-06	1.825E-05
7.901E-06	1.827E-05
7.911E-06	1.829E-05
7.932E-06	1.832E-05
7.932E-06	1.833E-05
7.942E-06	1.835E-05
7.952E-06	1.837E-05
7.952E-06	1.838E-05
7.952E-06	1.838E-05
7.962E-06	1.840E-05
7.962E-06	1.840E-05
7.962E-06	1.842E-05
7.962E-06	1.842E-05
7.962E-06	1.843E-05
7.973E-06	1.843E-05
7.973E-06	1.844E-05
7.983E-06	1.846E-05
7.983E-06	1.847E-05
7.993E-06	1.848E-05
7.993E-06	1.848E-05
7.993E-06	1.849E-05
7.993E-06	1.850E-05
8.003E-06	1.850E-05
8.003E-06	1.851E-05
8.024E-06	1.854E-05
8.024E-06	1.854E-05
8.024E-06	1.855E-05
8.024E-06	1.856E-05
8.024E-06	1.856E-05
8.024E-06	1.856E-05
8.024E-06	1.857E-05
8.024E-06	1.858E-05
8.044E-06	1.859E-05
8.044E-06	1.860E-05
8.044E-06	1.861E-05
8.044E-06	1.861E-05
8.044E-06	1.863E-05
8.054E-06	1.864E-05
8.065E-06	1.865E-05
8.065E-06	1.866E-05
8.075E-06	1.868E-05
8.075E-06	1.868E-05
8.085E-06	1.870E-05
8.095E-06	1.872E-05
8.095E-06	1.874E-05
8.105E-06	1.875E-05
8.105E-06	1.876E-05
8.116E-06	1.877E-05
8.116E-06	1.878E-05
8.116E-06	1.879E-05
8.126E-06	1.879E-05
8.126E-06	1.881E-05
8.136E-06	1.883E-05
8.146E-06	1.884E-05
8.146E-06	1.885E-05
8.146E-06	1.886E-05
8.146E-06	1.887E-05
8.156E-06	1.887E-05
8.167E-06	1.890E-05
8.167E-06	1.891E-05
8.167E-06	1.890E-05
8.167E-06	1.891E-05
8.167E-06	1.892E-05
8.177E-06	1.893E-05
8.177E-06	1.893E-05
8.177E-06	1.894E-05
8.197E-06	1.896E-05
8.197E-06	1.898E-05
8.197E-06	1.899E-05
8.197E-06	1.899E-05
8.207E-06	1.900E-05
8.207E-06	1.901E-05
8.228E-06	1.903E-05
8.228E-06	1.904E-05
8.228E-06	1.905E-05
8.228E-06	1.905E-05
8.228E-06	1.906E-05
8.228E-06	1.907E-05
8.238E-06	1.909E-05
8.248E-06	1.910E-05
8.248E-06	1.911E-05
8.248E-06	1.911E-05
8.248E-06	1.912E-05
8.258E-06	1.914E-05
8.269E-06	1.915E-05
8.269E-06	1.915E-05
8.269E-06	1.917E-05
8.279E-06	1.918E-05
8.279E-06	1.919E-05
8.289E-06	1.920E-05
8.289E-06	1.921E-05
8.289E-06	1.922E-05
8.299E-06	1.924E-05
8.310E-06	1.926E-05
8.310E-06	1.927E-05
8.330E-06	1.928E-05
8.330E-06	1.929E-05
8.330E-06	1.930E-05
8.330E-06	1.931E-05
8.330E-06	1.931E-05
8.330E-06	1.932E-05
8.330E-06	1.933E-05
8.330E-06	1.933E-05
8.330E-06	1.934E-05
8.340E-06	1.934E-05
8.350E-06	1.936E-05
8.361E-06	1.938E-05
8.361E-06	1.939E-05
8.361E-06	1.939E-05
8.361E-06	1.940E-05
8.361E-06	1.940E-05
8.361E-06	1.940E-05
8.371E-06	1.941E-05
8.381E-06	1.944E-05
8.391E-06	1.945E-05
8.391E-06	1.946E-05
8.391E-06	1.947E-05
8.391E-06	1.947E-05
8.391E-06	1.940E-05
8.391E-06	1.948E-05
8.391E-06	1.949E-05
8.401E-06	1.949E-05
8.401E-06	1.949E-05
8.401E-06	1.949E-05
8.401E-06	1.950E-05
8.401E-06	1.950E-05
8.401E-06	1.951E-05
8.401E-06	1.951E-05
8.401E-06	1.951E-05
8.412E-06	1.952E-05
8.412E-06	1.952E-05
8.412E-06	1.953E-05
8.412E-06	1.953E-05
8.412E-06	1.954E-05
8.412E-06	1.954E-05
8.422E-06	1.954E-05
8.422E-06	1.955E-05
8.422E-06	1.956E-05
8.422E-06	1.957E-05
8.432E-06	1.958E-05
8.432E-06	1.959E-05
8.442E-06	1.959E-05
8.442E-06	1.960E-05
8.442E-06	1.960E-05
8.442E-06	1.961E-05
8.452E-06	1.962E-05
8.452E-06	1.963E-05
8.452E-06	1.964E-05
8.463E-06	1.964E-05
8.473E-06	1.966E-05
8.473E-06	1.967E-05
8.473E-06	1.967E-05
8.473E-06	1.968E-05
8.483E-06	1.969E-05
8.483E-06	1.969E-05
8.483E-06	1.970E-05
8.493E-06	1.972E-05
8.503E-06	1.974E-05
8.503E-06	1.975E-05
8.514E-06	1.976E-05
8.514E-06	1.976E-05
8.514E-06	1.976E-05
8.514E-06	1.977E-05
8.514E-06	1.978E-05
8.524E-06	1.979E-05
8.534E-06	1.981E-05
8.534E-06	1.982E-05
8.544E-06	1.983E-05
8.555E-06	1.986E-05
8.555E-06	1.987E-05
8.565E-06	1.988E-05
8.565E-06	1.988E-05
8.565E-06	1.990E-05
8.565E-06	1.989E-05
8.565E-06	1.990E-05
8.575E-06	1.991E-05
8.575E-06	1.991E-05
8.575E-06	1.992E-05
8.575E-06	1.993E-05
8.575E-06	1.994E-05
8.585E-06	1.995E-05
8.606E-06	1.998E-05
8.606E-06	2.000E-05
8.616E-06	2.001E-05
8.616E-06	2.002E-05
8.626E-06	2.003E-05
8.626E-06	2.004E-05
8.626E-06	2.006E-05
8.626E-06	2.006E-05
8.636E-06	2.007E-05
8.636E-06	2.008E-05
8.636E-06	2.009E-05
8.646E-06	2.009E-05
8.646E-06	2.010E-05
8.646E-06	2.011E-05
8.646E-06	2.011E-05
8.657E-06	2.012E-05
8.657E-06	2.013E-05
8.667E-06	2.014E-05
8.667E-06	2.015E-05
8.677E-06	2.016E-05
8.677E-06	2.017E-05
8.677E-06	2.018E-05
8.677E-06	2.019E-05
8.687E-06	2.020E-05
8.687E-06	2.019E-05
8.687E-06	2.021E-05
8.687E-06	2.021E-05
8.697E-06	2.022E-05
8.708E-06	2.024E-05
8.718E-06	2.025E-05
8.718E-06	2.026E-05
8.728E-06	2.029E-05
8.738E-06	2.032E-05
8.748E-06	2.033E-05
8.748E-06	2.034E-05
8.748E-06	2.034E-05
8.748E-06	2.035E-05
8.759E-06	2.036E-05
8.759E-06	2.037E-05
8.769E-06	2.038E-05
8.779E-06	2.041E-05
8.779E-06	2.042E-05
8.779E-06	2.042E-05
8.779E-06	2.042E-05
8.779E-06	2.043E-05
8.779E-06	2.043E-05
8.779E-06	2.044E-05
8.789E-06	2.045E-05
8.789E-06	2.046E-05
8.800E-06	2.048E-05
8.810E-06	2.049E-05
8.810E-06	2.050E-05
8.820E-06	2.052E-05
8.820E-06	2.053E-05
8.830E-06	2.054E-05
8.830E-06	2.054E-05
8.830E-06	2.055E-05
8.830E-06	2.056E-05
8.830E-06	2.056E-05
8.830E-06	2.057E-05
8.840E-06	2.057E-05
8.840E-06	2.058E-05
8.840E-06	2.058E-05
8.840E-06	2.059E-05
8.840E-06	2.060E-05
8.840E-06	2.060E-05
8.851E-06	2.061E-05
8.851E-06	2.061E-05
8.851E-06	2.061E-05
8.851E-06	2.062E-05
8.851E-06	2.062E-05
8.861E-06	2.062E-05
8.861E-06	2.063E-05
8.861E-06	2.063E-05
8.861E-06	2.063E-05
8.861E-06	2.063E-05
8.861E-06	2.064E-05
8.861E-06	2.065E-05
8.871E-06	2.065E-05
8.871E-06	2.065E-05
8.871E-06	2.065E-05
8.871E-06	2.065E-05
8.871E-06	2.066E-05
8.871E-06	2.066E-05
8.871E-06	2.066E-05
8.871E-06	2.067E-05
8.881E-06	2.067E-05
8.881E-06	2.068E-05
8.881E-06	2.069E-05
8.881E-06	2.069E-05
8.891E-06	2.070E-05
8.891E-06	2.071E-05
8.902E-06	2.073E-05
8.902E-06	2.075E-05
8.912E-06	2.075E-05
8.922E-06	2.077E-05
8.922E-06	2.078E-05
8.922E-06	2.078E-05
8.922E-06	2.079E-05
8.932E-06	2.080E-05
8.932E-06	2.080E-05
8.932E-06	2.082E-05
8.942E-06	2.084E-05
8.953E-06	2.085E-05
8.953E-06	2.085E-05
8.953E-06	2.086E-05
8.953E-06	2.086E-05
8.953E-06	2.086E-05
8.953E-06	2.087E-05
8.953E-06	2.087E-05
8.953E-06	2.087E-05
8.953E-06	2.088E-05
8.953E-06	2.087E-05
8.953E-06	2.088E-05
8.953E-06	2.089E-05
8.953E-06	2.089E-05
8.963E-06	2.089E-05
8.953E-06	2.089E-05
8.963E-06	2.090E-05
8.963E-06	2.091E-05
8.963E-06	2.091E-05
8.973E-06	2.092E-05
8.973E-06	2.092E-05
8.973E-06	2.093E-05
8.973E-06	2.094E-05
8.983E-06	2.094E-05
8.983E-06	2.095E-05
8.983E-06	2.096E-05
8.983E-06	2.097E-05
9.004E-06	2.099E-05
9.004E-06	2.099E-05
9.004E-06	2.099E-05
9.004E-06	2.100E-05
9.004E-06	2.101E-05
9.014E-06	2.101E-05
9.014E-06	2.102E-05
9.014E-06	2.103E-05
9.024E-06	2.104E-05
9.034E-06	2.106E-05
9.034E-06	2.107E-05
9.034E-06	2.108E-05
9.045E-06	2.108E-05
9.045E-06	2.109E-05
9.045E-06	2.110E-05
9.055E-06	2.111E-05
9.065E-06	2.113E-05
9.065E-06	2.114E-05
9.065E-06	2.116E-05
9.075E-06	2.116E-05
9.075E-06	2.118E-05
9.085E-06	2.119E-05
9.085E-06	2.120E-05
9.096E-06	2.121E-05
9.096E-06	2.123E-05
9.106E-06	2.124E-05
9.116E-06	2.126E-05
9.126E-06	2.128E-05
9.126E-06	2.128E-05
9.126E-06	2.129E-05
9.126E-06	2.130E-05
9.147E-06	2.132E-05
9.147E-06	2.134E-05
9.147E-06	2.135E-05
9.157E-06	2.136E-05
9.157E-06	2.137E-05
9.167E-06	2.139E-05
9.167E-06	2.140E-05
9.167E-06	2.140E-05
9.167E-06	2.141E-05
9.167E-06	2.141E-05
9.177E-06	2.142E-05
9.177E-06	2.143E-05
9.187E-06	2.146E-05
9.198E-06	2.148E-05
9.208E-06	2.149E-05
9.208E-06	2.149E-05