8.932E-06	2.149E-05
8.912E-06	2.144E-05
8.912E-06	2.140E-05
8.902E-06	2.139E-05
8.891E-06	2.136E-05
8.871E-06	2.131E-05
8.851E-06	2.127E-05
8.840E-06	2.123E-05
8.820E-06	2.120E-05
8.810E-06	2.118E-05
8.789E-06	2.112E-05
8.779E-06	2.109E-05
8.769E-06	2.106E-05
8.759E-06	2.104E-05
8.748E-06	2.101E-05
8.738E-06	2.099E-05
8.738E-06	2.098E-05
8.738E-06	2.096E-05
8.728E-06	2.093E-05
8.718E-06	2.092E-05
8.718E-06	2.090E-05
8.697E-06	2.087E-05
8.677E-06	2.082E-05
8.657E-06	2.077E-05
8.646E-06	2.074E-05
8.636E-06	2.071E-05
8.626E-06	2.067E-05
8.606E-06	2.064E-05
8.595E-06	2.061E-05
8.595E-06	2.060E-05
8.585E-06	2.058E-05
8.585E-06	2.056E-05
8.575E-06	2.055E-05
8.575E-06	2.054E-05
8.565E-06	2.050E-05
8.555E-06	2.049E-05
8.544E-06	2.048E-05
8.544E-06	2.047E-05
8.544E-06	2.045E-05
8.534E-06	2.043E-05
8.534E-06	2.043E-05
8.524E-06	2.041E-05
8.514E-06	2.039E-05
8.503E-06	2.037E-05
8.503E-06	2.035E-05
8.493E-06	2.034E-05
8.493E-06	2.033E-05
8.493E-06	2.031E-05
8.483E-06	2.030E-05
8.473E-06	2.028E-05
8.473E-06	2.027E-05
8.463E-06	2.025E-05
8.442E-06	2.022E-05
8.432E-06	2.018E-05
8.422E-06	2.017E-05
8.422E-06	2.015E-05
8.412E-06	2.014E-05
8.401E-06	2.011E-05
8.391E-06	2.009E-05
8.381E-06	2.006E-05
8.371E-06	2.004E-05
8.350E-06	2.000E-05
8.350E-06	1.998E-05
8.350E-06	1.997E-05
8.340E-06	1.995E-05
8.340E-06	1.994E-05
8.340E-06	1.994E-05
8.330E-06	1.993E-05
8.330E-06	1.991E-05
8.320E-06	1.989E-05
8.310E-06	1.987E-05
8.310E-06	1.986E-05
8.299E-06	1.985E-05
8.299E-06	1.983E-05
8.289E-06	1.982E-05
8.289E-06	1.981E-05
8.279E-06	1.979E-05
8.269E-06	1.977E-05
8.269E-06	1.976E-05
8.258E-06	1.975E-05
8.258E-06	1.973E-05
8.248E-06	1.972E-05
8.248E-06	1.970E-05
8.238E-06	1.969E-05
8.238E-06	1.968E-05
8.238E-06	1.967E-05
8.228E-06	1.967E-05
8.228E-06	1.966E-05
8.218E-06	1.965E-05
8.218E-06	1.964E-05
8.207E-06	1.961E-05
8.197E-06	1.960E-05
8.197E-06	1.959E-05
8.187E-06	1.957E-05
8.177E-06	1.954E-05
8.167E-06	1.951E-05
8.156E-06	1.948E-05
8.156E-06	1.948E-05
8.136E-06	1.945E-05
8.136E-06	1.942E-05
8.126E-06	1.941E-05
8.116E-06	1.939E-05
8.105E-06	1.936E-05
8.095E-06	1.935E-05
8.085E-06	1.932E-05
8.075E-06	1.930E-05
8.075E-06	1.929E-05
8.075E-06	1.928E-05
8.065E-06	1.927E-05
8.054E-06	1.925E-05
8.054E-06	1.923E-05
8.044E-06	1.922E-05
8.034E-06	1.919E-05
8.034E-06	1.918E-05
8.024E-06	1.916E-05
8.013E-06	1.914E-05
8.003E-06	1.912E-05
8.003E-06	1.910E-05
7.993E-06	1.909E-05
7.983E-06	1.906E-05
7.973E-06	1.903E-05
7.962E-06	1.900E-05
7.962E-06	1.900E-05
7.962E-06	1.899E-05
7.952E-06	1.897E-05
7.942E-06	1.896E-05
7.932E-06	1.893E-05
7.922E-06	1.890E-05
7.911E-06	1.889E-05
7.911E-06	1.887E-05
7.901E-06	1.885E-05
7.891E-06	1.883E-05
7.891E-06	1.882E-05
7.881E-06	1.880E-05
7.871E-06	1.878E-05
7.871E-06	1.877E-05
7.871E-06	1.876E-05
7.860E-06	1.875E-05
7.860E-06	1.874E-05
7.860E-06	1.873E-05
7.850E-06	1.872E-05
7.850E-06	1.872E-05
7.840E-06	1.871E-05
7.840E-06	1.869E-05
7.830E-06	1.868E-05
7.820E-06	1.866E-05
7.820E-06	1.865E-05
7.809E-06	1.863E-05
7.809E-06	1.862E-05
7.799E-06	1.861E-05
7.799E-06	1.859E-05
7.799E-06	1.858E-05
7.789E-06	1.857E-05
7.789E-06	1.856E-05
7.789E-06	1.856E-05
7.779E-06	1.855E-05
7.779E-06	1.854E-05
7.779E-06	1.853E-05
7.758E-06	1.850E-05
7.758E-06	1.848E-05
7.748E-06	1.847E-05
7.738E-06	1.845E-05
7.728E-06	1.842E-05
7.717E-06	1.840E-05
7.717E-06	1.838E-05
7.707E-06	1.837E-05
7.707E-06	1.836E-05
7.697E-06	1.835E-05
7.687E-06	1.833E-05
7.677E-06	1.830E-05
7.666E-06	1.828E-05
7.656E-06	1.824E-05
7.646E-06	1.823E-05
7.636E-06	1.821E-05
7.626E-06	1.818E-05
7.626E-06	1.817E-05
7.626E-06	1.816E-05
7.615E-06	1.815E-05
7.615E-06	1.813E-05
7.605E-06	1.811E-05
7.595E-06	1.810E-05
7.595E-06	1.809E-05
7.595E-06	1.808E-05
7.585E-06	1.806E-05
7.585E-06	1.805E-05
7.575E-06	1.803E-05
7.575E-06	1.802E-05
7.575E-06	1.801E-05
7.564E-06	1.799E-05
7.554E-06	1.798E-05
7.554E-06	1.797E-05
7.544E-06	1.795E-05
7.544E-06	1.794E-05
7.534E-06	1.793E-05
7.523E-06	1.790E-05
7.513E-06	1.788E-05
7.513E-06	1.787E-05
7.513E-06	1.786E-05
7.503E-06	1.785E-05
7.503E-06	1.784E-05
7.493E-06	1.782E-05
7.483E-06	1.780E-05
7.483E-06	1.779E-05
7.472E-06	1.777E-05
7.472E-06	1.776E-05
7.462E-06	1.775E-05
7.462E-06	1.774E-05
7.462E-06	1.773E-05
7.462E-06	1.773E-05
7.462E-06	1.773E-05
7.452E-06	1.771E-05
7.452E-06	1.771E-05
7.442E-06	1.770E-05
7.442E-06	1.769E-05
7.442E-06	1.769E-05
7.442E-06	1.768E-05
7.442E-06	1.767E-05
7.432E-06	1.767E-05
7.432E-06	1.766E-05
7.432E-06	1.765E-05
7.421E-06	1.764E-05
7.421E-06	1.762E-05
7.411E-06	1.761E-05
7.411E-06	1.760E-05
7.411E-06	1.760E-05
7.401E-06	1.758E-05
7.401E-06	1.757E-05
7.391E-06	1.755E-05
7.391E-06	1.754E-05
7.381E-06	1.753E-05
7.381E-06	1.752E-05
7.370E-06	1.742E-05
7.370E-06	1.749E-05
7.370E-06	1.749E-05
7.370E-06	1.748E-05
7.360E-06	1.747E-05
7.360E-06	1.746E-05
7.350E-06	1.745E-05
7.350E-06	1.744E-05
7.350E-06	1.743E-05
7.340E-06	1.742E-05
7.340E-06	1.741E-05
7.330E-06	1.740E-05
7.330E-06	1.739E-05
7.319E-06	1.737E-05
7.319E-06	1.736E-05
7.309E-06	1.735E-05
7.309E-06	1.734E-05
7.309E-06	1.734E-05
7.309E-06	1.734E-05
7.309E-06	1.733E-05
7.299E-06	1.732E-05
7.299E-06	1.731E-05
7.299E-06	1.731E-05
7.289E-06	1.730E-05
7.289E-06	1.729E-05
7.289E-06	1.729E-05
7.289E-06	1.727E-05
7.278E-06	1.727E-05
7.278E-06	1.726E-05
7.278E-06	1.726E-05
7.278E-06	1.726E-05
7.268E-06	1.725E-05
7.268E-06	1.725E-05
7.268E-06	1.724E-05
7.268E-06	1.723E-05
7.258E-06	1.722E-05
7.258E-06	1.721E-05
7.258E-06	1.720E-05
7.248E-06	1.720E-05
7.248E-06	1.719E-05
7.248E-06	1.718E-05
7.238E-06	1.717E-05
7.238E-06	1.717E-05
7.238E-06	1.716E-05
7.227E-06	1.716E-05
7.227E-06	1.715E-05
7.227E-06	1.715E-05
7.227E-06	1.714E-05
7.217E-06	1.713E-05
7.217E-06	1.712E-05
7.217E-06	1.711E-05
7.217E-06	1.711E-05
7.217E-06	1.710E-05
7.207E-06	1.709E-05
7.207E-06	1.708E-05
7.207E-06	1.708E-05
7.207E-06	1.707E-05
7.197E-06	1.707E-05
7.197E-06	1.706E-05
7.197E-06	1.705E-05
7.197E-06	1.704E-05
7.187E-06	1.704E-05
7.187E-06	1.704E-05
7.187E-06	1.701E-05
7.176E-06	1.700E-05
7.176E-06	1.700E-05
7.176E-06	1.699E-05
7.166E-06	1.698E-05
7.166E-06	1.697E-05
7.166E-06	1.696E-05
7.166E-06	1.696E-05
7.156E-06	1.695E-05
7.156E-06	1.694E-05
7.156E-06	1.694E-05
7.146E-06	1.693E-05
7.146E-06	1.692E-05
7.146E-06	1.692E-05
7.146E-06	1.692E-05
7.146E-06	1.692E-05
7.136E-06	1.692E-05
7.136E-06	1.692E-05
7.136E-06	1.691E-05
7.136E-06	1.692E-05
7.136E-06	1.692E-05
7.136E-06	1.691E-05
7.136E-06	1.690E-05
7.125E-06	1.689E-05
7.115E-06	1.686E-05
7.105E-06	1.683E-05
7.095E-06	1.682E-05
7.095E-06	1.680E-05
7.085E-06	1.679E-05
7.085E-06	1.678E-05
7.085E-06	1.677E-05
7.074E-06	1.677E-05
7.074E-06	1.677E-05
7.074E-06	1.676E-05
7.074E-06	1.676E-05
7.074E-06	1.675E-05
7.074E-06	1.674E-05
7.064E-06	1.674E-05
7.064E-06	1.674E-05
7.064E-06	1.673E-05
7.054E-06	1.671E-05
7.054E-06	1.670E-05
7.044E-06	1.669E-05
7.033E-06	1.667E-05
7.033E-06	1.665E-05
7.023E-06	1.664E-05
7.023E-06	1.663E-05
7.023E-06	1.662E-05
7.013E-06	1.661E-05
7.003E-06	1.660E-05
7.003E-06	1.658E-05
6.993E-06	1.657E-05
6.993E-06	1.656E-05
6.993E-06	1.655E-05
6.993E-06	1.654E-05
6.982E-06	1.654E-05
6.982E-06	1.652E-05
6.982E-06	1.651E-05
6.972E-06	1.651E-05
6.972E-06	1.650E-05
6.972E-06	1.650E-05
6.972E-06	1.649E-05
6.972E-06	1.649E-05
6.962E-06	1.648E-05
6.962E-06	1.647E-05
6.962E-06	1.647E-05
6.952E-06	1.646E-05
6.952E-06	1.645E-05
6.942E-06	1.643E-05
6.942E-06	1.642E-05
6.942E-06	1.642E-05
6.931E-06	1.641E-05
6.931E-06	1.640E-05
6.931E-06	1.640E-05
6.921E-06	1.639E-05
6.921E-06	1.638E-05
6.921E-06	1.636E-05
6.921E-06	1.636E-05
6.911E-06	1.635E-05
6.911E-06	1.635E-05
6.911E-06	1.634E-05
6.901E-06	1.633E-05
6.901E-06	1.633E-05
6.901E-06	1.632E-05
6.891E-06	1.630E-05
6.891E-06	1.630E-05
6.891E-06	1.629E-05
6.880E-06	1.628E-05
6.880E-06	1.628E-05
6.880E-06	1.627E-05
6.870E-06	1.627E-05
6.870E-06	1.625E-05
6.860E-06	1.624E-05
6.860E-06	1.623E-05
6.850E-06	1.621E-05
6.850E-06	1.620E-05
6.840E-06	1.619E-05
6.840E-06	1.617E-05
6.829E-06	1.615E-05
6.829E-06	1.614E-05
6.819E-06	1.613E-05
6.809E-06	1.611E-05
6.809E-06	1.609E-05
6.799E-06	1.608E-05
6.799E-06	1.607E-05
6.788E-06	1.605E-05
6.778E-06	1.603E-05
6.778E-06	1.601E-05
6.768E-06	1.599E-05
6.758E-06	1.598E-05
6.758E-06	1.596E-05
6.737E-06	1.593E-05
6.737E-06	1.592E-05
6.727E-06	1.591E-05
6.727E-06	1.590E-05
6.727E-06	1.589E-05
6.727E-06	1.589E-05
6.727E-06	1.588E-05
6.717E-06	1.587E-05
6.717E-06	1.587E-05
6.717E-06	1.586E-05
6.717E-06	1.585E-05
6.717E-06	1.585E-05
6.707E-06	1.585E-05
6.707E-06	1.584E-05
6.707E-06	1.583E-05
6.697E-06	1.582E-05
6.697E-06	1.580E-05
6.686E-06	1.579E-05
6.676E-06	1.577E-05
6.676E-06	1.576E-05
6.666E-06	1.575E-05
6.656E-06	1.572E-05
6.656E-06	1.572E-05
6.656E-06	1.571E-05
6.656E-06	1.570E-05
6.646E-06	1.568E-05
6.635E-06	1.566E-05
6.635E-06	1.565E-05
6.625E-06	1.564E-05
6.615E-06	1.560E-05
6.605E-06	1.558E-05
6.595E-06	1.556E-05
6.584E-06	1.554E-05
6.564E-06	1.550E-05
6.564E-06	1.548E-05
6.554E-06	1.546E-05
6.543E-06	1.545E-05
6.533E-06	1.542E-05
6.533E-06	1.540E-05
6.523E-06	1.539E-05
6.513E-06	1.537E-05
6.513E-06	1.535E-05
6.503E-06	1.534E-05
6.503E-06	1.533E-05
6.503E-06	1.533E-05
6.492E-06	1.531E-05
6.492E-06	1.530E-05
6.482E-06	1.528E-05
6.472E-06	1.526E-05
6.472E-06	1.524E-05
6.472E-06	1.524E-05
6.462E-06	1.523E-05
6.462E-06	1.521E-05
6.452E-06	1.519E-05
6.441E-06	1.517E-05
6.431E-06	1.515E-05
6.431E-06	1.513E-05
6.421E-06	1.511E-05
6.411E-06	1.509E-05
6.401E-06	1.508E-05
6.401E-06	1.506E-05
6.390E-06	1.505E-05
6.390E-06	1.504E-05
6.390E-06	1.503E-05
6.380E-06	1.501E-05
6.370E-06	1.499E-05
6.360E-06	1.497E-05
6.350E-06	1.496E-05
6.339E-06	1.493E-05
6.329E-06	1.489E-05
6.319E-06	1.488E-05
6.319E-06	1.486E-05
6.309E-06	1.485E-05
6.309E-06	1.484E-05
6.298E-06	1.482E-05
6.288E-06	1.480E-05
6.288E-06	1.479E-05
6.278E-06	1.477E-05
6.268E-06	1.474E-05
6.268E-06	1.473E-05
6.258E-06	1.472E-05
6.258E-06	1.471E-05
6.258E-06	1.469E-05
6.237E-06	1.466E-05
6.227E-06	1.463E-05
6.227E-06	1.462E-05
6.227E-06	1.461E-05
6.217E-06	1.459E-05
6.207E-06	1.457E-05
6.196E-06	1.455E-05
6.186E-06	1.452E-05
6.176E-06	1.448E-05
6.166E-06	1.446E-05
6.156E-06	1.445E-05
6.156E-06	1.444E-05
6.145E-06	1.442E-05
6.135E-06	1.440E-05
6.135E-06	1.438E-05
6.125E-06	1.437E-05
6.115E-06	1.435E-05
6.105E-06	1.432E-05
6.094E-06	1.430E-05
6.084E-06	1.428E-05
6.074E-06	1.425E-05
6.074E-06	1.423E-05
6.064E-06	1.420E-05
6.053E-06	1.419E-05
6.053E-06	1.417E-05
6.053E-06	1.416E-05
6.043E-06	1.414E-05
6.033E-06	1.412E-05
6.023E-06	1.410E-05
6.002E-06	1.407E-05
5.992E-06	1.403E-05
5.972E-06	1.400E-05
5.972E-06	1.398E-05
5.962E-06	1.397E-05
5.962E-06	1.396E-05
5.951E-06	1.394E-05
5.951E-06	1.392E-05
5.941E-06	1.390E-05
5.931E-06	1.388E-05
5.921E-06	1.385E-05
5.911E-06	1.383E-05
5.900E-06	1.381E-05
5.900E-06	1.380E-05
5.890E-06	1.378E-05
5.890E-06	1.376E-05
5.880E-06	1.374E-05
5.870E-06	1.373E-05
5.860E-06	1.370E-05
5.860E-06	1.368E-05
5.849E-06	1.367E-05
5.839E-06	1.365E-05
5.839E-06	1.363E-05
5.829E-06	1.362E-05
5.829E-06	1.361E-05
5.819E-06	1.359E-05
5.819E-06	1.358E-05
5.808E-06	1.357E-05
5.798E-06	1.354E-05
5.798E-06	1.353E-05
5.798E-06	1.352E-05
5.778E-06	1.350E-05
5.768E-06	1.346E-05
5.757E-06	1.344E-05
5.757E-06	1.343E-05
5.747E-06	1.342E-05
5.737E-06	1.338E-05
5.727E-06	1.337E-05
5.727E-06	1.335E-05
5.717E-06	1.333E-05
5.706E-06	1.331E-05
5.686E-06	1.328E-05
5.676E-06	1.325E-05
5.666E-06	1.322E-05
5.655E-06	1.319E-05
5.635E-06	1.315E-05
5.625E-06	1.312E-05
5.604E-06	1.306E-05
5.594E-06	1.304E-05
5.584E-06	1.303E-05
5.574E-06	1.299E-05
5.563E-06	1.295E-05
5.553E-06	1.294E-05
5.553E-06	1.292E-05
5.543E-06	1.290E-05
5.533E-06	1.288E-05
5.523E-06	1.286E-05
5.523E-06	1.285E-05
5.512E-06	1.283E-05
5.502E-06	1.281E-05
5.492E-06	1.279E-05
5.492E-06	1.278E-05
5.492E-06	1.276E-05
5.482E-06	1.274E-05
5.461E-06	1.270E-05
5.451E-06	1.268E-05
5.441E-06	1.266E-05
5.431E-06	1.264E-05
5.431E-06	1.261E-05
5.421E-06	1.258E-05
5.410E-06	1.257E-05
5.400E-06	1.255E-05
5.400E-06	1.254E-05
5.390E-06	1.253E-05
5.390E-06	1.251E-05
5.380E-06	1.249E-05
5.380E-06	1.249E-05
5.370E-06	1.247E-05
5.370E-06	1.245E-05
5.359E-06	1.244E-05
5.349E-06	1.242E-05
5.339E-06	1.240E-05
5.329E-06	1.238E-05
5.318E-06	1.236E-05
5.318E-06	1.234E-05
5.318E-06	1.230E-05
5.308E-06	1.232E-05
5.308E-06	1.231E-05
5.308E-06	1.230E-05
5.298E-06	1.228E-05
5.298E-06	1.227E-05
5.298E-06	1.227E-05
5.288E-06	1.226E-05
5.288E-06	1.225E-05
5.288E-06	1.225E-05
5.288E-06	1.224E-05
5.278E-06	1.223E-05
5.278E-06	1.222E-05
5.278E-06	1.221E-05
5.267E-06	1.220E-05
5.267E-06	1.219E-05
5.267E-06	1.219E-05
5.257E-06	1.217E-05
5.257E-06	1.216E-05
5.247E-06	1.216E-05
5.247E-06	1.214E-05
5.247E-06	1.213E-05
5.237E-06	1.212E-05
5.237E-06	1.211E-05
5.227E-06	1.209E-05
5.227E-06	1.209E-05
5.216E-06	1.206E-05
5.216E-06	1.205E-05
5.206E-06	1.204E-05
5.206E-06	1.203E-05
5.196E-06	1.203E-05
5.196E-06	1.202E-05
5.196E-06	1.201E-05
5.186E-06	1.200E-05
5.176E-06	1.198E-05
5.176E-06	1.197E-05
5.176E-06	1.196E-05
5.165E-06	1.195E-05
5.165E-06	1.194E-05
5.165E-06	1.193E-05
5.155E-06	1.192E-05
5.155E-06	1.191E-05
5.145E-06	1.190E-05
5.135E-06	1.188E-05
5.135E-06	1.186E-05
5.125E-06	1.185E-05
5.125E-06	1.183E-05
5.114E-06	1.182E-05
5.114E-06	1.181E-05
5.114E-06	1.180E-05
5.104E-06	1.179E-05
5.104E-06	1.178E-05
5.094E-06	1.177E-05
5.094E-06	1.176E-05
5.094E-06	1.175E-05
5.084E-06	1.174E-05
5.084E-06	1.173E-05
5.084E-06	1.172E-05
5.073E-06	1.171E-05
5.073E-06	1.170E-05
5.063E-06	1.169E-05
5.063E-06	1.168E-05
5.053E-06	1.167E-05
5.053E-06	1.165E-05
5.043E-06	1.163E-05
5.033E-06	1.160E-05
5.012E-06	1.158E-05
5.002E-06	1.155E-05
5.002E-06	1.153E-05
4.992E-06	1.151E-05
4.982E-06	1.148E-05
4.971E-06	1.146E-05
4.961E-06	1.145E-05
4.951E-06	1.143E-05
4.951E-06	1.142E-05
4.941E-06	1.140E-05
4.941E-06	1.139E-05
4.931E-06	1.137E-05
4.920E-06	1.134E-05
4.910E-06	1.132E-05
4.910E-06	1.130E-05
4.900E-06	1.128E-05
4.880E-06	1.123E-05
4.880E-06	1.123E-05
4.869E-06	1.120E-05
4.859E-06	1.118E-05
4.849E-06	1.116E-05
4.849E-06	1.115E-05
4.849E-06	1.114E-05
4.839E-06	1.113E-05
4.839E-06	1.112E-05
4.828E-06	1.111E-05
4.828E-06	1.110E-05
4.828E-06	1.109E-05
4.828E-06	1.108E-05
4.818E-06	1.107E-05
4.818E-06	1.106E-05
4.818E-06	1.105E-05
4.808E-06	1.105E-05
4.808E-06	1.104E-05
4.808E-06	1.104E-05
4.808E-06	1.103E-05
4.798E-06	1.102E-05
4.798E-06	1.101E-05
4.788E-06	1.099E-05
4.777E-06	1.098E-05
4.767E-06	1.095E-05
4.767E-06	1.095E-05
4.767E-06	1.094E-05
4.767E-06	1.094E-05
4.767E-06	1.093E-05
4.767E-06	1.093E-05
4.757E-06	1.092E-05
4.757E-06	1.092E-05
4.757E-06	1.092E-05
4.757E-06	1.091E-05
4.757E-06	1.091E-05
4.757E-06	1.090E-05
4.747E-06	1.088E-05
4.737E-06	1.085E-05
4.726E-06	1.083E-05
4.726E-06	1.083E-05
4.726E-06	1.083E-05
4.726E-06	1.083E-05
4.726E-06	1.083E-05
4.726E-06	1.082E-05
4.706E-06	1.078E-05
4.696E-06	1.075E-05
4.686E-06	1.073E-05
4.675E-06	1.071E-05
4.675E-06	1.071E-05
4.675E-06	1.070E-05
4.665E-06	1.068E-05
4.665E-06	1.067E-05
4.655E-06	1.066E-05
4.655E-06	1.065E-05
4.645E-06	1.063E-05
4.645E-06	1.063E-05
4.645E-06	1.061E-05
4.635E-06	1.061E-05
4.635E-06	1.059E-05
4.624E-06	1.058E-05
4.624E-06	1.057E-05
4.614E-06	1.055E-05
4.604E-06	1.054E-05
4.604E-06	1.051E-05
4.594E-06	1.049E-05
4.584E-06	1.048E-05
4.584E-06	1.047E-05
4.573E-06	1.045E-05
4.563E-06	1.043E-05
4.553E-06	1.041E-05
4.553E-06	1.039E-05
4.543E-06	1.038E-05
4.543E-06	1.038E-05
4.543E-06	1.036E-05
4.532E-06	1.035E-05
4.532E-06	1.033E-05
4.522E-06	1.032E-05
4.522E-06	1.031E-05
4.512E-06	1.030E-05
4.512E-06	1.029E-05
4.502E-06	1.027E-05
4.502E-06	1.025E-05
4.492E-06	1.024E-05
4.492E-06	1.023E-05
4.481E-06	1.022E-05
4.471E-06	1.020E-05
4.471E-06	1.018E-05
4.461E-06	1.017E-05
4.451E-06	1.015E-05
4.441E-06	1.013E-05
4.441E-06	1.011E-05
4.441E-06	1.011E-05
4.430E-06	1.009E-05
4.430E-06	1.009E-05
4.420E-06	1.007E-05
4.420E-06	1.005E-05
4.410E-06	1.004E-05
4.400E-06	1.002E-05
4.400E-06	1.001E-05
4.390E-06	9.994E-06
4.390E-06	9.977E-06
4.379E-06	9.959E-06
4.369E-06	9.935E-06
4.359E-06	9.909E-06
4.349E-06	9.882E-06
4.339E-06	9.863E-06
4.339E-06	9.844E-06
4.328E-06	9.832E-06
4.318E-06	9.808E-06
4.318E-06	9.788E-06
4.298E-06	9.761E-06
4.298E-06	9.745E-06
4.287E-06	9.730E-06
4.267E-06	9.679E-06
4.257E-06	9.653E-06
4.257E-06	9.640E-06
4.247E-06	9.629E-06
4.247E-06	9.618E-06
4.236E-06	9.606E-06
4.236E-06	9.600E-06
4.236E-06	9.587E-06
4.226E-06	9.570E-06
4.226E-06	9.557E-06
4.216E-06	9.545E-06
4.216E-06	9.532E-06
4.206E-06	9.522E-06
4.206E-06	9.511E-06
4.196E-06	9.502E-06
4.196E-06	9.488E-06
4.196E-06	9.477E-06
4.185E-06	9.459E-06
4.175E-06	9.439E-06
4.165E-06	9.407E-06
4.155E-06	9.383E-06
4.145E-06	9.358E-06
4.145E-06	9.344E-06
4.134E-06	9.329E-06
4.134E-06	9.315E-06
4.124E-06	9.302E-06
4.124E-06	9.294E-06
4.114E-06	9.283E-06
4.114E-06	9.269E-06
4.104E-06	9.255E-06
4.104E-06	9.241E-06
4.094E-06	9.226E-06
4.094E-06	9.218E-06
4.083E-06	9.205E-06
4.073E-06	9.184E-06
4.073E-06	9.168E-06
4.063E-06	9.154E-06
4.063E-06	9.142E-06
4.053E-06	9.129E-06
4.053E-06	9.114E-06
4.042E-06	9.098E-06
4.032E-06	9.084E-06
4.022E-06	9.062E-06
4.022E-06	9.049E-06
4.012E-06	9.028E-06
4.002E-06	9.010E-06
4.002E-06	9.001E-06
3.991E-06	8.988E-06
3.991E-06	8.969E-06
3.981E-06	8.948E-06
3.981E-06	8.934E-06
3.971E-06	8.914E-06
3.961E-06	8.895E-06
3.951E-06	8.873E-06
3.951E-06	8.863E-06
3.940E-06	8.845E-06
3.930E-06	8.823E-06
3.930E-06	8.807E-06
3.900E-06	8.750E-06
3.889E-06	8.712E-06
3.879E-06	8.692E-06
3.869E-06	8.678E-06
3.869E-06	8.661E-06
3.859E-06	8.648E-06
3.859E-06	8.638E-06
3.849E-06	8.618E-06
3.849E-06	8.601E-06
3.838E-06	8.584E-06
3.828E-06	8.567E-06
3.828E-06	8.553E-06
3.818E-06	8.537E-06
3.808E-06	8.519E-06
3.808E-06	8.508E-06
3.808E-06	8.500E-06
3.797E-06	8.479E-06
3.797E-06	8.462E-06
3.787E-06	8.451E-06
3.787E-06	8.441E-06
3.777E-06	8.428E-06
3.767E-06	8.397E-06
3.757E-06	8.364E-06
3.736E-06	8.311E-06
3.726E-06	8.284E-06
3.716E-06	8.269E-06
3.695E-06	8.219E-06
3.675E-06	8.180E-06
3.675E-06	8.171E-06
3.675E-06	8.161E-06
3.665E-06	8.134E-06
3.655E-06	8.112E-06
3.655E-06	8.105E-06
3.655E-06	8.102E-06
3.655E-06	8.097E-06
3.655E-06	8.092E-06
3.644E-06	8.079E-06
3.644E-06	8.066E-06
3.634E-06	8.059E-06
3.634E-06	8.043E-06
3.614E-06	8.013E-06
3.614E-06	7.990E-06
3.604E-06	7.977E-06
3.604E-06	7.954E-06
3.593E-06	7.932E-06
3.583E-06	7.902E-06
3.552E-06	7.858E-06
3.532E-06	7.809E-06
3.522E-06	7.781E-06
3.522E-06	7.770E-06
3.512E-06	7.750E-06
3.501E-06	7.728E-06
3.491E-06	7.702E-06
3.491E-06	7.680E-06
3.471E-06	7.652E-06
3.450E-06	7.606E-06
3.440E-06	7.567E-06
3.440E-06	7.550E-06
3.430E-06	7.540E-06
3.430E-06	7.535E-06
3.430E-06	7.528E-06
3.430E-06	7.521E-06
3.420E-06	7.512E-06
3.420E-06	7.495E-06
3.420E-06	7.483E-06
3.410E-06	7.473E-06
3.410E-06	7.458E-06
3.399E-06	7.447E-06
3.399E-06	7.431E-06
3.389E-06	7.412E-06
3.389E-06	7.402E-06
3.379E-06	7.392E-06
3.379E-06	7.381E-06
3.379E-06	7.368E-06
3.369E-06	7.353E-06
3.359E-06	7.344E-06
3.359E-06	7.334E-06
3.359E-06	7.329E-06
3.348E-06	7.315E-06
3.348E-06	7.302E-06
3.348E-06	7.293E-06
3.338E-06	7.284E-06
3.338E-06	7.274E-06
3.338E-06	7.268E-06
3.328E-06	7.257E-06
3.328E-06	7.247E-06
3.318E-06	7.237E-06
3.318E-06	7.224E-06
3.318E-06	7.213E-06
3.307E-06	7.203E-06
3.297E-06	7.189E-06
3.297E-06	7.169E-06
3.287E-06	7.154E-06
3.287E-06	7.143E-06
3.277E-06	7.128E-06
3.267E-06	7.109E-06
3.267E-06	7.099E-06
3.267E-06	7.094E-06
3.256E-06	7.085E-06
3.256E-06	7.075E-06
3.256E-06	7.064E-06
3.246E-06	7.052E-06
3.246E-06	7.044E-06
3.246E-06	7.038E-06
3.236E-06	7.027E-06
3.236E-06	7.014E-06
3.226E-06	7.003E-06
3.226E-06	6.992E-06
3.226E-06	6.982E-06
3.216E-06	6.970E-06
3.216E-06	6.956E-06
3.216E-06	6.949E-06
3.205E-06	6.941E-06
3.205E-06	6.933E-06
3.205E-06	6.929E-06
3.195E-06	6.921E-06
3.195E-06	6.908E-06
3.195E-06	6.902E-06
3.195E-06	6.897E-06
3.185E-06	6.887E-06
3.185E-06	6.880E-06
3.185E-06	6.877E-06
3.175E-06	6.869E-06
3.175E-06	6.849E-06
3.165E-06	6.829E-06
3.154E-06	6.808E-06
3.144E-06	6.800E-06
3.144E-06	6.788E-06
3.144E-06	6.779E-06
3.134E-06	6.765E-06
3.134E-06	6.758E-06
3.124E-06	6.746E-06
3.114E-06	6.729E-06
3.114E-06	6.710E-06
3.103E-06	6.685E-06
3.093E-06	6.671E-06
3.093E-06	6.658E-06
3.083E-06	6.648E-06
3.083E-06	6.644E-06
3.083E-06	6.636E-06
3.073E-06	6.622E-06
3.073E-06	6.599E-06
3.052E-06	6.574E-06
3.052E-06	6.557E-06
3.042E-06	6.538E-06
3.042E-06	6.524E-06
3.032E-06	6.514E-06
3.032E-06	6.503E-06
3.022E-06	6.483E-06
3.011E-06	6.449E-06
3.001E-06	6.431E-06
2.991E-06	6.414E-06
2.991E-06	6.395E-06
2.981E-06	6.382E-06
2.971E-06	6.361E-06
2.971E-06	6.347E-06
2.971E-06	6.343E-06
2.960E-06	6.332E-06
2.960E-06	6.320E-06
2.960E-06	6.312E-06
2.950E-06	6.295E-06
2.940E-06	6.285E-06
2.940E-06	6.271E-06
2.930E-06	6.257E-06
2.930E-06	6.244E-06
2.930E-06	6.236E-06
2.920E-06	6.230E-06
2.920E-06	6.219E-06
2.909E-06	6.207E-06
2.909E-06	6.195E-06
2.909E-06	6.180E-06
2.899E-06	6.168E-06
2.899E-06	6.157E-06
2.889E-06	6.147E-06
2.889E-06	6.134E-06
2.879E-06	6.126E-06
2.879E-06	6.123E-06
2.879E-06	6.113E-06
2.869E-06	6.105E-06
2.869E-06	6.090E-06
2.869E-06	6.079E-06
2.858E-06	6.070E-06
2.858E-06	6.049E-06
2.848E-06	6.037E-06
2.848E-06	6.029E-06
2.848E-06	6.029E-06
2.848E-06	6.024E-06
2.838E-06	6.016E-06
2.838E-06	6.011E-06
2.828E-06	5.999E-06
2.828E-06	5.991E-06
2.817E-06	5.986E-06
2.817E-06	5.981E-06
2.807E-06	5.974E-06
2.797E-06	5.967E-06
2.797E-06	5.964E-06
2.797E-06	5.962E-06
2.787E-06	5.952E-06
2.777E-06	5.943E-06
2.766E-06	5.941E-06
2.766E-06	5.938E-06
2.766E-06	5.935E-06
2.756E-06	5.930E-06
2.746E-06	5.927E-06
2.746E-06	5.922E-06
2.736E-06	5.917E-06
2.736E-06	5.913E-06
2.726E-06	5.910E-06
