2.746E-06	5.910E-06
2.746E-06	5.912E-06
2.756E-06	5.915E-06
2.756E-06	5.916E-06
2.756E-06	5.917E-06
2.766E-06	5.921E-06
2.766E-06	5.923E-06
2.766E-06	5.927E-06
2.777E-06	5.928E-06
2.777E-06	5.930E-06
2.777E-06	5.934E-06
2.787E-06	5.938E-06
2.787E-06	5.940E-06
2.797E-06	5.944E-06
2.797E-06	5.947E-06
2.797E-06	5.950E-06
2.807E-06	5.953E-06
2.807E-06	5.958E-06
2.807E-06	5.959E-06
2.807E-06	5.961E-06
2.817E-06	5.963E-06
2.817E-06	5.967E-06
2.828E-06	5.970E-06
2.828E-06	5.972E-06
2.828E-06	5.976E-06
2.828E-06	5.977E-06
2.828E-06	5.978E-06
2.838E-06	5.981E-06
2.838E-06	5.985E-06
2.838E-06	5.988E-06
2.838E-06	5.989E-06
2.848E-06	5.996E-06
2.848E-06	6.004E-06
2.858E-06	6.013E-06
2.858E-06	6.018E-06
2.858E-06	6.021E-06
2.858E-06	6.025E-06
2.869E-06	6.031E-06
2.869E-06	6.036E-06
2.869E-06	6.040E-06
2.869E-06	6.044E-06
2.879E-06	6.050E-06
2.879E-06	6.058E-06
2.879E-06	6.070E-06
2.889E-06	6.084E-06
2.889E-06	6.095E-06
2.889E-06	6.099E-06
2.889E-06	6.107E-06
2.899E-06	6.115E-06
2.899E-06	6.131E-06
2.909E-06	6.145E-06
2.909E-06	6.155E-06
2.920E-06	6.165E-06
2.930E-06	6.180E-06
2.930E-06	6.202E-06
2.930E-06	6.209E-06
2.940E-06	6.216E-06
2.940E-06	6.226E-06
2.940E-06	6.232E-06
2.950E-06	6.238E-06
2.950E-06	6.253E-06
2.960E-06	6.263E-06
2.960E-06	6.267E-06
2.960E-06	6.277E-06
2.971E-06	6.290E-06
2.971E-06	6.302E-06
2.981E-06	6.314E-06
2.981E-06	6.327E-06
2.981E-06	6.333E-06
2.991E-06	6.343E-06
2.991E-06	6.347E-06
2.991E-06	6.356E-06
3.001E-06	6.367E-06
3.001E-06	6.376E-06
3.011E-06	6.398E-06
3.022E-06	6.414E-06
3.032E-06	6.427E-06
3.032E-06	6.443E-06
3.042E-06	6.464E-06
3.052E-06	6.483E-06
3.052E-06	6.497E-06
3.062E-06	6.517E-06
3.062E-06	6.529E-06
3.062E-06	6.539E-06
3.073E-06	6.548E-06
3.073E-06	6.563E-06
3.083E-06	6.576E-06
3.083E-06	6.585E-06
3.083E-06	6.596E-06
3.093E-06	6.605E-06
3.093E-06	6.619E-06
3.103E-06	6.631E-06
3.103E-06	6.641E-06
3.103E-06	6.646E-06
3.114E-06	6.655E-06
3.114E-06	6.668E-06
3.124E-06	6.679E-06
3.124E-06	6.688E-06
3.124E-06	6.698E-06
3.134E-06	6.709E-06
3.134E-06	6.722E-06
3.144E-06	6.741E-06
3.154E-06	6.760E-06
3.165E-06	6.770E-06
3.165E-06	6.782E-06
3.165E-06	6.790E-06
3.175E-06	6.810E-06
3.185E-06	6.818E-06
3.185E-06	6.826E-06
3.185E-06	6.831E-06
3.185E-06	6.838E-06
3.185E-06	6.842E-06
3.195E-06	6.844E-06
3.195E-06	6.847E-06
3.195E-06	6.848E-06
3.195E-06	6.850E-06
3.195E-06	6.852E-06
3.195E-06	6.860E-06
3.195E-06	6.871E-06
3.195E-06	6.875E-06
3.205E-06	6.880E-06
3.205E-06	6.885E-06
3.205E-06	6.891E-06
3.205E-06	6.897E-06
3.216E-06	6.905E-06
3.216E-06	6.924E-06
3.226E-06	6.938E-06
3.226E-06	6.947E-06
3.236E-06	6.955E-06
3.236E-06	6.964E-06
3.236E-06	6.968E-06
3.236E-06	6.970E-06
3.236E-06	6.977E-06
3.246E-06	6.986E-06
3.246E-06	6.993E-06
3.246E-06	7.003E-06
3.246E-06	7.010E-06
3.256E-06	7.014E-06
3.256E-06	7.018E-06
3.256E-06	7.029E-06
3.267E-06	7.041E-06
3.267E-06	7.045E-06
3.267E-06	7.052E-06
3.267E-06	7.061E-06
3.277E-06	7.066E-06
3.277E-06	7.069E-06
3.277E-06	7.072E-06
3.277E-06	7.076E-06
3.277E-06	7.080E-06
3.277E-06	7.091E-06
3.287E-06	7.094E-06
3.287E-06	7.099E-06
3.287E-06	7.101E-06
3.287E-06	7.109E-06
3.287E-06	7.113E-06
3.297E-06	7.117E-06
3.297E-06	7.122E-06
3.297E-06	7.128E-06
3.297E-06	7.134E-06
3.307E-06	7.144E-06
3.307E-06	7.152E-06
3.307E-06	7.162E-06
3.318E-06	7.176E-06
3.318E-06	7.190E-06
3.328E-06	7.200E-06
3.328E-06	7.208E-06
3.338E-06	7.215E-06
3.338E-06	7.224E-06
3.348E-06	7.240E-06
3.348E-06	7.250E-06
3.359E-06	7.262E-06
3.359E-06	7.279E-06
3.369E-06	7.296E-06
3.369E-06	7.307E-06
3.379E-06	7.313E-06
3.379E-06	7.327E-06
3.389E-06	7.345E-06
3.399E-06	7.358E-06
3.399E-06	7.368E-06
3.410E-06	7.381E-06
3.410E-06	7.396E-06
3.420E-06	7.408E-06
3.420E-06	7.424E-06
3.430E-06	7.439E-06
3.430E-06	7.448E-06
3.430E-06	7.456E-06
3.430E-06	7.464E-06
3.440E-06	7.478E-06
3.440E-06	7.490E-06
3.440E-06	7.496E-06
3.450E-06	7.506E-06
3.450E-06	7.517E-06
3.461E-06	7.527E-06
3.461E-06	7.534E-06
3.461E-06	7.540E-06
3.461E-06	7.552E-06
3.471E-06	7.561E-06
3.471E-06	7.569E-06
3.471E-06	7.576E-06
3.471E-06	7.583E-06
3.481E-06	7.587E-06
3.481E-06	7.594E-06
3.481E-06	7.600E-06
3.481E-06	7.607E-06
3.491E-06	7.613E-06
3.491E-06	7.619E-06
3.491E-06	7.626E-06
3.501E-06	7.635E-06
3.501E-06	7.645E-06
3.501E-06	7.651E-06
3.501E-06	7.662E-06
3.512E-06	7.669E-06
3.512E-06	7.680E-06
3.522E-06	7.696E-06
3.532E-06	7.707E-06
3.532E-06	7.723E-06
3.542E-06	7.732E-06
3.542E-06	7.739E-06
3.542E-06	7.745E-06
3.542E-06	7.747E-06
3.542E-06	7.752E-06
3.552E-06	7.759E-06
3.552E-06	7.767E-06
3.552E-06	7.769E-06
3.563E-06	7.777E-06
3.563E-06	7.784E-06
3.563E-06	7.795E-06
3.573E-06	7.810E-06
3.573E-06	7.822E-06
3.583E-06	7.831E-06
3.583E-06	7.840E-06
3.583E-06	7.848E-06
3.593E-06	7.853E-06
3.593E-06	7.867E-06
3.593E-06	7.878E-06
3.604E-06	7.888E-06
3.604E-06	7.895E-06
3.604E-06	7.903E-06
3.614E-06	7.912E-06
3.614E-06	7.927E-06
3.614E-06	7.939E-06
3.624E-06	7.944E-06
3.624E-06	7.953E-06
3.624E-06	7.962E-06
3.634E-06	7.978E-06
3.634E-06	7.992E-06
3.644E-06	8.003E-06
3.644E-06	8.019E-06
3.655E-06	8.032E-06
3.655E-06	8.044E-06
3.655E-06	8.050E-06
3.665E-06	8.060E-06
3.665E-06	8.070E-06
3.675E-06	8.087E-06
3.685E-06	8.102E-06
3.685E-06	8.115E-06
3.695E-06	8.128E-06
3.706E-06	8.147E-06
3.716E-06	8.179E-06
3.726E-06	8.196E-06
3.726E-06	8.215E-06
3.736E-06	8.231E-06
3.746E-06	8.253E-06
3.757E-06	8.275E-06
3.767E-06	8.288E-06
3.767E-06	8.310E-06
3.777E-06	8.330E-06
3.787E-06	8.351E-06
3.787E-06	8.372E-06
3.797E-06	8.385E-06
3.797E-06	8.395E-06
3.808E-06	8.425E-06
3.818E-06	8.447E-06
3.828E-06	8.470E-06
3.838E-06	8.497E-06
3.838E-06	8.513E-06
3.849E-06	8.530E-06
3.859E-06	8.550E-06
3.859E-06	8.561E-06
3.859E-06	8.564E-06
3.859E-06	8.573E-06
3.869E-06	8.583E-06
3.869E-06	8.590E-06
3.869E-06	8.597E-06
3.879E-06	8.606E-06
3.879E-06	8.623E-06
3.889E-06	8.635E-06
3.889E-06	8.638E-06
3.889E-06	8.645E-06
3.900E-06	8.655E-06
3.900E-06	8.671E-06
3.900E-06	8.676E-06
3.900E-06	8.683E-06
3.910E-06	8.704E-06
3.920E-06	8.710E-06
3.930E-06	8.731E-06
3.930E-06	8.745E-06
3.940E-06	8.763E-06
3.951E-06	8.787E-06
3.961E-06	8.812E-06
3.971E-06	8.830E-06
3.971E-06	8.843E-06
3.981E-06	8.854E-06
3.981E-06	8.860E-06
3.981E-06	8.871E-06
3.991E-06	8.881E-06
3.991E-06	8.900E-06
3.991E-06	8.909E-06
4.002E-06	8.922E-06
4.002E-06	8.935E-06
4.012E-06	8.948E-06
4.012E-06	8.959E-06
4.022E-06	8.953E-06
4.022E-06	8.995E-06
4.032E-06	9.009E-06
4.032E-06	9.016E-06
4.032E-06	9.020E-06
4.032E-06	9.025E-06
4.042E-06	9.029E-06
4.042E-06	9.035E-06
4.042E-06	9.045E-06
4.053E-06	9.053E-06
4.053E-06	9.065E-06
4.063E-06	9.076E-06
4.063E-06	9.085E-06
4.063E-06	9.090E-06
4.073E-06	9.103E-06
4.083E-06	9.131E-06
4.094E-06	9.144E-06
4.094E-06	9.153E-06
4.094E-06	9.160E-06
4.104E-06	9.166E-06
4.104E-06	9.176E-06
4.104E-06	9.194E-06
4.114E-06	9.207E-06
4.114E-06	9.213E-06
4.124E-06	9.220E-06
4.124E-06	9.232E-06
4.134E-06	9.251E-06
4.145E-06	9.268E-06
4.145E-06	9.281E-06
4.145E-06	9.287E-06
4.145E-06	9.288E-06
4.145E-06	9.290E-06
4.145E-06	9.295E-06
4.155E-06	9.304E-06
4.165E-06	9.322E-06
4.165E-06	9.337E-06
4.175E-06	9.358E-06
4.175E-06	9.369E-06
4.185E-06	9.374E-06
4.185E-06	9.380E-06
4.185E-06	9.392E-06
4.196E-06	9.404E-06
4.196E-06	9.411E-06
4.196E-06	9.417E-06
4.206E-06	9.432E-06
4.206E-06	9.445E-06
4.206E-06	9.460E-06
4.216E-06	9.473E-06
4.216E-06	9.488E-06
4.226E-06	9.497E-06
4.226E-06	9.506E-06
4.226E-06	9.513E-06
4.236E-06	9.520E-06
4.236E-06	9.530E-06
4.247E-06	9.545E-06
4.247E-06	9.550E-06
4.257E-06	9.561E-06
4.257E-06	9.577E-06
4.267E-06	9.591E-06
4.267E-06	9.599E-06
4.267E-06	9.607E-06
4.277E-06	9.619E-06
4.287E-06	9.629E-06
4.287E-06	9.643E-06
4.287E-06	9.656E-06
4.298E-06	9.667E-06
4.298E-06	9.674E-06
4.298E-06	9.684E-06
4.308E-06	9.695E-06
4.308E-06	9.706E-06
4.318E-06	9.711E-06
4.318E-06	9.718E-06
4.318E-06	9.731E-06
4.328E-06	9.742E-06
4.328E-06	9.757E-06
4.339E-06	9.768E-06
4.339E-06	9.775E-06
4.339E-06	9.788E-06
4.359E-06	9.816E-06
4.369E-06	9.845E-06
4.369E-06	9.861E-06
4.379E-06	9.871E-06
4.390E-06	9.900E-06
4.400E-06	9.920E-06
4.400E-06	9.936E-06
4.410E-06	9.950E-06
4.420E-06	9.970E-06
4.420E-06	9.994E-06
4.430E-06	1.000E-05
4.430E-06	1.001E-05
4.441E-06	1.002E-05
4.441E-06	1.004E-05
4.451E-06	1.005E-05
4.451E-06	1.007E-05
4.461E-06	1.008E-05
4.461E-06	1.009E-05
4.471E-06	1.010E-05
4.471E-06	1.011E-05
4.471E-06	1.011E-05
4.481E-06	1.013E-05
4.481E-06	1.014E-05
4.481E-06	1.015E-05
4.492E-06	1.016E-05
4.492E-06	1.016E-05
4.492E-06	1.017E-05
4.502E-06	1.018E-05
4.502E-06	1.019E-05
4.502E-06	1.019E-05
4.502E-06	1.020E-05
4.512E-06	1.021E-05
4.512E-06	1.022E-05
4.522E-06	1.024E-05
4.522E-06	1.025E-05
4.532E-06	1.025E-05
4.532E-06	1.027E-05
4.532E-06	1.028E-05
4.543E-06	1.029E-05
4.543E-06	1.030E-05
4.553E-06	1.032E-05
4.553E-06	1.033E-05
4.563E-06	1.034E-05
4.563E-06	1.035E-05
4.563E-06	1.036E-05
4.573E-06	1.037E-05
4.573E-06	1.038E-05
4.573E-06	1.038E-05
4.584E-06	1.039E-05
4.584E-06	1.041E-05
4.594E-06	1.042E-05
4.594E-06	1.043E-05
4.594E-06	1.043E-05
4.604E-06	1.044E-05
4.604E-06	1.045E-05
4.604E-06	1.046E-05
4.604E-06	1.047E-05
4.614E-06	1.047E-05
4.614E-06	1.048E-05
4.624E-06	1.049E-05
4.624E-06	1.050E-05
4.635E-06	1.052E-05
4.645E-06	1.054E-05
4.645E-06	1.055E-05
4.655E-06	1.056E-05
4.655E-06	1.057E-05
4.655E-06	1.058E-05
4.665E-06	1.059E-05
4.675E-06	1.061E-05
4.686E-06	1.063E-05
4.686E-06	1.065E-05
4.686E-06	1.066E-05
4.696E-06	1.066E-05
4.696E-06	1.066E-05
4.696E-06	1.067E-05
4.706E-06	1.069E-05
4.716E-06	1.071E-05
4.716E-06	1.072E-05
4.726E-06	1.074E-05
4.747E-06	1.078E-05
4.757E-06	1.082E-05
4.757E-06	1.083E-05
4.767E-06	1.084E-05
4.767E-06	1.085E-05
4.767E-06	1.086E-05
4.777E-06	1.088E-05
4.788E-06	1.090E-05
4.788E-06	1.091E-05
4.798E-06	1.092E-05
4.798E-06	1.094E-05
4.808E-06	1.095E-05
4.818E-06	1.098E-05
4.828E-06	1.100E-05
4.839E-06	1.103E-05
4.849E-06	1.105E-05
4.849E-06	1.105E-05
4.859E-06	1.106E-05
4.859E-06	1.108E-05
4.869E-06	1.110E-05
4.880E-06	1.112E-05
4.880E-06	1.113E-05
4.880E-06	1.114E-05
4.890E-06	1.115E-05
4.890E-06	1.115E-05
4.900E-06	1.117E-05
4.910E-06	1.119E-05
4.910E-06	1.122E-05
4.920E-06	1.124E-05
4.931E-06	1.126E-05
4.941E-06	1.128E-05
4.951E-06	1.131E-05
4.951E-06	1.132E-05
4.961E-06	1.133E-05
4.961E-06	1.134E-05
4.971E-06	1.137E-05
4.992E-06	1.141E-05
5.002E-06	1.143E-05
5.012E-06	1.145E-05
5.022E-06	1.147E-05
5.022E-06	1.149E-05
5.033E-06	1.151E-05
5.033E-06	1.151E-05
5.043E-06	1.153E-05
5.043E-06	1.154E-05
5.043E-06	1.155E-05
5.053E-06	1.155E-05
5.053E-06	1.157E-05
5.053E-06	1.158E-05
5.063E-06	1.159E-05
5.063E-06	1.161E-05
5.073E-06	1.162E-05
5.084E-06	1.164E-05
5.084E-06	1.165E-05
5.094E-06	1.167E-05
5.094E-06	1.168E-05
5.104E-06	1.169E-05
5.114E-06	1.171E-05
5.114E-06	1.173E-05
5.125E-06	1.174E-05
5.135E-06	1.176E-05
5.135E-06	1.178E-05
5.145E-06	1.180E-05
5.155E-06	1.182E-05
5.165E-06	1.184E-05
5.186E-06	1.188E-05
5.186E-06	1.191E-05
5.196E-06	1.192E-05
5.206E-06	1.194E-05
5.206E-06	1.196E-05
5.216E-06	1.197E-05
5.227E-06	1.199E-05
5.237E-06	1.201E-05
5.237E-06	1.202E-05
5.247E-06	1.204E-05
5.257E-06	1.206E-05
5.267E-06	1.209E-05
5.267E-06	1.210E-05
5.278E-06	1.212E-05
5.288E-06	1.215E-05
5.298E-06	1.218E-05
5.308E-06	1.220E-05
5.318E-06	1.222E-05
5.318E-06	1.224E-05
5.329E-06	1.225E-05
5.329E-06	1.226E-05
5.339E-06	1.227E-05
5.339E-06	1.228E-05
5.349E-06	1.230E-05
5.349E-06	1.232E-05
5.359E-06	1.233E-05
5.359E-06	1.235E-05
5.370E-06	1.237E-05
5.370E-06	1.238E-05
5.380E-06	1.239E-05
5.390E-06	1.240E-05
5.390E-06	1.242E-05
5.400E-06	1.243E-05
5.400E-06	1.245E-05
5.410E-06	1.246E-05
5.410E-06	1.247E-05
5.421E-06	1.248E-05
5.421E-06	1.249E-05
5.421E-06	1.250E-05
5.431E-06	1.251E-05
5.431E-06	1.253E-05
5.441E-06	1.254E-05
5.441E-06	1.255E-05
5.451E-06	1.257E-05
5.461E-06	1.259E-05
5.461E-06	1.259E-05
5.461E-06	1.260E-05
5.461E-06	1.260E-05
5.472E-06	1.262E-05
5.482E-06	1.264E-05
5.482E-06	1.265E-05
5.492E-06	1.267E-05
5.492E-06	1.268E-05
5.502E-06	1.269E-05
5.502E-06	1.270E-05
5.512E-06	1.272E-05
5.512E-06	1.273E-05
5.512E-06	1.274E-05
5.523E-06	1.276E-05
5.533E-06	1.277E-05
5.533E-06	1.279E-05
5.543E-06	1.280E-05
5.543E-06	1.281E-05
5.543E-06	1.282E-05
5.553E-06	1.284E-05
5.563E-06	1.285E-05
5.563E-06	1.286E-05
5.563E-06	1.287E-05
5.574E-06	1.288E-05
5.584E-06	1.290E-05
5.594E-06	1.292E-05
5.604E-06	1.294E-05
5.604E-06	1.296E-05
5.615E-06	1.297E-05
5.615E-06	1.298E-05
5.625E-06	1.300E-05
5.635E-06	1.302E-05
5.635E-06	1.304E-05
5.645E-06	1.305E-05
5.655E-06	1.307E-05
5.655E-06	1.308E-05
5.666E-06	1.310E-05
5.666E-06	1.313E-05
5.676E-06	1.314E-05
5.686E-06	1.316E-05
5.686E-06	1.317E-05
5.696E-06	1.318E-05
5.696E-06	1.319E-05
5.706E-06	1.321E-05
5.706E-06	1.322E-05
5.706E-06	1.323E-05
5.717E-06	1.325E-05
5.717E-06	1.325E-05
5.727E-06	1.327E-05
5.737E-06	1.329E-05
5.747E-06	1.331E-05
5.757E-06	1.333E-05
5.757E-06	1.335E-05
5.768E-06	1.336E-05
5.768E-06	1.338E-05
5.778E-06	1.339E-05
5.778E-06	1.340E-05
5.778E-06	1.340E-05
5.778E-06	1.341E-05
5.788E-06	1.342E-05
5.788E-06	1.343E-05
5.788E-06	1.344E-05
5.798E-06	1.345E-05
5.798E-06	1.346E-05
5.808E-06	1.347E-05
5.808E-06	1.348E-05
5.808E-06	1.349E-05
5.819E-06	1.350E-05
5.819E-06	1.350E-05
5.829E-06	1.352E-05
5.829E-06	1.353E-05
5.839E-06	1.354E-05
5.839E-06	1.354E-05
5.839E-06	1.354E-05
5.839E-06	1.355E-05
5.839E-06	1.356E-05
5.839E-06	1.357E-05
5.849E-06	1.358E-05
5.849E-06	1.360E-05
5.860E-06	1.361E-05
5.860E-06	1.361E-05
5.860E-06	1.361E-05
5.860E-06	1.362E-05
5.870E-06	1.364E-05
5.870E-06	1.365E-05
5.870E-06	1.365E-05
5.880E-06	1.366E-05
5.880E-06	1.367E-05
5.890E-06	1.368E-05
5.890E-06	1.370E-05
5.900E-06	1.372E-05
5.911E-06	1.373E-05
5.921E-06	1.376E-05
5.931E-06	1.379E-05
5.951E-06	1.382E-05
5.951E-06	1.384E-05
5.962E-06	1.385E-05
5.962E-06	1.385E-05
5.962E-06	1.387E-05
5.972E-06	1.388E-05
5.972E-06	1.383E-05
5.972E-06	1.389E-05
5.972E-06	1.390E-05
5.972E-06	1.390E-05
5.982E-06	1.391E-05
5.982E-06	1.391E-05
5.982E-06	1.392E-05
5.982E-06	1.392E-05
5.982E-06	1.393E-05
5.992E-06	1.394E-05
5.992E-06	1.394E-05
5.992E-06	1.396E-05
6.002E-06	1.397E-05
6.002E-06	1.398E-05
6.013E-06	1.399E-05
6.013E-06	1.399E-05
6.013E-06	1.400E-05
6.013E-06	1.401E-05
6.023E-06	1.402E-05
6.033E-06	1.404E-05
6.033E-06	1.405E-05
6.033E-06	1.406E-05
6.043E-06	1.407E-05
6.043E-06	1.409E-05
6.053E-06	1.410E-05
6.053E-06	1.410E-05
6.064E-06	1.412E-05
6.064E-06	1.413E-05
6.074E-06	1.416E-05
6.084E-06	1.417E-05
6.094E-06	1.419E-05
6.105E-06	1.422E-05
6.125E-06	1.426E-05
6.135E-06	1.429E-05
6.135E-06	1.431E-05
6.135E-06	1.431E-05
6.145E-06	1.433E-05
6.156E-06	1.435E-05
6.166E-06	1.438E-05
6.176E-06	1.440E-05
6.176E-06	1.441E-05
6.186E-06	1.442E-05
6.186E-06	1.443E-05
6.196E-06	1.445E-05
6.196E-06	1.446E-05
6.207E-06	1.448E-05
6.207E-06	1.450E-05
6.217E-06	1.451E-05
6.227E-06	1.454E-05
6.237E-06	1.456E-05
6.237E-06	1.458E-05
6.247E-06	1.459E-05
6.258E-06	1.461E-05
6.258E-06	1.462E-05
6.268E-06	1.465E-05
6.278E-06	1.468E-05
6.288E-06	1.470E-05
6.298E-06	1.472E-05
6.309E-06	1.474E-05
6.309E-06	1.474E-05
6.309E-06	1.477E-05
6.319E-06	1.478E-05
6.329E-06	1.479E-05
6.329E-06	1.481E-05
6.339E-06	1.483E-05
6.350E-06	1.486E-05
6.360E-06	1.488E-05
6.360E-06	1.489E-05
6.370E-06	1.491E-05
6.380E-06	1.494E-05
6.390E-06	1.496E-05
6.401E-06	1.498E-05
6.411E-06	1.501E-05
6.421E-06	1.504E-05
6.431E-06	1.504E-05
6.441E-06	1.508E-05
6.452E-06	1.510E-05
6.452E-06	1.512E-05
6.462E-06	1.514E-05
6.462E-06	1.515E-05
6.472E-06	1.516E-05
6.482E-06	1.519E-05
6.492E-06	1.521E-05
6.492E-06	1.523E-05
6.492E-06	1.524E-05
6.503E-06	1.525E-05
6.513E-06	1.527E-05
6.513E-06	1.529E-05
6.523E-06	1.531E-05
6.533E-06	1.533E-05
6.543E-06	1.534E-05
6.543E-06	1.537E-05
6.554E-06	1.539E-05
6.564E-06	1.540E-05
6.574E-06	1.543E-05
6.574E-06	1.545E-05
6.584E-06	1.546E-05
6.584E-06	1.548E-05
6.595E-06	1.549E-05
6.595E-06	1.551E-05
6.605E-06	1.552E-05
6.605E-06	1.554E-05
6.615E-06	1.555E-05
6.625E-06	1.557E-05
6.625E-06	1.558E-05
6.625E-06	1.558E-05
6.635E-06	1.560E-05
6.646E-06	1.562E-05
6.646E-06	1.564E-05
6.656E-06	1.565E-05
6.656E-06	1.566E-05
6.656E-06	1.567E-05
6.666E-06	1.569E-05
6.676E-06	1.570E-05
6.686E-06	1.572E-05
6.686E-06	1.573E-05
6.686E-06	1.574E-05
6.697E-06	1.576E-05
6.697E-06	1.577E-05
6.707E-06	1.578E-05
6.717E-06	1.580E-05
6.717E-06	1.582E-05
6.727E-06	1.584E-05
6.737E-06	1.585E-05
6.737E-06	1.587E-05
6.737E-06	1.587E-05
6.748E-06	1.588E-05
6.748E-06	1.589E-05
6.748E-06	1.590E-05
6.758E-06	1.591E-05
6.758E-06	1.592E-05
6.758E-06	1.592E-05
6.758E-06	1.593E-05
6.768E-06	1.594E-05
6.768E-06	1.595E-05
6.768E-06	1.595E-05
6.768E-06	1.596E-05
6.768E-06	1.597E-05
6.778E-06	1.597E-05
6.778E-06	1.598E-05
6.778E-06	1.598E-05
6.778E-06	1.599E-05
6.778E-06	1.599E-05
6.788E-06	1.600E-05
6.788E-06	1.600E-05
6.788E-06	1.601E-05
6.788E-06	1.601E-05
6.788E-06	1.601E-05
6.788E-06	1.602E-05
6.799E-06	1.602E-05
6.799E-06	1.603E-05
6.799E-06	1.603E-05
6.799E-06	1.603E-05
6.799E-06	1.604E-05
6.799E-06	1.605E-05
6.809E-06	1.605E-05
6.809E-06	1.606E-05
6.809E-06	1.606E-05
6.809E-06	1.606E-05
6.809E-06	1.607E-05
6.809E-06	1.607E-05
6.809E-06	1.607E-05
6.819E-06	1.608E-05
6.819E-06	1.608E-05
6.819E-06	1.609E-05
6.819E-06	1.609E-05
6.819E-06	1.610E-05
6.829E-06	1.610E-05
6.829E-06	1.610E-05
6.829E-06	1.611E-05
6.829E-06	1.611E-05
6.829E-06	1.611E-05
6.829E-06	1.612E-05
6.829E-06	1.613E-05
6.840E-06	1.613E-05
6.840E-06	1.613E-05
6.840E-06	1.614E-05
6.840E-06	1.615E-05
6.840E-06	1.615E-05
6.840E-06	1.615E-05
6.840E-06	1.615E-05
6.850E-06	1.615E-05
6.850E-06	1.615E-05
6.850E-06	1.616E-05
6.850E-06	1.616E-05
6.850E-06	1.617E-05
6.850E-06	1.617E-05
6.850E-06	1.618E-05
6.860E-06	1.619E-05
6.860E-06	1.619E-05
6.860E-06	1.619E-05
6.860E-06	1.620E-05
6.860E-06	1.620E-05
6.860E-06	1.620E-05
6.860E-06	1.621E-05
6.870E-06	1.621E-05
6.870E-06	1.621E-05
6.870E-06	1.621E-05
6.870E-06	1.622E-05
6.870E-06	1.622E-05
6.870E-06	1.622E-05
6.870E-06	1.623E-05
6.870E-06	1.623E-05
6.870E-06	1.623E-05
6.880E-06	1.624E-05
6.880E-06	1.624E-05
6.880E-06	1.624E-05
6.880E-06	1.625E-05
6.880E-06	1.625E-05
6.880E-06	1.626E-05
6.880E-06	1.626E-05
6.880E-06	1.626E-05
6.891E-06	1.627E-05
6.891E-06	1.627E-05
6.891E-06	1.627E-05
6.891E-06	1.627E-05
6.891E-06	1.628E-05
6.891E-06	1.628E-05
6.891E-06	1.628E-05
6.901E-06	1.628E-05
6.901E-06	1.628E-05
6.901E-06	1.629E-05
6.901E-06	1.629E-05
6.901E-06	1.629E-05
6.901E-06	1.630E-05
6.901E-06	1.630E-05
6.901E-06	1.630E-05
6.901E-06	1.630E-05
6.901E-06	1.630E-05
6.901E-06	1.631E-05
6.911E-06	1.631E-05
6.911E-06	1.632E-05
6.911E-06	1.632E-05
6.911E-06	1.633E-05
6.911E-06	1.633E-05
6.911E-06	1.633E-05
6.911E-06	1.633E-05
6.911E-06	1.634E-05
6.911E-06	1.634E-05
6.921E-06	1.634E-05
6.921E-06	1.634E-05
6.921E-06	1.634E-05
6.921E-06	1.634E-05
6.921E-06	1.635E-05
6.921E-06	1.635E-05
6.921E-06	1.635E-05
6.921E-06	1.635E-05
6.921E-06	1.635E-05
6.921E-06	1.636E-05
6.931E-06	1.636E-05
6.931E-06	1.637E-05
6.931E-06	1.637E-05
6.931E-06	1.637E-05
6.931E-06	1.637E-05
6.931E-06	1.638E-05
6.931E-06	1.638E-05
6.931E-06	1.638E-05
6.931E-06	1.639E-05
6.931E-06	1.639E-05
6.942E-06	1.639E-05
6.931E-06	1.640E-05
6.942E-06	1.640E-05
6.942E-06	1.640E-05
6.942E-06	1.640E-05
6.942E-06	1.640E-05
6.942E-06	1.641E-05
6.942E-06	1.641E-05
6.942E-06	1.641E-05
6.942E-06	1.641E-05
6.942E-06	1.641E-05
6.942E-06	1.642E-05
6.942E-06	1.642E-05
6.952E-06	1.642E-05
6.952E-06	1.642E-05
6.952E-06	1.642E-05
6.952E-06	1.643E-05
6.952E-06	1.643E-05
6.952E-06	1.643E-05
6.952E-06	1.643E-05
6.952E-06	1.644E-05
6.952E-06	1.644E-05
6.952E-06	1.645E-05
6.962E-06	1.645E-05
6.962E-06	1.645E-05
6.962E-06	1.645E-05
6.962E-06	1.646E-05
6.962E-06	1.646E-05
6.962E-06	1.646E-05
6.962E-06	1.646E-05
6.962E-06	1.646E-05
6.962E-06	1.646E-05
6.962E-06	1.646E-05
6.962E-06	1.647E-05
6.962E-06	1.647E-05
6.972E-06	1.647E-05
6.972E-06	1.648E-05
6.972E-06	1.648E-05
6.972E-06	1.648E-05
6.972E-06	1.648E-05
6.972E-06	1.648E-05
6.972E-06	1.649E-05
6.972E-06	1.649E-05
6.972E-06	1.649E-05
6.972E-06	1.649E-05
6.982E-06	1.650E-05
6.982E-06	1.650E-05
6.982E-06	1.650E-05
6.982E-06	1.650E-05
6.982E-06	1.650E-05
6.982E-06	1.651E-05
6.982E-06	1.650E-05
6.982E-06	1.651E-05
6.982E-06	1.651E-05
6.982E-06	1.651E-05
6.982E-06	1.651E-05
6.982E-06	1.651E-05
6.982E-06	1.651E-05
6.982E-06	1.652E-05
6.982E-06	1.653E-05
6.993E-06	1.653E-05
6.993E-06	1.653E-05
6.993E-06	1.653E-05
6.993E-06	1.653E-05
6.993E-06	1.653E-05
6.993E-06	1.651E-05
6.993E-06	1.654E-05
6.993E-06	1.654E-05
6.993E-06	1.654E-05
6.993E-06	1.655E-05
7.003E-06	1.655E-05
7.003E-06	1.656E-05
7.003E-06	1.657E-05
7.013E-06	1.658E-05
7.013E-06	1.659E-05
7.013E-06	1.659E-05
7.013E-06	1.659E-05
7.013E-06	1.660E-05
7.023E-06	1.660E-05
7.023E-06	1.661E-05
7.023E-06	1.661E-05
7.023E-06	1.662E-05
7.033E-06	1.662E-05
7.033E-06	1.663E-05
7.033E-06	1.664E-05
7.044E-06	1.665E-05
7.044E-06	1.665E-05
7.044E-06	1.666E-05
7.044E-06	1.666E-05
7.054E-06	1.667E-05
7.054E-06	1.668E-05
7.054E-06	1.669E-05
7.054E-06	1.670E-05
7.064E-06	1.670E-05
7.064E-06	1.671E-05
7.064E-06	1.671E-05
7.064E-06	1.672E-05
7.064E-06	1.672E-05
7.074E-06	1.673E-05
7.074E-06	1.673E-05
7.074E-06	1.674E-05
7.074E-06	1.673E-05
7.074E-06	1.675E-05
7.085E-06	1.675E-05
7.085E-06	1.676E-05
7.085E-06	1.677E-05
7.085E-06	1.678E-05
7.095E-06	1.678E-05
7.095E-06	1.679E-05
7.095E-06	1.680E-05
7.105E-06	1.681E-05
7.105E-06	1.682E-05
7.105E-06	1.682E-05
7.105E-06	1.677E-05
7.105E-06	1.682E-05
7.115E-06	1.683E-05
7.115E-06	1.684E-05
7.115E-06	1.684E-05
7.115E-06	1.685E-05
7.115E-06	1.685E-05
7.125E-06	1.686E-05
7.125E-06	1.686E-05
7.125E-06	1.687E-05
7.125E-06	1.688E-05
7.136E-06	1.689E-05
7.136E-06	1.689E-05
7.136E-06	1.690E-05
7.136E-06	1.691E-05
7.146E-06	1.692E-05
7.146E-06	1.692E-05
7.146E-06	1.692E-05
7.146E-06	1.692E-05
7.146E-06	1.693E-05
7.156E-06	1.693E-05
7.156E-06	1.695E-05
7.166E-06	1.695E-05
7.166E-06	1.697E-05
7.166E-06	1.698E-05
7.176E-06	1.700E-05
7.176E-06	1.700E-05
7.187E-06	1.701E-05
7.187E-06	1.703E-05
7.197E-06	1.704E-05
7.319E-06	1.727E-05
7.350E-06	1.736E-05
7.340E-06	1.736E-05
7.340E-06	1.736E-05
7.340E-06	1.736E-05
7.330E-06	1.737E-05
7.330E-06	1.737E-05
7.330E-06	1.737E-05
7.330E-06	1.737E-05
7.330E-06	1.737E-05
7.330E-06	1.737E-05
7.330E-06	1.737E-05
7.330E-06	1.737E-05
7.330E-06	1.737E-05
7.330E-06	1.738E-05
7.330E-06	1.737E-05
7.330E-06	1.738E-05
7.330E-06	1.738E-05
7.330E-06	1.738E-05
7.330E-06	1.738E-05
7.330E-06	1.738E-05
7.330E-06	1.738E-05
7.330E-06	1.738E-05
7.330E-06	1.739E-05
7.330E-06	1.739E-05
7.330E-06	1.739E-05
7.330E-06	1.739E-05
7.330E-06	1.740E-05
7.340E-06	1.740E-05
7.340E-06	1.741E-05
7.340E-06	1.742E-05
7.350E-06	1.742E-05
7.350E-06	1.744E-05
7.360E-06	1.745E-05
7.370E-06	1.748E-05
7.381E-06	1.751E-05
7.391E-06	1.752E-05
7.391E-06	1.754E-05
7.401E-06	1.755E-05
7.401E-06	1.756E-05
7.401E-06	1.757E-05
7.411E-06	1.758E-05
7.411E-06	1.759E-05
7.411E-06	1.760E-05
7.411E-06	1.760E-05
7.432E-06	1.763E-05
7.462E-06	1.768E-05
7.462E-06	1.770E-05
7.462E-06	1.771E-05
7.462E-06	1.771E-05
7.462E-06	1.772E-05
7.472E-06	1.773E-05
7.483E-06	1.775E-05
7.483E-06	1.777E-05
7.493E-06	1.779E-05
7.493E-06	1.780E-05
7.493E-06	1.781E-05
7.503E-06	1.782E-05
7.513E-06	1.784E-05
7.513E-06	1.785E-05
7.523E-06	1.786E-05
7.534E-06	1.790E-05
7.554E-06	1.793E-05
7.554E-06	1.794E-05
7.554E-06	1.794E-05
7.554E-06	1.795E-05
7.554E-06	1.796E-05
7.564E-06	1.797E-05
7.564E-06	1.798E-05
7.564E-06	1.799E-05
7.575E-06	1.800E-05
7.575E-06	1.801E-05
7.575E-06	1.802E-05
7.575E-06	1.803E-05
7.585E-06	1.803E-05
7.585E-06	1.804E-05
7.585E-06	1.804E-05
7.585E-06	1.805E-05
7.585E-06	1.806E-05
7.595E-06	1.806E-05
7.595E-06	1.807E-05
7.595E-06	1.808E-05
7.605E-06	1.809E-05
7.605E-06	1.810E-05
7.615E-06	1.812E-05
7.636E-06	1.817E-05
7.646E-06	1.819E-05
7.646E-06	1.820E-05
7.656E-06	1.821E-05
7.656E-06	1.821E-05
7.656E-06	1.822E-05
7.656E-06	1.822E-05
7.656E-06	1.823E-05
7.666E-06	1.823E-05
7.666E-06	1.824E-05
7.666E-06	1.825E-05
7.666E-06	1.825E-05
7.666E-06	1.826E-05
7.666E-06	1.826E-05
7.677E-06	1.827E-05
7.677E-06	1.827E-05
7.677E-06	1.827E-05
7.677E-06	1.828E-05
7.677E-06	1.829E-05
7.687E-06	1.830E-05
7.687E-06	1.831E-05
7.697E-06	1.832E-05
7.697E-06	1.833E-05
7.697E-06	1.833E-05
7.697E-06	1.833E-05
7.707E-06	1.834E-05
7.707E-06	1.835E-05
7.707E-06	1.836E-05
7.717E-06	1.837E-05
7.717E-06	1.838E-05
7.717E-06	1.838E-05
7.728E-06	1.840E-05
7.728E-06	1.840E-05
7.728E-06	1.842E-05
7.738E-06	1.842E-05
7.738E-06	1.843E-05
7.738E-06	1.844E-05
7.748E-06	1.845E-05
7.748E-06	1.846E-05
7.758E-06	1.847E-05
7.758E-06	1.848E-05
7.758E-06	1.849E-05
7.768E-06	1.849E-05
7.768E-06	1.850E-05
7.768E-06	1.851E-05
7.768E-06	1.852E-05
7.779E-06	1.853E-05
7.779E-06	1.854E-05
7.789E-06	1.855E-05
7.789E-06	1.857E-05
7.799E-06	1.858E-05
7.799E-06	1.859E-05
7.809E-06	1.861E-05
7.820E-06	1.863E-05
7.840E-06	1.866E-05
7.850E-06	1.869E-05
7.850E-06	1.870E-05
7.850E-06	1.871E-05
7.850E-06	1.871E-05
7.860E-06	1.873E-05
7.860E-06	1.874E-05
7.860E-06	1.874E-05
7.871E-06	1.876E-05
7.871E-06	1.876E-05
7.881E-06	1.877E-05
7.891E-06	1.879E-05
7.891E-06	1.881E-05
7.891E-06	1.881E-05
7.891E-06	1.882E-05
7.901E-06	1.883E-05
7.901E-06	1.883E-05
7.901E-06	1.885E-05
7.922E-06	1.887E-05
7.922E-06	1.888E-05
7.922E-06	1.889E-05
7.922E-06	1.890E-05
7.932E-06	1.890E-05
7.932E-06	1.891E-05
7.932E-06	1.892E-05
7.932E-06	1.892E-05
7.932E-06	1.893E-05
7.942E-06	1.894E-05
7.942E-06	1.895E-05
7.942E-06	1.896E-05
7.952E-06	1.897E-05
7.952E-06	1.898E-05
7.952E-06	1.898E-05
7.962E-06	1.899E-05
7.962E-06	1.900E-05
7.962E-06	1.901E-05
7.962E-06	1.901E-05
7.973E-06	1.902E-05
7.973E-06	1.902E-05
7.973E-06	1.904E-05
7.983E-06	1.905E-05
7.983E-06	1.905E-05
7.983E-06	1.906E-05
7.993E-06	1.907E-05
7.993E-06	1.908E-05
7.993E-06	1.910E-05
8.003E-06	1.911E-05
8.003E-06	1.911E-05
8.013E-06	1.913E-05
8.024E-06	1.914E-05
8.034E-06	1.916E-05
8.034E-06	1.918E-05
8.034E-06	1.918E-05
8.034E-06	1.919E-05
8.044E-06	1.920E-05
8.044E-06	1.921E-05
8.044E-06	1.921E-05
8.054E-06	1.923E-05
8.065E-06	1.925E-05
8.075E-06	1.927E-05
8.075E-06	1.928E-05
8.075E-06	1.929E-05
8.085E-06	1.929E-05
8.085E-06	1.930E-05
8.095E-06	1.932E-05
8.095E-06	1.933E-05
8.085E-06	1.933E-05
8.105E-06	1.935E-05
8.105E-06	1.936E-05
8.116E-06	1.936E-05
8.116E-06	1.939E-05
8.116E-06	1.939E-05
8.126E-06	1.940E-05
8.136E-06	1.942E-05
8.146E-06	1.944E-05
8.146E-06	1.945E-05
8.156E-06	1.947E-05
8.156E-06	1.949E-05
8.167E-06	1.950E-05
8.167E-06	1.952E-05
8.187E-06	1.955E-05
8.187E-06	1.956E-05
8.197E-06	1.958E-05
8.197E-06	1.958E-05
8.197E-06	1.959E-05
8.197E-06	1.960E-05
8.207E-06	1.961E-05
8.218E-06	1.963E-05
8.228E-06	1.965E-05
8.228E-06	1.966E-05
8.228E-06	1.966E-05
8.248E-06	1.969E-05
8.248E-06	1.971E-05
8.258E-06	1.972E-05
8.258E-06	1.972E-05
8.269E-06	1.975E-05
8.299E-06	1.982E-05
8.299E-06	1.983E-05
8.299E-06	1.984E-05
8.310E-06	1.985E-05
8.310E-06	1.986E-05
8.310E-06	1.987E-05
8.310E-06	1.987E-05
8.320E-06	1.988E-05
8.320E-06	1.990E-05
8.330E-06	1.992E-05
8.340E-06	1.994E-05
8.350E-06	1.996E-05
8.350E-06	1.997E-05
8.350E-06	1.998E-05
8.361E-06	1.999E-05
8.361E-06	2.000E-05
8.371E-06	2.002E-05
8.391E-06	2.005E-05
8.391E-06	2.006E-05
8.391E-06	2.007E-05
8.391E-06	2.007E-05
8.391E-06	2.008E-05
8.391E-06	2.009E-05
8.401E-06	2.009E-05
8.401E-06	2.010E-05
8.401E-06	2.011E-05
8.412E-06	2.012E-05
8.412E-06	2.013E-05
8.422E-06	2.014E-05
8.422E-06	2.015E-05
8.422E-06	2.016E-05
8.432E-06	2.018E-05
8.432E-06	2.018E-05
8.442E-06	2.020E-05
8.442E-06	2.021E-05
8.463E-06	2.024E-05
8.473E-06	2.026E-05
8.473E-06	2.026E-05
8.473E-06	2.027E-05
8.473E-06	2.028E-05
8.473E-06	2.028E-05
8.473E-06	2.029E-05
8.473E-06	2.029E-05
8.483E-06	2.030E-05
8.483E-06	2.030E-05
8.483E-06	2.031E-05
8.493E-06	2.032E-05
8.493E-06	2.033E-05
8.493E-06	2.034E-05
8.503E-06	2.036E-05
8.514E-06	2.037E-05
8.514E-06	2.039E-05
8.524E-06	2.040E-05
8.524E-06	2.041E-05
8.524E-06	2.042E-05
8.524E-06	2.042E-05
8.524E-06	2.043E-05
8.534E-06	2.044E-05
8.534E-06	2.045E-05
8.534E-06	2.046E-05
8.544E-06	2.047E-05
8.555E-06	2.048E-05
8.555E-06	2.050E-05
8.555E-06	2.051E-05
8.565E-06	2.052E-05
8.565E-06	2.053E-05
8.565E-06	2.053E-05
8.575E-06	2.054E-05
8.575E-06	2.055E-05
8.585E-06	2.056E-05
8.585E-06	2.056E-05
8.585E-06	2.057E-05
8.585E-06	2.058E-05
8.595E-06	2.059E-05
8.606E-06	2.061E-05
8.606E-06	2.062E-05
8.606E-06	2.062E-05
8.606E-06	2.062E-05
8.606E-06	2.063E-05
8.616E-06	2.064E-05
8.616E-06	2.065E-05
8.626E-06	2.066E-05
8.626E-06	2.067E-05
8.626E-06	2.068E-05
8.636E-06	2.069E-05
8.636E-06	2.070E-05
8.646E-06	2.071E-05
8.657E-06	2.075E-05
8.667E-06	2.076E-05
8.667E-06	2.077E-05
8.667E-06	2.077E-05
8.667E-06	2.077E-05
8.667E-06	2.078E-05
8.667E-06	2.079E-05
8.677E-06	2.080E-05
8.687E-06	2.083E-05
8.687E-06	2.084E-05
8.697E-06	2.085E-05
8.697E-06	2.086E-05
8.697E-06	2.085E-05
8.697E-06	2.086E-05
8.697E-06	2.077E-05
8.697E-06	2.087E-05
8.697E-06	2.088E-05
8.708E-06	2.088E-05
8.708E-06	2.089E-05
8.708E-06	2.090E-05
8.708E-06	2.090E-05
8.718E-06	2.091E-05
8.718E-06	2.091E-05
8.718E-06	2.092E-05
8.718E-06	2.093E-05
8.718E-06	2.094E-05
8.728E-06	2.094E-05
8.728E-06	2.095E-05
8.728E-06	2.096E-05
8.738E-06	2.097E-05
8.738E-06	2.098E-05
8.738E-06	2.097E-05
8.738E-06	2.098E-05
8.748E-06	2.099E-05
8.748E-06	2.099E-05
8.748E-06	2.100E-05
8.748E-06	2.100E-05
8.759E-06	2.101E-05
8.759E-06	2.102E-05
8.759E-06	2.103E-05
8.759E-06	2.103E-05
8.759E-06	2.104E-05
8.769E-06	2.105E-05
8.769E-06	2.107E-05
8.779E-06	2.107E-05
8.779E-06	2.108E-05
8.779E-06	2.109E-05
8.789E-06	2.109E-05
8.789E-06	2.110E-05
8.789E-06	2.110E-05
8.789E-06	2.111E-05
8.800E-06	2.111E-05
8.800E-06	2.112E-05
8.800E-06	2.113E-05
8.800E-06	2.114E-05
8.810E-06	2.115E-05
8.810E-06	2.115E-05
8.810E-06	2.116E-05
8.810E-06	2.117E-05
8.820E-06	2.118E-05
8.820E-06	2.119E-05
8.830E-06	2.120E-05
8.830E-06	2.120E-05
8.830E-06	2.121E-05
8.840E-06	2.122E-05
8.851E-06	2.125E-05
8.851E-06	2.126E-05
8.861E-06	2.127E-05
8.861E-06	2.127E-05
8.861E-06	2.128E-05
8.861E-06	2.128E-05
8.861E-06	2.129E-05
8.871E-06	2.130E-05
8.871E-06	2.130E-05
8.871E-06	2.130E-05
8.871E-06	2.131E-05
8.871E-06	2.132E-05
8.881E-06	2.133E-05
8.881E-06	2.134E-05
8.881E-06	2.135E-05
8.891E-06	2.136E-05
8.891E-06	2.137E-05
8.902E-06	2.138E-05
8.902E-06	2.140E-05
8.902E-06	2.141E-05
8.912E-06	2.141E-05
8.912E-06	2.142E-05
8.922E-06	2.142E-05
8.922E-06	2.144E-05
8.922E-06	2.144E-05
8.922E-06	2.144E-05
8.922E-06	2.145E-05
8.922E-06	2.146E-05
8.922E-06	2.146E-05
8.922E-06	2.147E-05
8.932E-06	2.147E-05
8.932E-06	2.148E-05
8.932E-06	2.148E-05
8.932E-06	2.148E-05
8.942E-06	2.149E-05
8.942E-06	2.149E-05
8.942E-06	2.150E-05
