8.708E-06	2.150E-05
8.697E-06	2.148E-05
8.697E-06	2.148E-05
8.697E-06	2.148E-05
8.687E-06	2.146E-05
8.687E-06	2.145E-05
8.687E-06	2.143E-05
8.677E-06	2.142E-05
8.677E-06	2.140E-05
8.667E-06	2.139E-05
8.667E-06	2.137E-05
8.657E-06	2.135E-05
8.646E-06	2.133E-05
8.636E-06	2.131E-05
8.626E-06	2.129E-05
8.626E-06	2.128E-05
8.616E-06	2.126E-05
8.606E-06	2.123E-05
8.595E-06	2.120E-05
8.585E-06	2.118E-05
8.575E-06	2.115E-05
8.565E-06	2.114E-05
8.565E-06	2.112E-05
8.555E-06	2.111E-05
8.555E-06	2.109E-05
8.544E-06	2.108E-05
8.534E-06	2.106E-05
8.534E-06	2.105E-05
8.524E-06	2.102E-05
8.514E-06	2.100E-05
8.503E-06	2.098E-05
8.503E-06	2.096E-05
8.493E-06	2.094E-05
8.493E-06	2.092E-05
8.483E-06	2.091E-05
8.483E-06	2.090E-05
8.473E-06	2.089E-05
8.473E-06	2.088E-05
8.463E-06	2.085E-05
8.452E-06	2.084E-05
8.452E-06	2.082E-05
8.442E-06	2.080E-05
8.432E-06	2.078E-05
8.432E-06	2.076E-05
8.412E-06	2.073E-05
8.401E-06	2.070E-05
8.391E-06	2.066E-05
8.381E-06	2.065E-05
8.381E-06	2.063E-05
8.371E-06	2.062E-05
8.361E-06	2.060E-05
8.361E-06	2.058E-05
8.350E-06	2.055E-05
8.340E-06	2.054E-05
8.330E-06	2.052E-05
8.320E-06	2.049E-05
8.320E-06	2.047E-05
8.310E-06	2.046E-05
8.310E-06	2.044E-05
8.299E-06	2.043E-05
8.299E-06	2.041E-05
8.289E-06	2.040E-05
8.289E-06	2.038E-05
8.279E-06	2.037E-05
8.269E-06	2.035E-05
8.269E-06	2.033E-05
8.258E-06	2.031E-05
8.248E-06	2.029E-05
8.248E-06	2.027E-05
8.238E-06	2.025E-05
8.228E-06	2.023E-05
8.207E-06	2.019E-05
8.187E-06	2.014E-05
8.177E-06	2.012E-05
8.167E-06	2.008E-05
8.146E-06	2.005E-05
8.126E-06	2.001E-05
8.126E-06	1.998E-05
8.116E-06	1.995E-05
8.105E-06	1.991E-05
8.085E-06	1.987E-05
8.065E-06	1.983E-05
8.054E-06	1.980E-05
8.024E-06	1.973E-05
8.013E-06	1.969E-05
8.003E-06	1.966E-05
7.993E-06	1.965E-05
7.983E-06	1.963E-05
7.973E-06	1.959E-05
7.973E-06	1.959E-05
7.962E-06	1.957E-05
7.962E-06	1.956E-05
7.962E-06	1.956E-05
7.962E-06	1.955E-05
7.952E-06	1.954E-05
7.952E-06	1.953E-05
7.952E-06	1.952E-05
7.942E-06	1.951E-05
7.942E-06	1.950E-05
7.942E-06	1.949E-05
7.932E-06	1.948E-05
7.932E-06	1.946E-05
7.922E-06	1.945E-05
7.911E-06	1.942E-05
7.901E-06	1.940E-05
7.901E-06	1.939E-05
7.891E-06	1.937E-05
7.881E-06	1.934E-05
7.871E-06	1.932E-05
7.860E-06	1.930E-05
7.860E-06	1.929E-05
7.860E-06	1.928E-05
7.850E-06	1.927E-05
7.850E-06	1.927E-05
7.850E-06	1.925E-05
7.840E-06	1.923E-05
7.830E-06	1.920E-05
7.820E-06	1.918E-05
7.809E-06	1.916E-05
7.799E-06	1.914E-05
7.799E-06	1.912E-05
7.779E-06	1.909E-05
7.758E-06	1.903E-05
7.748E-06	1.900E-05
7.748E-06	1.899E-05
7.738E-06	1.898E-05
7.728E-06	1.895E-05
7.717E-06	1.892E-05
7.707E-06	1.889E-05
7.697E-06	1.886E-05
7.666E-06	1.879E-05
7.656E-06	1.876E-05
7.646E-06	1.874E-05
7.636E-06	1.872E-05
7.626E-06	1.870E-05
7.626E-06	1.869E-05
7.626E-06	1.868E-05
7.615E-06	1.868E-05
7.615E-06	1.867E-05
7.615E-06	1.867E-05
7.615E-06	1.866E-05
7.615E-06	1.866E-05
7.615E-06	1.865E-05
7.615E-06	1.864E-05
7.605E-06	1.863E-05
7.605E-06	1.862E-05
7.595E-06	1.861E-05
7.595E-06	1.859E-05
7.585E-06	1.858E-05
7.585E-06	1.858E-05
7.585E-06	1.857E-05
7.585E-06	1.856E-05
7.575E-06	1.855E-05
7.575E-06	1.854E-05
7.564E-06	1.852E-05
7.554E-06	1.850E-05
7.554E-06	1.848E-05
7.544E-06	1.846E-05
7.534E-06	1.843E-05
7.523E-06	1.842E-05
7.513E-06	1.840E-05
7.503E-06	1.838E-05
7.493E-06	1.835E-05
7.483E-06	1.833E-05
7.472E-06	1.830E-05
7.462E-06	1.828E-05
7.452E-06	1.826E-05
7.452E-06	1.824E-05
7.442E-06	1.822E-05
7.442E-06	1.820E-05
7.421E-06	1.818E-05
7.421E-06	1.816E-05
7.411E-06	1.814E-05
7.411E-06	1.813E-05
7.401E-06	1.811E-05
7.391E-06	1.809E-05
7.391E-06	1.807E-05
7.381E-06	1.805E-05
7.381E-06	1.804E-05
7.370E-06	1.801E-05
7.360E-06	1.800E-05
7.360E-06	1.797E-05
7.350E-06	1.795E-05
7.350E-06	1.795E-05
7.340E-06	1.794E-05
7.340E-06	1.793E-05
7.340E-06	1.792E-05
7.330E-06	1.790E-05
7.319E-06	1.787E-05
7.309E-06	1.786E-05
7.309E-06	1.785E-05
7.309E-06	1.784E-05
7.299E-06	1.783E-05
7.289E-06	1.781E-05
7.289E-06	1.779E-05
7.278E-06	1.778E-05
7.278E-06	1.777E-05
7.268E-06	1.776E-05
7.268E-06	1.775E-05
7.268E-06	1.773E-05
7.258E-06	1.772E-05
7.248E-06	1.770E-05
7.248E-06	1.768E-05
7.238E-06	1.766E-05
7.227E-06	1.765E-05
7.217E-06	1.762E-05
7.217E-06	1.760E-05
7.207E-06	1.760E-05
7.207E-06	1.759E-05
7.197E-06	1.757E-05
7.197E-06	1.756E-05
7.197E-06	1.754E-05
7.187E-06	1.753E-05
7.187E-06	1.752E-05
7.176E-06	1.749E-05
7.166E-06	1.747E-05
7.156E-06	1.745E-05
7.146E-06	1.744E-05
7.146E-06	1.742E-05
7.136E-06	1.740E-05
7.136E-06	1.740E-05
7.125E-06	1.738E-05
7.125E-06	1.737E-05
7.125E-06	1.737E-05
7.125E-06	1.736E-05
7.115E-06	1.734E-05
7.115E-06	1.733E-05
7.105E-06	1.732E-05
7.105E-06	1.731E-05
7.095E-06	1.731E-05
7.095E-06	1.729E-05
7.085E-06	1.727E-05
7.074E-06	1.726E-05
7.074E-06	1.724E-05
7.064E-06	1.721E-05
7.054E-06	1.720E-05
7.044E-06	1.718E-05
7.044E-06	1.716E-05
7.044E-06	1.716E-05
7.033E-06	1.715E-05
7.033E-06	1.714E-05
7.033E-06	1.714E-05
7.023E-06	1.712E-05
7.023E-06	1.712E-05
7.023E-06	1.710E-05
7.013E-06	1.709E-05
7.013E-06	1.708E-05
7.003E-06	1.706E-05
7.003E-06	1.705E-05
7.003E-06	1.704E-05
6.993E-06	1.703E-05
6.993E-06	1.702E-05
6.993E-06	1.701E-05
6.982E-06	1.701E-05
6.982E-06	1.700E-05
6.982E-06	1.699E-05
6.982E-06	1.698E-05
6.972E-06	1.697E-05
6.972E-06	1.696E-05
6.972E-06	1.696E-05
6.962E-06	1.694E-05
6.962E-06	1.693E-05
6.952E-06	1.692E-05
6.952E-06	1.692E-05
6.952E-06	1.692E-05
6.942E-06	1.691E-05
6.942E-06	1.690E-05
6.942E-06	1.689E-05
6.931E-06	1.688E-05
6.931E-06	1.686E-05
6.921E-06	1.685E-05
6.921E-06	1.684E-05
6.911E-06	1.682E-05
6.911E-06	1.682E-05
6.911E-06	1.680E-05
6.901E-06	1.679E-05
6.901E-06	1.678E-05
6.891E-06	1.677E-05
6.891E-06	1.677E-05
6.891E-06	1.676E-05
6.880E-06	1.674E-05
6.880E-06	1.673E-05
6.880E-06	1.673E-05
6.870E-06	1.671E-05
6.860E-06	1.670E-05
6.860E-06	1.669E-05
6.850E-06	1.667E-05
6.850E-06	1.665E-05
6.840E-06	1.664E-05
6.840E-06	1.663E-05
6.829E-06	1.662E-05
6.829E-06	1.660E-05
6.819E-06	1.658E-05
6.819E-06	1.657E-05
6.809E-06	1.656E-05
6.809E-06	1.655E-05
6.799E-06	1.654E-05
6.799E-06	1.646E-05
6.788E-06	1.649E-05
6.778E-06	1.649E-05
6.778E-06	1.647E-05
6.778E-06	1.647E-05
6.768E-06	1.646E-05
6.768E-06	1.645E-05
6.768E-06	1.644E-05
6.768E-06	1.643E-05
6.758E-06	1.642E-05
6.758E-06	1.641E-05
6.748E-06	1.640E-05
6.748E-06	1.640E-05
6.737E-06	1.638E-05
6.737E-06	1.637E-05
6.727E-06	1.635E-05
6.727E-06	1.634E-05
6.717E-06	1.634E-05
6.717E-06	1.633E-05
6.717E-06	1.631E-05
6.707E-06	1.630E-05
6.707E-06	1.629E-05
6.697E-06	1.628E-05
6.697E-06	1.627E-05
6.697E-06	1.627E-05
6.686E-06	1.625E-05
6.686E-06	1.623E-05
6.676E-06	1.623E-05
6.676E-06	1.621E-05
6.666E-06	1.620E-05
6.666E-06	1.619E-05
6.666E-06	1.618E-05
6.656E-06	1.616E-05
6.646E-06	1.615E-05
6.646E-06	1.613E-05
6.635E-06	1.612E-05
6.635E-06	1.610E-05
6.625E-06	1.609E-05
6.625E-06	1.607E-05
6.615E-06	1.605E-05
6.605E-06	1.604E-05
6.605E-06	1.601E-05
6.584E-06	1.599E-05
6.584E-06	1.597E-05
6.574E-06	1.595E-05
6.564E-06	1.593E-05
6.554E-06	1.591E-05
6.543E-06	1.588E-05
6.533E-06	1.586E-05
6.523E-06	1.584E-05
6.513E-06	1.581E-05
6.503E-06	1.579E-05
6.492E-06	1.577E-05
6.492E-06	1.574E-05
6.482E-06	1.572E-05
6.472E-06	1.570E-05
6.472E-06	1.569E-05
6.462E-06	1.566E-05
6.452E-06	1.565E-05
6.452E-06	1.563E-05
6.441E-06	1.560E-05
6.431E-06	1.558E-05
6.421E-06	1.556E-05
6.421E-06	1.555E-05
6.421E-06	1.555E-05
6.411E-06	1.554E-05
6.411E-06	1.553E-05
6.411E-06	1.552E-05
6.401E-06	1.550E-05
6.390E-06	1.547E-05
6.380E-06	1.545E-05
6.380E-06	1.544E-05
6.370E-06	1.544E-05
6.370E-06	1.542E-05
6.370E-06	1.541E-05
6.360E-06	1.540E-05
6.360E-06	1.539E-05
6.350E-06	1.538E-05
6.350E-06	1.536E-05
6.339E-06	1.534E-05
6.339E-06	1.533E-05
6.329E-06	1.532E-05
6.329E-06	1.531E-05
6.319E-06	1.529E-05
6.319E-06	1.528E-05
6.309E-06	1.527E-05
6.309E-06	1.526E-05
6.298E-06	1.524E-05
6.298E-06	1.524E-05
6.298E-06	1.523E-05
6.288E-06	1.522E-05
6.288E-06	1.521E-05
6.288E-06	1.520E-05
6.278E-06	1.519E-05
6.278E-06	1.518E-05
6.278E-06	1.517E-05
6.268E-06	1.515E-05
6.268E-06	1.514E-05
6.258E-06	1.512E-05
6.258E-06	1.511E-05
6.258E-06	1.510E-05
6.247E-06	1.510E-05
6.247E-06	1.509E-05
6.247E-06	1.509E-05
6.247E-06	1.508E-05
6.247E-06	1.508E-05
6.247E-06	1.507E-05
6.237E-06	1.507E-05
6.237E-06	1.507E-05
6.237E-06	1.506E-05
6.237E-06	1.506E-05
6.227E-06	1.504E-05
6.227E-06	1.503E-05
6.217E-06	1.501E-05
6.217E-06	1.500E-05
6.207E-06	1.500E-05
6.207E-06	1.499E-05
6.207E-06	1.499E-05
6.207E-06	1.498E-05
6.207E-06	1.498E-05
6.196E-06	1.497E-05
6.196E-06	1.496E-05
6.196E-06	1.496E-05
6.186E-06	1.495E-05
6.186E-06	1.494E-05
6.186E-06	1.493E-05
6.186E-06	1.492E-05
6.176E-06	1.491E-05
6.176E-06	1.490E-05
6.176E-06	1.489E-05
6.176E-06	1.489E-05
6.166E-06	1.488E-05
6.166E-06	1.487E-05
6.156E-06	1.486E-05
6.156E-06	1.486E-05
6.156E-06	1.485E-05
6.156E-06	1.485E-05
6.156E-06	1.484E-05
6.145E-06	1.484E-05
6.145E-06	1.482E-05
6.145E-06	1.481E-05
6.145E-06	1.481E-05
6.135E-06	1.480E-05
6.135E-06	1.480E-05
6.135E-06	1.479E-05
6.125E-06	1.478E-05
6.125E-06	1.477E-05
6.125E-06	1.477E-05
6.115E-06	1.475E-05
6.115E-06	1.473E-05
6.105E-06	1.472E-05
6.105E-06	1.471E-05
6.094E-06	1.470E-05
6.094E-06	1.469E-05
6.094E-06	1.469E-05
6.094E-06	1.468E-05
6.084E-06	1.467E-05
6.084E-06	1.466E-05
6.084E-06	1.465E-05
6.084E-06	1.464E-05
6.074E-06	1.463E-05
6.074E-06	1.462E-05
6.064E-06	1.460E-05
6.064E-06	1.459E-05
6.053E-06	1.458E-05
6.043E-06	1.456E-05
6.043E-06	1.455E-05
6.023E-06	1.451E-05
6.023E-06	1.450E-05
6.023E-06	1.449E-05
6.013E-06	1.448E-05
6.013E-06	1.446E-05
6.013E-06	1.446E-05
6.002E-06	1.446E-05
6.002E-06	1.445E-05
6.002E-06	1.444E-05
5.992E-06	1.443E-05
5.992E-06	1.441E-05
5.982E-06	1.440E-05
5.982E-06	1.438E-05
5.972E-06	1.438E-05
5.972E-06	1.436E-05
5.962E-06	1.435E-05
5.962E-06	1.434E-05
5.962E-06	1.433E-05
5.962E-06	1.433E-05
5.951E-06	1.431E-05
5.951E-06	1.431E-05
5.941E-06	1.430E-05
5.941E-06	1.428E-05
5.931E-06	1.427E-05
5.931E-06	1.425E-05
5.921E-06	1.423E-05
5.911E-06	1.421E-05
5.911E-06	1.420E-05
5.900E-06	1.417E-05
5.890E-06	1.415E-05
5.890E-06	1.414E-05
5.880E-06	1.412E-05
5.870E-06	1.409E-05
5.860E-06	1.408E-05
5.849E-06	1.405E-05
5.839E-06	1.402E-05
5.829E-06	1.401E-05
5.829E-06	1.400E-05
5.819E-06	1.399E-05
5.819E-06	1.398E-05
5.819E-06	1.396E-05
5.808E-06	1.394E-05
5.808E-06	1.394E-05
5.798E-06	1.393E-05
5.798E-06	1.392E-05
5.798E-06	1.391E-05
5.788E-06	1.390E-05
5.788E-06	1.389E-05
5.778E-06	1.388E-05
5.778E-06	1.386E-05
5.778E-06	1.385E-05
5.768E-06	1.384E-05
5.768E-06	1.383E-05
5.757E-06	1.382E-05
5.757E-06	1.381E-05
5.757E-06	1.380E-05
5.747E-06	1.379E-05
5.747E-06	1.378E-05
5.747E-06	1.377E-05
5.737E-06	1.376E-05
5.737E-06	1.374E-05
5.727E-06	1.374E-05
5.727E-06	1.372E-05
5.727E-06	1.372E-05
5.717E-06	1.370E-05
5.706E-06	1.368E-05
5.706E-06	1.366E-05
5.696E-06	1.366E-05
5.696E-06	1.365E-05
5.696E-06	1.363E-05
5.686E-06	1.362E-05
5.676E-06	1.360E-05
5.676E-06	1.358E-05
5.666E-06	1.356E-05
5.655E-06	1.355E-05
5.655E-06	1.354E-05
5.645E-06	1.352E-05
5.645E-06	1.351E-05
5.635E-06	1.350E-05
5.635E-06	1.349E-05
5.625E-06	1.348E-05
5.625E-06	1.346E-05
5.625E-06	1.345E-05
5.615E-06	1.344E-05
5.615E-06	1.343E-05
5.604E-06	1.342E-05
5.604E-06	1.341E-05
5.594E-06	1.339E-05
5.594E-06	1.339E-05
5.584E-06	1.337E-05
5.584E-06	1.336E-05
5.574E-06	1.335E-05
5.563E-06	1.332E-05
5.563E-06	1.330E-05
5.543E-06	1.327E-05
5.533E-06	1.324E-05
5.523E-06	1.321E-05
5.512E-06	1.319E-05
5.512E-06	1.317E-05
5.502E-06	1.315E-05
5.492E-06	1.314E-05
5.492E-06	1.312E-05
5.492E-06	1.312E-05
5.492E-06	1.311E-05
5.482E-06	1.309E-05
5.482E-06	1.308E-05
5.472E-06	1.307E-05
5.451E-06	1.304E-05
5.441E-06	1.300E-05
5.431E-06	1.298E-05
5.421E-06	1.295E-05
5.410E-06	1.293E-05
5.400E-06	1.290E-05
5.400E-06	1.289E-05
5.390E-06	1.288E-05
5.380E-06	1.285E-05
5.380E-06	1.284E-05
5.370E-06	1.283E-05
5.370E-06	1.282E-05
5.370E-06	1.280E-05
5.359E-06	1.279E-05
5.349E-06	1.277E-05
5.349E-06	1.275E-05
5.339E-06	1.272E-05
5.329E-06	1.270E-05
5.318E-06	1.268E-05
5.308E-06	1.266E-05
5.298E-06	1.263E-05
5.298E-06	1.261E-05
5.288E-06	1.259E-05
5.278E-06	1.258E-05
5.267E-06	1.255E-05
5.257E-06	1.253E-05
5.247E-06	1.251E-05
5.247E-06	1.249E-05
5.237E-06	1.247E-05
5.237E-06	1.247E-05
5.227E-06	1.245E-05
5.227E-06	1.244E-05
5.227E-06	1.244E-05
5.227E-06	1.243E-05
5.227E-06	1.243E-05
5.216E-06	1.242E-05
5.216E-06	1.241E-05
5.216E-06	1.240E-05
5.206E-06	1.239E-05
5.206E-06	1.238E-05
5.196E-06	1.237E-05
5.196E-06	1.235E-05
5.186E-06	1.233E-05
5.176E-06	1.232E-05
5.176E-06	1.230E-05
5.165E-06	1.227E-05
5.155E-06	1.226E-05
5.155E-06	1.224E-05
5.145E-06	1.222E-05
5.135E-06	1.219E-05
5.125E-06	1.218E-05
5.125E-06	1.216E-05
5.114E-06	1.214E-05
5.104E-06	1.212E-05
5.104E-06	1.211E-05
5.094E-06	1.209E-05
5.094E-06	1.209E-05
5.084E-06	1.207E-05
5.084E-06	1.205E-05
5.073E-06	1.203E-05
5.063E-06	1.202E-05
5.053E-06	1.200E-05
5.043E-06	1.199E-05
5.043E-06	1.197E-05
5.033E-06	1.195E-05
5.022E-06	1.194E-05
5.022E-06	1.192E-05
5.012E-06	1.190E-05
5.002E-06	1.188E-05
5.002E-06	1.187E-05
5.002E-06	1.185E-05
4.992E-06	1.185E-05
4.992E-06	1.182E-05
4.982E-06	1.182E-05
4.982E-06	1.180E-05
4.982E-06	1.180E-05
4.971E-06	1.178E-05
4.971E-06	1.177E-05
4.961E-06	1.174E-05
4.951E-06	1.172E-05
4.941E-06	1.170E-05
4.941E-06	1.168E-05
4.931E-06	1.167E-05
4.920E-06	1.165E-05
4.910E-06	1.163E-05
4.910E-06	1.161E-05
4.900E-06	1.159E-05
4.890E-06	1.158E-05
4.880E-06	1.156E-05
4.880E-06	1.154E-05
4.869E-06	1.152E-05
4.869E-06	1.151E-05
4.859E-06	1.150E-05
4.849E-06	1.148E-05
4.849E-06	1.147E-05
4.849E-06	1.143E-05
4.839E-06	1.145E-05
4.839E-06	1.144E-05
4.839E-06	1.143E-05
4.828E-06	1.142E-05
4.818E-06	1.140E-05
4.818E-06	1.139E-05
4.808E-06	1.138E-05
4.808E-06	1.136E-05
4.798E-06	1.135E-05
4.798E-06	1.133E-05
4.798E-06	1.132E-05
4.788E-06	1.131E-05
4.788E-06	1.130E-05
4.788E-06	1.129E-05
4.788E-06	1.128E-05
4.777E-06	1.126E-05
4.767E-06	1.124E-05
4.767E-06	1.123E-05
4.757E-06	1.121E-05
4.757E-06	1.120E-05
4.747E-06	1.118E-05
4.747E-06	1.117E-05
4.737E-06	1.116E-05
4.726E-06	1.114E-05
4.726E-06	1.113E-05
4.716E-06	1.112E-05
4.716E-06	1.110E-05
4.706E-06	1.109E-05
4.706E-06	1.108E-05
4.696E-06	1.107E-05
4.696E-06	1.105E-05
4.686E-06	1.104E-05
4.675E-06	1.102E-05
4.665E-06	1.100E-05
4.655E-06	1.098E-05
4.645E-06	1.095E-05
4.645E-06	1.093E-05
4.635E-06	1.092E-05
4.635E-06	1.091E-05
4.624E-06	1.090E-05
4.624E-06	1.088E-05
4.614E-06	1.087E-05
4.614E-06	1.085E-05
4.614E-06	1.084E-05
4.614E-06	1.083E-05
4.604E-06	1.082E-05
4.604E-06	1.082E-05
4.604E-06	1.081E-05
4.594E-06	1.078E-05
4.594E-06	1.077E-05
4.584E-06	1.076E-05
4.584E-06	1.074E-05
4.573E-06	1.074E-05
4.573E-06	1.072E-05
4.563E-06	1.071E-05
4.553E-06	1.069E-05
4.543E-06	1.065E-05
4.532E-06	1.064E-05
4.522E-06	1.061E-05
4.512E-06	1.058E-05
4.502E-06	1.056E-05
4.481E-06	1.053E-05
4.481E-06	1.051E-05
4.471E-06	1.048E-05
4.461E-06	1.047E-05
4.451E-06	1.044E-05
4.441E-06	1.043E-05
4.441E-06	1.041E-05
4.430E-06	1.040E-05
4.430E-06	1.038E-05
4.420E-06	1.037E-05
4.420E-06	1.035E-05
4.410E-06	1.033E-05
4.410E-06	1.031E-05
4.400E-06	1.029E-05
4.390E-06	1.027E-05
4.390E-06	1.025E-05
4.379E-06	1.024E-05
4.369E-06	1.023E-05
4.369E-06	1.021E-05
4.359E-06	1.019E-05
4.349E-06	1.016E-05
4.339E-06	1.015E-05
4.328E-06	1.013E-05
4.328E-06	1.011E-05
4.318E-06	1.009E-05
4.308E-06	1.008E-05
4.308E-06	1.006E-05
4.298E-06	1.004E-05
4.287E-06	1.002E-05
4.277E-06	9.997E-06
4.267E-06	9.977E-06
4.267E-06	9.953E-06
4.257E-06	9.942E-06
4.257E-06	9.929E-06
4.257E-06	9.918E-06
4.247E-06	9.901E-06
4.247E-06	9.888E-06
4.236E-06	9.873E-06
4.226E-06	9.851E-06
4.226E-06	9.825E-06
4.216E-06	9.802E-06
4.196E-06	9.766E-06
4.196E-06	9.755E-06
4.185E-06	9.737E-06
4.185E-06	9.725E-06
4.175E-06	9.705E-06
4.165E-06	9.682E-06
4.155E-06	9.660E-06
4.145E-06	9.639E-06
4.134E-06	9.620E-06
4.124E-06	9.601E-06
4.114E-06	9.566E-06
4.104E-06	9.540E-06
4.094E-06	9.525E-06
4.094E-06	9.514E-06
4.083E-06	9.495E-06
4.083E-06	9.471E-06
4.073E-06	9.455E-06
4.073E-06	9.436E-06
4.063E-06	9.417E-06
4.053E-06	9.402E-06
4.053E-06	9.382E-06
4.042E-06	9.356E-06
4.032E-06	9.330E-06
4.022E-06	9.307E-06
4.022E-06	9.297E-06
4.012E-06	9.287E-06
4.002E-06	9.267E-06
4.002E-06	9.250E-06
3.991E-06	9.235E-06
3.981E-06	9.216E-06
3.971E-06	9.183E-06
3.961E-06	9.162E-06
3.951E-06	9.146E-06
3.940E-06	9.117E-06
3.930E-06	9.095E-06
3.920E-06	9.071E-06
3.910E-06	9.027E-06
3.900E-06	9.010E-06
3.889E-06	8.993E-06
3.889E-06	8.968E-06
3.879E-06	8.943E-06
3.869E-06	8.926E-06
3.869E-06	8.910E-06
3.859E-06	8.881E-06
3.859E-06	8.868E-06
3.849E-06	8.856E-06
3.849E-06	8.840E-06
3.838E-06	8.825E-06
3.838E-06	8.814E-06
3.828E-06	8.794E-06
3.828E-06	8.784E-06
3.818E-06	8.780E-06
3.818E-06	8.768E-06
3.808E-06	8.751E-06
3.797E-06	8.725E-06
3.787E-06	8.697E-06
3.777E-06	8.671E-06
3.757E-06	8.626E-06
3.746E-06	8.593E-06
3.726E-06	8.562E-06
3.716E-06	8.532E-06
3.716E-06	8.521E-06
3.716E-06	8.512E-06
3.706E-06	8.500E-06
3.706E-06	8.478E-06
3.695E-06	8.463E-06
3.695E-06	8.454E-06
3.685E-06	8.442E-06
3.685E-06	8.423E-06
3.675E-06	8.394E-06
3.675E-06	8.373E-06
3.665E-06	8.362E-06
3.665E-06	8.348E-06
3.655E-06	8.325E-06
3.644E-06	8.301E-06
3.634E-06	8.292E-06
3.634E-06	8.282E-06
3.624E-06	8.260E-06
3.614E-06	8.223E-06
3.593E-06	8.197E-06
3.583E-06	8.153E-06
3.563E-06	8.115E-06
3.552E-06	8.079E-06
3.532E-06	8.025E-06
3.522E-06	8.009E-06
3.512E-06	7.985E-06
3.512E-06	7.961E-06
3.501E-06	7.940E-06
3.501E-06	7.928E-06
3.491E-06	7.905E-06
3.481E-06	7.865E-06
3.471E-06	7.840E-06
3.461E-06	7.821E-06
3.450E-06	7.801E-06
3.450E-06	7.788E-06
3.430E-06	7.754E-06
3.420E-06	7.727E-06
3.399E-06	7.686E-06
3.389E-06	7.662E-06
3.389E-06	7.639E-06
3.379E-06	7.614E-06
3.369E-06	7.592E-06
3.359E-06	7.567E-06
3.348E-06	7.549E-06
3.348E-06	7.532E-06
3.338E-06	7.516E-06
3.338E-06	7.496E-06
3.328E-06	7.479E-06
3.318E-06	7.457E-06
3.318E-06	7.443E-06
3.307E-06	7.423E-06
3.307E-06	7.401E-06
3.297E-06	7.376E-06
3.277E-06	7.349E-06
3.277E-06	7.330E-06
3.267E-06	7.317E-06
3.256E-06	7.287E-06
3.246E-06	7.262E-06
3.236E-06	7.235E-06
3.216E-06	7.193E-06
3.195E-06	7.149E-06
3.185E-06	7.120E-06
3.165E-06	7.080E-06
3.165E-06	7.061E-06
3.154E-06	7.035E-06
3.144E-06	7.016E-06
3.134E-06	6.987E-06
3.134E-06	6.964E-06
3.124E-06	6.948E-06
3.114E-06	6.918E-06
3.114E-06	6.895E-06
3.103E-06	6.878E-06
3.093E-06	6.862E-06
3.093E-06	6.853E-06
3.083E-06	6.831E-06
3.062E-06	6.795E-06
3.052E-06	6.771E-06
3.042E-06	6.754E-06
3.042E-06	6.736E-06
3.032E-06	6.713E-06
3.032E-06	6.699E-06
3.022E-06	6.684E-06
3.022E-06	6.669E-06
3.001E-06	6.635E-06
2.981E-06	6.582E-06
2.971E-06	6.556E-06
2.960E-06	6.527E-06
2.960E-06	6.507E-06
2.950E-06	6.496E-06
2.950E-06	6.490E-06
2.950E-06	6.483E-06
2.940E-06	6.462E-06
2.940E-06	6.445E-06
2.930E-06	6.426E-06
2.920E-06	6.409E-06
2.920E-06	6.399E-06
2.920E-06	6.386E-06
2.909E-06	6.369E-06
2.899E-06	6.353E-06
2.899E-06	6.343E-06
2.889E-06	6.329E-06
2.889E-06	6.313E-06
2.879E-06	6.292E-06
2.869E-06	6.266E-06
2.858E-06	6.241E-06
2.848E-06	6.219E-06
2.838E-06	6.203E-06
2.828E-06	6.177E-06
2.817E-06	6.155E-06
2.817E-06	6.145E-06
2.817E-06	6.133E-06
2.807E-06	6.123E-06
2.807E-06	6.110E-06
2.797E-06	6.085E-06
2.787E-06	6.056E-06
2.777E-06	6.034E-06
2.777E-06	6.027E-06
2.766E-06	6.015E-06
2.766E-06	6.002E-06
2.756E-06	5.989E-06
2.746E-06	5.979E-06
2.736E-06	5.968E-06
2.726E-06	5.960E-06
2.715E-06	5.952E-06
2.715E-06	5.944E-06
2.715E-06	5.939E-06
2.715E-06	5.934E-06
2.715E-06	5.929E-06
2.715E-06	5.924E-06
2.715E-06	5.917E-06
2.715E-06	5.915E-06
2.715E-06	5.913E-06
