2.715E-06	5.912E-06
2.715E-06	5.916E-06
2.715E-06	5.923E-06
2.715E-06	5.929E-06
2.726E-06	5.937E-06
2.746E-06	5.949E-06
2.756E-06	5.964E-06
2.777E-06	5.984E-06
2.797E-06	6.004E-06
2.807E-06	6.024E-06
2.817E-06	6.063E-06
2.828E-06	6.084E-06
2.838E-06	6.127E-06
2.848E-06	6.152E-06
2.858E-06	6.168E-06
2.869E-06	6.186E-06
2.879E-06	6.225E-06
2.899E-06	6.259E-06
2.899E-06	6.287E-06
2.920E-06	6.316E-06
2.930E-06	6.358E-06
2.950E-06	6.392E-06
2.960E-06	6.433E-06
2.981E-06	6.474E-06
2.991E-06	6.498E-06
2.991E-06	6.521E-06
3.001E-06	6.551E-06
3.011E-06	6.578E-06
3.022E-06	6.595E-06
3.032E-06	6.617E-06
3.042E-06	6.647E-06
3.042E-06	6.660E-06
3.052E-06	6.680E-06
3.062E-06	6.705E-06
3.062E-06	6.720E-06
3.073E-06	6.739E-06
3.073E-06	6.748E-06
3.083E-06	6.757E-06
3.083E-06	6.767E-06
3.083E-06	6.774E-06
3.093E-06	6.781E-06
3.093E-06	6.787E-06
3.093E-06	6.798E-06
3.103E-06	6.811E-06
3.103E-06	6.825E-06
3.114E-06	6.839E-06
3.114E-06	6.854E-06
3.124E-06	6.876E-06
3.134E-06	6.888E-06
3.134E-06	6.899E-06
3.144E-06	6.912E-06
3.144E-06	6.931E-06
3.154E-06	6.944E-06
3.154E-06	6.959E-06
3.165E-06	6.974E-06
3.165E-06	6.993E-06
3.175E-06	7.006E-06
3.175E-06	7.020E-06
3.185E-06	7.043E-06
3.195E-06	7.067E-06
3.205E-06	7.082E-06
3.216E-06	7.108E-06
3.226E-06	7.127E-06
3.226E-06	7.145E-06
3.236E-06	7.156E-06
3.236E-06	7.177E-06
3.246E-06	7.194E-06
3.256E-06	7.206E-06
3.256E-06	7.221E-06
3.267E-06	7.238E-06
3.277E-06	7.257E-06
3.277E-06	7.274E-06
3.287E-06	7.292E-06
3.297E-06	7.307E-06
3.297E-06	7.319E-06
3.307E-06	7.335E-06
3.307E-06	7.353E-06
3.318E-06	7.371E-06
3.328E-06	7.389E-06
3.338E-06	7.409E-06
3.338E-06	7.432E-06
3.348E-06	7.455E-06
3.359E-06	7.471E-06
3.359E-06	7.495E-06
3.369E-06	7.521E-06
3.389E-06	7.552E-06
3.399E-06	7.580E-06
3.410E-06	7.604E-06
3.410E-06	7.616E-06
3.420E-06	7.649E-06
3.430E-06	7.675E-06
3.440E-06	7.698E-06
3.450E-06	7.727E-06
3.461E-06	7.751E-06
3.471E-06	7.770E-06
3.481E-06	7.799E-06
3.501E-06	7.834E-06
3.512E-06	7.864E-06
3.512E-06	7.887E-06
3.522E-06	7.896E-06
3.522E-06	7.905E-06
3.532E-06	7.925E-06
3.542E-06	7.962E-06
3.552E-06	7.992E-06
3.563E-06	8.026E-06
3.573E-06	8.041E-06
3.583E-06	8.084E-06
3.593E-06	8.109E-06
3.604E-06	8.132E-06
3.614E-06	8.143E-06
3.614E-06	8.163E-06
3.624E-06	8.177E-06
3.624E-06	8.187E-06
3.634E-06	8.201E-06
3.634E-06	8.217E-06
3.644E-06	8.243E-06
3.655E-06	8.255E-06
3.655E-06	8.276E-06
3.675E-06	8.299E-06
3.685E-06	8.327E-06
3.695E-06	8.361E-06
3.695E-06	8.377E-06
3.706E-06	8.393E-06
3.716E-06	8.431E-06
3.716E-06	8.452E-06
3.726E-06	8.471E-06
3.736E-06	8.487E-06
3.736E-06	8.505E-06
3.746E-06	8.524E-06
3.746E-06	8.532E-06
3.757E-06	8.556E-06
3.767E-06	8.578E-06
3.767E-06	8.588E-06
3.777E-06	8.600E-06
3.777E-06	8.613E-06
3.787E-06	8.636E-06
3.797E-06	8.650E-06
3.797E-06	8.665E-06
3.808E-06	8.682E-06
3.818E-06	8.701E-06
3.818E-06	8.717E-06
3.828E-06	8.735E-06
3.838E-06	8.758E-06
3.849E-06	8.773E-06
3.859E-06	8.791E-06
3.859E-06	8.814E-06
3.869E-06	8.832E-06
3.869E-06	8.847E-06
3.879E-06	8.857E-06
3.879E-06	8.863E-06
3.879E-06	8.870E-06
3.879E-06	8.879E-06
3.889E-06	8.886E-06
3.889E-06	8.896E-06
3.889E-06	8.904E-06
3.889E-06	8.917E-06
3.900E-06	8.932E-06
3.900E-06	8.940E-06
3.910E-06	8.951E-06
3.910E-06	8.965E-06
3.920E-06	8.979E-06
3.920E-06	9.000E-06
3.930E-06	9.016E-06
3.940E-06	9.032E-06
3.940E-06	9.047E-06
3.951E-06	9.057E-06
3.951E-06	9.067E-06
3.951E-06	9.075E-06
3.961E-06	9.082E-06
3.961E-06	9.085E-06
3.961E-06	9.092E-06
3.961E-06	9.105E-06
3.971E-06	9.123E-06
3.971E-06	9.130E-06
3.981E-06	9.139E-06
3.981E-06	9.153E-06
3.991E-06	9.169E-06
4.002E-06	9.186E-06
4.002E-06	9.206E-06
4.012E-06	9.218E-06
4.012E-06	9.226E-06
4.022E-06	9.234E-06
4.022E-06	9.254E-06
4.032E-06	9.269E-06
4.032E-06	9.280E-06
4.042E-06	9.288E-06
4.042E-06	9.294E-06
4.042E-06	9.301E-06
4.042E-06	9.305E-06
4.053E-06	9.318E-06
4.053E-06	9.332E-06
4.063E-06	9.347E-06
4.063E-06	9.362E-06
4.073E-06	9.372E-06
4.073E-06	9.384E-06
4.083E-06	9.399E-06
4.083E-06	9.407E-06
4.083E-06	9.416E-06
4.094E-06	9.431E-06
4.094E-06	9.444E-06
4.104E-06	9.465E-06
4.114E-06	9.491E-06
4.124E-06	9.513E-06
4.134E-06	9.531E-06
4.134E-06	9.544E-06
4.145E-06	9.557E-06
4.155E-06	9.576E-06
4.155E-06	9.597E-06
4.165E-06	9.611E-06
4.175E-06	9.628E-06
4.185E-06	9.657E-06
4.185E-06	9.673E-06
4.196E-06	9.693E-06
4.206E-06	9.714E-06
4.216E-06	9.735E-06
4.226E-06	9.756E-06
4.226E-06	9.767E-06
4.226E-06	9.781E-06
4.236E-06	9.799E-06
4.247E-06	9.821E-06
4.257E-06	9.845E-06
4.257E-06	9.863E-06
4.267E-06	9.881E-06
4.277E-06	9.904E-06
4.287E-06	9.921E-06
4.298E-06	9.945E-06
4.298E-06	9.967E-06
4.308E-06	9.990E-06
4.318E-06	1.001E-05
4.328E-06	1.003E-05
4.328E-06	1.005E-05
4.339E-06	1.007E-05
4.349E-06	1.008E-05
4.349E-06	1.009E-05
4.359E-06	1.011E-05
4.359E-06	1.011E-05
4.359E-06	1.013E-05
4.369E-06	1.014E-05
4.369E-06	1.015E-05
4.379E-06	1.016E-05
4.379E-06	1.018E-05
4.390E-06	1.019E-05
4.400E-06	1.020E-05
4.400E-06	1.023E-05
4.410E-06	1.025E-05
4.420E-06	1.026E-05
4.430E-06	1.029E-05
4.430E-06	1.031E-05
4.441E-06	1.032E-05
4.441E-06	1.034E-05
4.451E-06	1.036E-05
4.461E-06	1.038E-05
4.471E-06	1.040E-05
4.481E-06	1.043E-05
4.481E-06	1.044E-05
4.502E-06	1.048E-05
4.512E-06	1.050E-05
4.522E-06	1.052E-05
4.532E-06	1.055E-05
4.532E-06	1.057E-05
4.543E-06	1.058E-05
4.563E-06	1.063E-05
4.573E-06	1.065E-05
4.584E-06	1.069E-05
4.594E-06	1.071E-05
4.604E-06	1.073E-05
4.604E-06	1.075E-05
4.614E-06	1.077E-05
4.624E-06	1.081E-05
4.635E-06	1.083E-05
4.655E-06	1.086E-05
4.665E-06	1.089E-05
4.675E-06	1.092E-05
4.686E-06	1.095E-05
4.696E-06	1.099E-05
4.706E-06	1.100E-05
4.716E-06	1.103E-05
4.716E-06	1.104E-05
4.726E-06	1.105E-05
4.726E-06	1.105E-05
4.726E-06	1.107E-05
4.737E-06	1.109E-05
4.747E-06	1.112E-05
4.747E-06	1.113E-05
4.757E-06	1.114E-05
4.757E-06	1.115E-05
4.767E-06	1.118E-05
4.788E-06	1.121E-05
4.798E-06	1.124E-05
4.808E-06	1.127E-05
4.818E-06	1.130E-05
4.828E-06	1.133E-05
4.839E-06	1.135E-05
4.839E-06	1.137E-05
4.849E-06	1.139E-05
4.849E-06	1.139E-05
4.859E-06	1.140E-05
4.869E-06	1.143E-05
4.869E-06	1.145E-05
4.869E-06	1.146E-05
4.880E-06	1.147E-05
4.890E-06	1.150E-05
4.900E-06	1.151E-05
4.900E-06	1.152E-05
4.910E-06	1.154E-05
4.920E-06	1.156E-05
4.920E-06	1.158E-05
4.931E-06	1.160E-05
4.941E-06	1.162E-05
4.941E-06	1.163E-05
4.951E-06	1.165E-05
4.951E-06	1.167E-05
4.971E-06	1.170E-05
4.982E-06	1.173E-05
5.002E-06	1.176E-05
5.002E-06	1.179E-05
5.012E-06	1.180E-05
5.012E-06	1.181E-05
5.022E-06	1.183E-05
5.033E-06	1.186E-05
5.043E-06	1.187E-05
5.043E-06	1.190E-05
5.053E-06	1.192E-05
5.063E-06	1.194E-05
5.073E-06	1.197E-05
5.084E-06	1.199E-05
5.084E-06	1.200E-05
5.094E-06	1.202E-05
5.104E-06	1.203E-05
5.104E-06	1.205E-05
5.114E-06	1.207E-05
5.125E-06	1.209E-05
5.125E-06	1.211E-05
5.145E-06	1.213E-05
5.155E-06	1.218E-05
5.186E-06	1.223E-05
5.196E-06	1.227E-05
5.206E-06	1.230E-05
5.216E-06	1.233E-05
5.237E-06	1.237E-05
5.247E-06	1.239E-05
5.247E-06	1.241E-05
5.257E-06	1.244E-05
5.267E-06	1.246E-05
5.278E-06	1.247E-05
5.278E-06	1.249E-05
5.288E-06	1.251E-05
5.298E-06	1.253E-05
5.298E-06	1.255E-05
5.308E-06	1.257E-05
5.318E-06	1.259E-05
5.329E-06	1.262E-05
5.349E-06	1.266E-05
5.359E-06	1.269E-05
5.370E-06	1.272E-05
5.380E-06	1.275E-05
5.390E-06	1.277E-05
5.400E-06	1.280E-05
5.410E-06	1.283E-05
5.421E-06	1.285E-05
5.421E-06	1.287E-05
5.431E-06	1.289E-05
5.441E-06	1.292E-05
5.451E-06	1.294E-05
5.461E-06	1.295E-05
5.461E-06	1.297E-05
5.472E-06	1.300E-05
5.492E-06	1.304E-05
5.502E-06	1.306E-05
5.502E-06	1.307E-05
5.502E-06	1.308E-05
5.512E-06	1.310E-05
5.523E-06	1.314E-05
5.543E-06	1.318E-05
5.553E-06	1.320E-05
5.563E-06	1.323E-05
5.574E-06	1.326E-05
5.584E-06	1.329E-05
5.604E-06	1.333E-05
5.615E-06	1.336E-05
5.625E-06	1.338E-05
5.625E-06	1.340E-05
5.635E-06	1.342E-05
5.645E-06	1.343E-05
5.645E-06	1.344E-05
5.655E-06	1.346E-05
5.655E-06	1.347E-05
5.666E-06	1.349E-05
5.666E-06	1.350E-05
5.676E-06	1.351E-05
5.676E-06	1.353E-05
5.676E-06	1.354E-05
5.686E-06	1.356E-05
5.696E-06	1.358E-05
5.706E-06	1.360E-05
5.706E-06	1.362E-05
5.717E-06	1.364E-05
5.727E-06	1.366E-05
5.737E-06	1.369E-05
5.747E-06	1.371E-05
5.747E-06	1.373E-05
5.757E-06	1.374E-05
5.757E-06	1.376E-05
5.768E-06	1.378E-05
5.778E-06	1.379E-05
5.788E-06	1.382E-05
5.788E-06	1.383E-05
5.808E-06	1.386E-05
5.808E-06	1.388E-05
5.819E-06	1.390E-05
5.829E-06	1.392E-05
5.829E-06	1.394E-05
5.839E-06	1.396E-05
5.849E-06	1.398E-05
5.860E-06	1.400E-05
5.860E-06	1.401E-05
5.870E-06	1.404E-05
5.890E-06	1.408E-05
5.900E-06	1.411E-05
5.911E-06	1.413E-05
5.921E-06	1.416E-05
5.931E-06	1.418E-05
5.931E-06	1.419E-05
5.941E-06	1.421E-05
5.941E-06	1.423E-05
5.951E-06	1.425E-05
5.962E-06	1.427E-05
5.972E-06	1.430E-05
5.972E-06	1.431E-05
5.982E-06	1.432E-05
5.982E-06	1.433E-05
5.992E-06	1.435E-05
6.002E-06	1.437E-05
6.002E-06	1.439E-05
6.013E-06	1.440E-05
6.013E-06	1.442E-05
6.023E-06	1.444E-05
6.023E-06	1.445E-05
6.033E-06	1.446E-05
6.043E-06	1.449E-05
6.053E-06	1.451E-05
6.053E-06	1.453E-05
6.064E-06	1.455E-05
6.064E-06	1.456E-05
6.074E-06	1.458E-05
6.084E-06	1.460E-05
6.094E-06	1.462E-05
6.105E-06	1.465E-05
6.115E-06	1.467E-05
6.115E-06	1.469E-05
6.125E-06	1.471E-05
6.135E-06	1.473E-05
6.145E-06	1.476E-05
6.156E-06	1.478E-05
6.156E-06	1.479E-05
6.166E-06	1.481E-05
6.176E-06	1.484E-05
6.176E-06	1.486E-05
6.186E-06	1.488E-05
6.196E-06	1.489E-05
6.196E-06	1.490E-05
6.207E-06	1.492E-05
6.207E-06	1.493E-05
6.217E-06	1.496E-05
6.217E-06	1.496E-05
6.227E-06	1.498E-05
6.227E-06	1.498E-05
6.227E-06	1.500E-05
6.237E-06	1.502E-05
6.247E-06	1.504E-05
6.258E-06	1.506E-05
6.268E-06	1.509E-05
6.278E-06	1.510E-05
6.288E-06	1.514E-05
6.288E-06	1.515E-05
6.298E-06	1.519E-05
6.309E-06	1.520E-05
6.319E-06	1.523E-05
6.329E-06	1.524E-05
6.339E-06	1.527E-05
6.350E-06	1.530E-05
6.350E-06	1.532E-05
6.360E-06	1.534E-05
6.370E-06	1.536E-05
6.370E-06	1.538E-05
6.380E-06	1.539E-05
6.380E-06	1.540E-05
6.390E-06	1.541E-05
6.401E-06	1.544E-05
6.411E-06	1.546E-05
6.411E-06	1.548E-05
6.431E-06	1.553E-05
6.452E-06	1.558E-05
6.472E-06	1.561E-05
6.482E-06	1.565E-05
6.492E-06	1.568E-05
6.503E-06	1.570E-05
6.513E-06	1.573E-05
6.533E-06	1.578E-05
6.543E-06	1.580E-05
6.554E-06	1.583E-05
6.554E-06	1.585E-05
6.564E-06	1.586E-05
6.564E-06	1.588E-05
6.574E-06	1.589E-05
6.574E-06	1.591E-05
6.584E-06	1.592E-05
6.584E-06	1.594E-05
6.595E-06	1.595E-05
6.595E-06	1.597E-05
6.605E-06	1.599E-05
6.615E-06	1.601E-05
6.625E-06	1.604E-05
6.635E-06	1.607E-05
6.646E-06	1.608E-05
6.656E-06	1.610E-05
6.656E-06	1.611E-05
6.656E-06	1.612E-05
6.656E-06	1.614E-05
6.666E-06	1.615E-05
6.676E-06	1.617E-05
6.686E-06	1.620E-05
6.707E-06	1.624E-05
6.707E-06	1.627E-05
6.717E-06	1.628E-05
6.727E-06	1.629E-05
6.727E-06	1.631E-05
6.748E-06	1.635E-05
6.758E-06	1.638E-05
6.768E-06	1.640E-05
6.768E-06	1.642E-05
6.778E-06	1.643E-05
6.788E-06	1.645E-05
6.788E-06	1.646E-05
6.788E-06	1.648E-05
6.799E-06	1.649E-05
6.799E-06	1.650E-05
6.809E-06	1.652E-05
6.809E-06	1.653E-05
6.819E-06	1.654E-05
6.819E-06	1.655E-05
6.819E-06	1.656E-05
6.829E-06	1.658E-05
6.829E-06	1.659E-05
6.840E-06	1.660E-05
6.840E-06	1.661E-05
6.840E-06	1.661E-05
6.850E-06	1.662E-05
6.850E-06	1.662E-05
6.850E-06	1.663E-05
6.860E-06	1.664E-05
6.860E-06	1.665E-05
6.860E-06	1.666E-05
6.870E-06	1.667E-05
6.870E-06	1.668E-05
6.870E-06	1.669E-05
6.880E-06	1.670E-05
6.880E-06	1.670E-05
6.880E-06	1.672E-05
6.891E-06	1.673E-05
6.891E-06	1.673E-05
6.891E-06	1.674E-05
6.901E-06	1.675E-05
6.901E-06	1.675E-05
6.901E-06	1.676E-05
6.901E-06	1.677E-05
6.911E-06	1.678E-05
6.911E-06	1.678E-05
6.911E-06	1.679E-05
6.911E-06	1.679E-05
6.911E-06	1.680E-05
6.921E-06	1.681E-05
6.921E-06	1.681E-05
6.921E-06	1.682E-05
6.921E-06	1.682E-05
6.921E-06	1.683E-05
6.931E-06	1.683E-05
6.931E-06	1.684E-05
6.931E-06	1.685E-05
6.931E-06	1.686E-05
6.942E-06	1.686E-05
6.942E-06	1.687E-05
6.942E-06	1.688E-05
6.942E-06	1.689E-05
6.952E-06	1.689E-05
6.952E-06	1.690E-05
6.952E-06	1.691E-05
6.952E-06	1.691E-05
6.952E-06	1.691E-05
6.962E-06	1.692E-05
6.962E-06	1.692E-05
6.962E-06	1.692E-05
6.962E-06	1.693E-05
6.962E-06	1.693E-05
6.972E-06	1.694E-05
6.972E-06	1.695E-05
6.972E-06	1.695E-05
6.972E-06	1.696E-05
6.972E-06	1.696E-05
6.982E-06	1.697E-05
6.982E-06	1.697E-05
6.982E-06	1.697E-05
6.982E-06	1.699E-05
6.982E-06	1.699E-05
6.982E-06	1.698E-05
6.993E-06	1.700E-05
6.993E-06	1.701E-05
6.993E-06	1.701E-05
6.993E-06	1.701E-05
6.993E-06	1.702E-05
7.003E-06	1.702E-05
7.003E-06	1.703E-05
7.003E-06	1.703E-05
7.003E-06	1.704E-05
7.003E-06	1.704E-05
7.003E-06	1.705E-05
7.013E-06	1.705E-05
7.013E-06	1.705E-05
7.013E-06	1.706E-05
7.013E-06	1.707E-05
7.013E-06	1.707E-05
7.023E-06	1.708E-05
7.023E-06	1.708E-05
7.023E-06	1.708E-05
7.023E-06	1.708E-05
7.023E-06	1.709E-05
7.023E-06	1.708E-05
7.023E-06	1.709E-05
7.023E-06	1.710E-05
7.033E-06	1.710E-05
7.033E-06	1.711E-05
7.033E-06	1.711E-05
7.033E-06	1.711E-05
7.033E-06	1.711E-05
7.033E-06	1.712E-05
7.033E-06	1.712E-05
7.033E-06	1.713E-05
7.033E-06	1.713E-05
7.044E-06	1.713E-05
7.044E-06	1.713E-05
7.044E-06	1.714E-05
7.044E-06	1.715E-05
7.044E-06	1.715E-05
7.044E-06	1.715E-05
7.044E-06	1.715E-05
7.044E-06	1.715E-05
7.044E-06	1.716E-05
7.044E-06	1.716E-05
7.054E-06	1.716E-05
7.054E-06	1.716E-05
7.054E-06	1.716E-05
7.054E-06	1.716E-05
7.054E-06	1.717E-05
7.064E-06	1.719E-05
7.064E-06	1.719E-05
7.074E-06	1.721E-05
7.085E-06	1.723E-05
7.217E-06	1.753E-05
7.217E-06	1.755E-05
7.217E-06	1.755E-05
7.217E-06	1.755E-05
7.217E-06	1.755E-05
7.207E-06	1.755E-05
7.207E-06	1.755E-05
7.207E-06	1.756E-05
7.207E-06	1.756E-05
7.207E-06	1.757E-05
7.207E-06	1.757E-05
7.207E-06	1.757E-05
7.207E-06	1.757E-05
7.207E-06	1.758E-05
7.217E-06	1.759E-05
7.217E-06	1.760E-05
7.227E-06	1.761E-05
7.227E-06	1.763E-05
7.238E-06	1.764E-05
7.248E-06	1.767E-05
7.268E-06	1.771E-05
7.278E-06	1.775E-05
7.299E-06	1.779E-05
7.309E-06	1.781E-05
7.309E-06	1.783E-05
7.319E-06	1.785E-05
7.319E-06	1.786E-05
7.330E-06	1.788E-05
7.340E-06	1.791E-05
7.350E-06	1.793E-05
7.350E-06	1.795E-05
7.360E-06	1.796E-05
7.370E-06	1.799E-05
7.370E-06	1.801E-05
7.381E-06	1.804E-05
7.391E-06	1.805E-05
7.391E-06	1.806E-05
7.401E-06	1.807E-05
7.401E-06	1.809E-05
7.411E-06	1.811E-05
7.411E-06	1.812E-05
7.421E-06	1.814E-05
7.442E-06	1.818E-05
7.452E-06	1.821E-05
7.462E-06	1.824E-05
7.472E-06	1.825E-05
7.472E-06	1.827E-05
7.483E-06	1.829E-05
7.483E-06	1.830E-05
7.493E-06	1.831E-05
7.493E-06	1.833E-05
7.503E-06	1.835E-05
7.513E-06	1.837E-05
7.513E-06	1.839E-05
7.523E-06	1.841E-05
7.534E-06	1.842E-05
7.544E-06	1.845E-05
7.544E-06	1.847E-05
7.554E-06	1.848E-05
7.564E-06	1.850E-05
7.564E-06	1.852E-05
7.575E-06	1.853E-05
7.575E-06	1.854E-05
7.585E-06	1.855E-05
7.585E-06	1.857E-05
7.585E-06	1.857E-05
7.595E-06	1.858E-05
7.595E-06	1.859E-05
7.595E-06	1.860E-05
7.605E-06	1.862E-05
7.615E-06	1.864E-05
7.626E-06	1.867E-05
7.626E-06	1.868E-05
7.636E-06	1.870E-05
7.646E-06	1.872E-05
7.656E-06	1.874E-05
7.656E-06	1.875E-05
7.666E-06	1.877E-05
7.666E-06	1.878E-05
7.677E-06	1.880E-05
7.687E-06	1.881E-05
7.697E-06	1.884E-05
7.707E-06	1.888E-05
7.717E-06	1.890E-05
7.728E-06	1.892E-05
7.728E-06	1.894E-05
7.738E-06	1.896E-05
7.748E-06	1.898E-05
7.748E-06	1.898E-05
7.748E-06	1.900E-05
7.758E-06	1.901E-05
7.758E-06	1.902E-05
7.768E-06	1.903E-05
7.789E-06	1.908E-05
7.809E-06	1.914E-05
7.809E-06	1.915E-05
7.820E-06	1.917E-05
7.830E-06	1.920E-05
7.840E-06	1.922E-05
7.850E-06	1.924E-05
7.860E-06	1.927E-05
7.871E-06	1.929E-05
7.901E-06	1.936E-05
7.901E-06	1.939E-05
7.911E-06	1.940E-05
7.911E-06	1.941E-05
7.922E-06	1.943E-05
7.922E-06	1.944E-05
7.922E-06	1.945E-05
7.932E-06	1.947E-05
7.932E-06	1.947E-05
7.942E-06	1.949E-05
7.942E-06	1.949E-05
7.942E-06	1.951E-05
7.962E-06	1.954E-05
7.973E-06	1.957E-05
7.983E-06	1.959E-05
7.993E-06	1.963E-05
8.003E-06	1.965E-05
8.024E-06	1.968E-05
8.034E-06	1.972E-05
8.054E-06	1.976E-05
8.054E-06	1.977E-05
8.065E-06	1.980E-05
8.065E-06	1.982E-05
8.075E-06	1.983E-05
8.075E-06	1.984E-05
8.085E-06	1.986E-05
8.095E-06	1.987E-05
8.105E-06	1.990E-05
8.116E-06	1.994E-05
8.126E-06	1.996E-05
8.136E-06	1.998E-05
8.156E-06	2.002E-05
8.167E-06	2.006E-05
8.177E-06	2.009E-05
8.187E-06	2.012E-05
8.197E-06	2.014E-05
8.207E-06	2.016E-05
8.207E-06	2.018E-05
8.218E-06	2.019E-05
8.218E-06	2.021E-05
8.228E-06	2.023E-05
8.238E-06	2.025E-05
8.248E-06	2.027E-05
8.258E-06	2.030E-05
8.269E-06	2.032E-05
8.269E-06	2.033E-05
8.279E-06	2.036E-05
8.289E-06	2.038E-05
8.299E-06	2.040E-05
8.299E-06	2.042E-05
8.310E-06	2.044E-05
8.320E-06	2.046E-05
8.320E-06	2.048E-05
8.330E-06	2.051E-05
8.340E-06	2.053E-05
8.340E-06	2.054E-05
8.350E-06	2.056E-05
8.361E-06	2.057E-05
8.371E-06	2.060E-05
8.381E-06	2.063E-05
8.391E-06	2.065E-05
8.401E-06	2.068E-05
8.412E-06	2.072E-05
8.442E-06	2.076E-05
8.442E-06	2.080E-05
8.452E-06	2.082E-05
8.463E-06	2.085E-05
8.473E-06	2.087E-05
8.493E-06	2.092E-05
8.514E-06	2.097E-05
8.534E-06	2.101E-05
8.544E-06	2.107E-05
8.555E-06	2.109E-05
8.565E-06	2.112E-05
8.595E-06	2.118E-05
8.616E-06	2.122E-05
8.616E-06	2.125E-05
8.636E-06	2.130E-05
8.646E-06	2.132E-05
8.657E-06	2.134E-05
8.657E-06	2.135E-05
8.667E-06	2.138E-05
8.667E-06	2.140E-05
8.677E-06	2.142E-05
8.697E-06	2.147E-05
8.708E-06	2.149E-05
8.718E-06	2.150E-05
