8.463E-06	2.150E-05
8.452E-06	2.148E-05
8.442E-06	2.144E-05
8.432E-06	2.142E-05
8.432E-06	2.140E-05
8.422E-06	2.139E-05
8.412E-06	2.136E-05
8.401E-06	2.134E-05
8.401E-06	2.132E-05
8.391E-06	2.130E-05
8.381E-06	2.127E-05
8.371E-06	2.124E-05
8.350E-06	2.121E-05
8.340E-06	2.118E-05
8.330E-06	2.115E-05
8.320E-06	2.112E-05
8.310E-06	2.108E-05
8.299E-06	2.106E-05
8.289E-06	2.104E-05
8.289E-06	2.102E-05
8.279E-06	2.100E-05
8.279E-06	2.099E-05
8.269E-06	2.098E-05
8.269E-06	2.096E-05
8.258E-06	2.095E-05
8.248E-06	2.091E-05
8.238E-06	2.088E-05
8.228E-06	2.086E-05
8.218E-06	2.082E-05
8.197E-06	2.079E-05
8.197E-06	2.076E-05
8.187E-06	2.074E-05
8.177E-06	2.072E-05
8.167E-06	2.070E-05
8.156E-06	2.066E-05
8.156E-06	2.064E-05
8.146E-06	2.062E-05
8.136E-06	2.060E-05
8.126E-06	2.056E-05
8.116E-06	2.053E-05
8.105E-06	2.051E-05
8.095E-06	2.049E-05
8.085E-06	2.047E-05
8.075E-06	2.045E-05
8.075E-06	2.044E-05
8.065E-06	2.042E-05
8.054E-06	2.039E-05
8.044E-06	2.037E-05
8.044E-06	2.035E-05
8.034E-06	2.032E-05
8.024E-06	2.031E-05
8.024E-06	2.030E-05
8.013E-06	2.029E-05
8.013E-06	2.026E-05
8.003E-06	2.025E-05
8.003E-06	2.025E-05
7.993E-06	2.023E-05
7.993E-06	2.021E-05
7.983E-06	2.019E-05
7.973E-06	2.016E-05
7.973E-06	2.015E-05
7.962E-06	2.014E-05
7.962E-06	2.013E-05
7.952E-06	2.012E-05
7.952E-06	2.011E-05
7.942E-06	2.008E-05
7.932E-06	2.006E-05
7.932E-06	2.005E-05
7.922E-06	2.003E-05
7.911E-06	2.001E-05
7.901E-06	1.998E-05
7.891E-06	1.996E-05
7.891E-06	1.994E-05
7.881E-06	1.992E-05
7.871E-06	1.990E-05
7.860E-06	1.988E-05
7.850E-06	1.985E-05
7.840E-06	1.982E-05
7.830E-06	1.979E-05
7.830E-06	1.977E-05
7.820E-06	1.976E-05
7.809E-06	1.974E-05
7.809E-06	1.972E-05
7.799E-06	1.970E-05
7.789E-06	1.967E-05
7.779E-06	1.966E-05
7.779E-06	1.965E-05
7.768E-06	1.963E-05
7.758E-06	1.960E-05
7.758E-06	1.959E-05
7.748E-06	1.957E-05
7.738E-06	1.955E-05
7.738E-06	1.953E-05
7.728E-06	1.952E-05
7.717E-06	1.950E-05
7.717E-06	1.949E-05
7.717E-06	1.947E-05
7.707E-06	1.947E-05
7.707E-06	1.946E-05
7.697E-06	1.944E-05
7.697E-06	1.942E-05
7.687E-06	1.940E-05
7.677E-06	1.938E-05
7.677E-06	1.938E-05
7.677E-06	1.936E-05
7.666E-06	1.934E-05
7.656E-06	1.932E-05
7.646E-06	1.929E-05
7.646E-06	1.929E-05
7.646E-06	1.927E-05
7.636E-06	1.927E-05
7.636E-06	1.925E-05
7.636E-06	1.924E-05
7.626E-06	1.923E-05
7.626E-06	1.923E-05
7.626E-06	1.921E-05
7.615E-06	1.920E-05
7.615E-06	1.921E-05
7.615E-06	1.919E-05
7.605E-06	1.918E-05
7.595E-06	1.916E-05
7.595E-06	1.914E-05
7.585E-06	1.913E-05
7.585E-06	1.912E-05
7.575E-06	1.911E-05
7.575E-06	1.910E-05
7.564E-06	1.908E-05
7.554E-06	1.905E-05
7.544E-06	1.903E-05
7.534E-06	1.900E-05
7.523E-06	1.898E-05
7.513E-06	1.895E-05
7.503E-06	1.892E-05
7.503E-06	1.890E-05
7.493E-06	1.889E-05
7.493E-06	1.884E-05
7.483E-06	1.884E-05
7.462E-06	1.880E-05
7.452E-06	1.878E-05
7.452E-06	1.875E-05
7.442E-06	1.874E-05
7.432E-06	1.869E-05
7.411E-06	1.866E-05
7.401E-06	1.863E-05
7.391E-06	1.861E-05
7.391E-06	1.861E-05
7.391E-06	1.860E-05
7.381E-06	1.859E-05
7.381E-06	1.857E-05
7.370E-06	1.854E-05
7.360E-06	1.853E-05
7.360E-06	1.851E-05
7.350E-06	1.849E-05
7.340E-06	1.848E-05
7.340E-06	1.846E-05
7.330E-06	1.843E-05
7.330E-06	1.843E-05
7.319E-06	1.842E-05
7.319E-06	1.841E-05
7.319E-06	1.840E-05
7.309E-06	1.839E-05
7.299E-06	1.829E-05
7.136E-06	1.777E-05
7.125E-06	1.777E-05
7.125E-06	1.784E-05
7.115E-06	1.786E-05
7.115E-06	1.786E-05
7.115E-06	1.784E-05
7.105E-06	1.783E-05
7.105E-06	1.782E-05
7.105E-06	1.782E-05
7.095E-06	1.780E-05
7.095E-06	1.779E-05
7.085E-06	1.775E-05
7.054E-06	1.770E-05
7.054E-06	1.769E-05
7.044E-06	1.768E-05
7.044E-06	1.767E-05
7.044E-06	1.766E-05
7.044E-06	1.765E-05
7.044E-06	1.765E-05
7.033E-06	1.765E-05
7.033E-06	1.764E-05
7.033E-06	1.761E-05
7.023E-06	1.761E-05
7.003E-06	1.753E-05
6.993E-06	1.754E-05
6.993E-06	1.753E-05
6.982E-06	1.751E-05
6.982E-06	1.750E-05
6.972E-06	1.749E-05
6.972E-06	1.747E-05
6.962E-06	1.745E-05
6.962E-06	1.744E-05
6.952E-06	1.742E-05
6.942E-06	1.740E-05
6.931E-06	1.738E-05
6.921E-06	1.735E-05
6.921E-06	1.733E-05
6.911E-06	1.732E-05
6.911E-06	1.731E-05
6.911E-06	1.730E-05
6.901E-06	1.730E-05
6.901E-06	1.728E-05
6.901E-06	1.726E-05
6.891E-06	1.726E-05
6.891E-06	1.726E-05
6.891E-06	1.725E-05
6.891E-06	1.725E-05
6.880E-06	1.725E-05
6.880E-06	1.722E-05
6.870E-06	1.721E-05
6.870E-06	1.721E-05
6.870E-06	1.721E-05
6.870E-06	1.720E-05
6.870E-06	1.718E-05
6.860E-06	1.718E-05
6.860E-06	1.716E-05
6.860E-06	1.716E-05
6.850E-06	1.716E-05
6.850E-06	1.715E-05
6.840E-06	1.714E-05
6.840E-06	1.712E-05
6.840E-06	1.712E-05
6.840E-06	1.711E-05
6.829E-06	1.709E-05
6.829E-06	1.702E-05
6.819E-06	1.705E-05
6.809E-06	1.703E-05
6.809E-06	1.702E-05
6.799E-06	1.700E-05
6.799E-06	1.699E-05
6.799E-06	1.698E-05
6.788E-06	1.697E-05
6.788E-06	1.695E-05
6.778E-06	1.695E-05
6.768E-06	1.693E-05
6.758E-06	1.691E-05
6.748E-06	1.687E-05
6.737E-06	1.673E-05
6.727E-06	1.679E-05
6.727E-06	1.682E-05
6.717E-06	1.679E-05
6.717E-06	1.680E-05
6.717E-06	1.679E-05
6.707E-06	1.678E-05
6.707E-06	1.676E-05
6.697E-06	1.675E-05
6.697E-06	1.673E-05
6.697E-06	1.672E-05
6.686E-06	1.672E-05
6.686E-06	1.671E-05
6.686E-06	1.670E-05
6.676E-06	1.670E-05
6.676E-06	1.669E-05
6.676E-06	1.668E-05
6.666E-06	1.667E-05
6.666E-06	1.664E-05
6.666E-06	1.665E-05
6.656E-06	1.664E-05
6.656E-06	1.650E-05
6.646E-06	1.661E-05
6.646E-06	1.660E-05
6.635E-06	1.658E-05
6.635E-06	1.657E-05
6.635E-06	1.656E-05
6.625E-06	1.655E-05
6.625E-06	1.649E-05
6.605E-06	1.647E-05
6.605E-06	1.649E-05
6.605E-06	1.646E-05
6.595E-06	1.648E-05
6.595E-06	1.647E-05
6.584E-06	1.644E-05
6.574E-06	1.642E-05
6.574E-06	1.641E-05
6.564E-06	1.640E-05
6.564E-06	1.640E-05
6.564E-06	1.639E-05
6.564E-06	1.638E-05
6.554E-06	1.636E-05
6.554E-06	1.635E-05
6.554E-06	1.634E-05
6.543E-06	1.634E-05
6.543E-06	1.634E-05
6.543E-06	1.634E-05
6.543E-06	1.633E-05
6.543E-06	1.632E-05
6.533E-06	1.632E-05
6.533E-06	1.630E-05
6.533E-06	1.630E-05
6.523E-06	1.628E-05
6.523E-06	1.628E-05
6.523E-06	1.627E-05
6.513E-06	1.626E-05
6.513E-06	1.626E-05
6.513E-06	1.626E-05
6.513E-06	1.625E-05
6.513E-06	1.624E-05
6.503E-06	1.623E-05
6.503E-06	1.622E-05
6.503E-06	1.621E-05
6.503E-06	1.621E-05
6.503E-06	1.620E-05
6.492E-06	1.620E-05
6.492E-06	1.619E-05
6.482E-06	1.618E-05
6.482E-06	1.617E-05
6.482E-06	1.616E-05
6.482E-06	1.614E-05
6.472E-06	1.614E-05
6.472E-06	1.612E-05
6.462E-06	1.612E-05
6.462E-06	1.610E-05
6.452E-06	1.609E-05
6.452E-06	1.608E-05
6.452E-06	1.606E-05
6.441E-06	1.606E-05
6.441E-06	1.604E-05
6.431E-06	1.598E-05
6.421E-06	1.600E-05
6.421E-06	1.600E-05
6.411E-06	1.598E-05
6.401E-06	1.595E-05
6.401E-06	1.594E-05
6.390E-06	1.592E-05
6.390E-06	1.591E-05
6.380E-06	1.590E-05
6.380E-06	1.589E-05
6.370E-06	1.588E-05
6.370E-06	1.587E-05
6.360E-06	1.575E-05
6.288E-06	1.557E-05
6.278E-06	1.564E-05
6.278E-06	1.555E-05
6.278E-06	1.559E-05
6.278E-06	1.561E-05
6.268E-06	1.560E-05
6.268E-06	1.559E-05
6.268E-06	1.555E-05
6.247E-06	1.551E-05
6.237E-06	1.552E-05
6.227E-06	1.549E-05
6.217E-06	1.546E-05
6.217E-06	1.544E-05
6.207E-06	1.544E-05
6.207E-06	1.543E-05
6.196E-06	1.541E-05
6.196E-06	1.540E-05
6.196E-06	1.540E-05
6.186E-06	1.539E-05
6.186E-06	1.538E-05
6.186E-06	1.537E-05
6.176E-06	1.536E-05
6.176E-06	1.535E-05
6.166E-06	1.534E-05
6.166E-06	1.532E-05
6.166E-06	1.532E-05
6.166E-06	1.531E-05
6.156E-06	1.530E-05
6.156E-06	1.531E-05
6.156E-06	1.531E-05
6.156E-06	1.529E-05
6.156E-06	1.528E-05
6.145E-06	1.526E-05
6.145E-06	1.525E-05
6.145E-06	1.525E-05
6.145E-06	1.525E-05
6.135E-06	1.524E-05
6.135E-06	1.524E-05
6.135E-06	1.523E-05
6.135E-06	1.522E-05
6.125E-06	1.521E-05
6.125E-06	1.518E-05
6.125E-06	1.519E-05
6.115E-06	1.518E-05
6.115E-06	1.517E-05
6.115E-06	1.517E-05
6.105E-06	1.515E-05
6.105E-06	1.514E-05
6.094E-06	1.513E-05
6.094E-06	1.511E-05
6.084E-06	1.510E-05
6.084E-06	1.506E-05
6.084E-06	1.508E-05
6.084E-06	1.507E-05
6.074E-06	1.507E-05
6.074E-06	1.502E-05
6.074E-06	1.501E-05
6.043E-06	1.497E-05
6.043E-06	1.497E-05
6.043E-06	1.497E-05
6.033E-06	1.496E-05
6.033E-06	1.495E-05
6.033E-06	1.495E-05
6.023E-06	1.493E-05
6.023E-06	1.492E-05
6.013E-06	1.490E-05
6.013E-06	1.489E-05
6.013E-06	1.488E-05
6.002E-06	1.482E-05
5.992E-06	1.485E-05
5.992E-06	1.484E-05
5.982E-06	1.484E-05
5.982E-06	1.483E-05
5.982E-06	1.482E-05
5.982E-06	1.482E-05
5.982E-06	1.481E-05
5.982E-06	1.481E-05
5.982E-06	1.480E-05
5.982E-06	1.480E-05
5.972E-06	1.479E-05
5.972E-06	1.478E-05
5.962E-06	1.477E-05
5.962E-06	1.476E-05
5.951E-06	1.474E-05
5.951E-06	1.473E-05
5.941E-06	1.472E-05
5.941E-06	1.470E-05
5.931E-06	1.469E-05
5.931E-06	1.468E-05
5.921E-06	1.466E-05
5.921E-06	1.464E-05
5.911E-06	1.463E-05
5.911E-06	1.461E-05
5.900E-06	1.460E-05
5.900E-06	1.459E-05
5.900E-06	1.458E-05
5.890E-06	1.457E-05
5.890E-06	1.457E-05
5.890E-06	1.456E-05
5.890E-06	1.456E-05
5.880E-06	1.455E-05
5.880E-06	1.455E-05
5.880E-06	1.453E-05
5.870E-06	1.451E-05
5.870E-06	1.450E-05
5.860E-06	1.449E-05
5.860E-06	1.448E-05
5.860E-06	1.447E-05
5.849E-06	1.446E-05
5.849E-06	1.445E-05
5.839E-06	1.444E-05
5.839E-06	1.443E-05
5.839E-06	1.441E-05
5.829E-06	1.441E-05
5.829E-06	1.440E-05
5.829E-06	1.439E-05
5.819E-06	1.438E-05
5.819E-06	1.437E-05
5.808E-06	1.436E-05
5.808E-06	1.435E-05
5.808E-06	1.434E-05
5.808E-06	1.434E-05
5.808E-06	1.433E-05
5.808E-06	1.433E-05
5.798E-06	1.432E-05
5.798E-06	1.431E-05
5.788E-06	1.430E-05
5.788E-06	1.428E-05
5.778E-06	1.427E-05
5.778E-06	1.426E-05
5.778E-06	1.425E-05
5.768E-06	1.423E-05
5.768E-06	1.423E-05
5.757E-06	1.421E-05
5.757E-06	1.419E-05
5.747E-06	1.416E-05
5.727E-06	1.413E-05
5.717E-06	1.411E-05
5.717E-06	1.409E-05
5.706E-06	1.407E-05
5.686E-06	1.402E-05
5.676E-06	1.400E-05
5.655E-06	1.396E-05
5.645E-06	1.393E-05
5.635E-06	1.391E-05
5.635E-06	1.389E-05
5.625E-06	1.388E-05
5.615E-06	1.385E-05
5.615E-06	1.384E-05
5.615E-06	1.384E-05
5.604E-06	1.382E-05
5.604E-06	1.380E-05
5.594E-06	1.379E-05
5.594E-06	1.377E-05
5.584E-06	1.374E-05
5.574E-06	1.372E-05
5.574E-06	1.371E-05
5.563E-06	1.369E-05
5.563E-06	1.368E-05
5.553E-06	1.367E-05
5.553E-06	1.366E-05
5.553E-06	1.365E-05
5.543E-06	1.364E-05
5.543E-06	1.362E-05
5.533E-06	1.361E-05
5.533E-06	1.360E-05
5.523E-06	1.359E-05
5.523E-06	1.357E-05
5.512E-06	1.355E-05
5.512E-06	1.354E-05
5.512E-06	1.354E-05
5.502E-06	1.352E-05
5.492E-06	1.350E-05
5.492E-06	1.350E-05
5.492E-06	1.348E-05
5.482E-06	1.347E-05
5.472E-06	1.346E-05
5.472E-06	1.345E-05
5.472E-06	1.344E-05
5.461E-06	1.343E-05
5.461E-06	1.342E-05
5.451E-06	1.341E-05
5.451E-06	1.339E-05
5.441E-06	1.337E-05
5.431E-06	1.335E-05
5.431E-06	1.333E-05
5.421E-06	1.332E-05
5.421E-06	1.330E-05
5.410E-06	1.329E-05
5.410E-06	1.327E-05
5.410E-06	1.326E-05
5.400E-06	1.326E-05
5.400E-06	1.325E-05
5.390E-06	1.323E-05
5.390E-06	1.322E-05
5.380E-06	1.319E-05
5.370E-06	1.318E-05
5.370E-06	1.317E-05
5.370E-06	1.315E-05
5.359E-06	1.314E-05
5.359E-06	1.314E-05
5.349E-06	1.312E-05
5.349E-06	1.310E-05
5.339E-06	1.308E-05
5.339E-06	1.307E-05
5.329E-06	1.306E-05
5.329E-06	1.306E-05
5.329E-06	1.305E-05
5.318E-06	1.305E-05
5.318E-06	1.303E-05
5.318E-06	1.302E-05
5.318E-06	1.301E-05
5.308E-06	1.300E-05
5.308E-06	1.300E-05
5.298E-06	1.298E-05
5.298E-06	1.297E-05
5.288E-06	1.296E-05
5.288E-06	1.295E-05
5.288E-06	1.294E-05
5.278E-06	1.293E-05
5.278E-06	1.293E-05
5.278E-06	1.292E-05
5.267E-06	1.290E-05
5.267E-06	1.289E-05
5.257E-06	1.287E-05
5.247E-06	1.285E-05
5.237E-06	1.283E-05
5.237E-06	1.282E-05
5.237E-06	1.280E-05
5.227E-06	1.279E-05
5.216E-06	1.277E-05
5.216E-06	1.276E-05
5.206E-06	1.274E-05
5.206E-06	1.273E-05
5.206E-06	1.272E-05
5.196E-06	1.271E-05
5.196E-06	1.269E-05
5.186E-06	1.268E-05
5.176E-06	1.266E-05
5.176E-06	1.265E-05
5.176E-06	1.264E-05
5.165E-06	1.263E-05
5.165E-06	1.262E-05
5.165E-06	1.261E-05
5.165E-06	1.260E-05
5.165E-06	1.260E-05
5.155E-06	1.259E-05
5.155E-06	1.259E-05
5.155E-06	1.258E-05
5.145E-06	1.256E-05
5.145E-06	1.256E-05
5.145E-06	1.255E-05
5.135E-06	1.254E-05
5.135E-06	1.253E-05
5.135E-06	1.252E-05
5.125E-06	1.251E-05
5.125E-06	1.250E-05
5.125E-06	1.250E-05
5.114E-06	1.249E-05
5.114E-06	1.248E-05
5.104E-06	1.246E-05
5.104E-06	1.245E-05
5.094E-06	1.244E-05
5.094E-06	1.242E-05
5.084E-06	1.241E-05
5.084E-06	1.239E-05
5.073E-06	1.238E-05
5.063E-06	1.236E-05
5.053E-06	1.232E-05
5.043E-06	1.229E-05
5.033E-06	1.228E-05
5.033E-06	1.226E-05
5.022E-06	1.225E-05
5.022E-06	1.223E-05
5.012E-06	1.221E-05
5.012E-06	1.220E-05
5.012E-06	1.220E-05
5.002E-06	1.219E-05
5.002E-06	1.219E-05
5.002E-06	1.218E-05
5.002E-06	1.217E-05
5.002E-06	1.216E-05
4.992E-06	1.215E-05
4.992E-06	1.213E-05
4.982E-06	1.212E-05
4.982E-06	1.212E-05
4.982E-06	1.211E-05
4.971E-06	1.209E-05
4.971E-06	1.209E-05
4.971E-06	1.208E-05
4.961E-06	1.207E-05
4.961E-06	1.206E-05
4.961E-06	1.206E-05
4.951E-06	1.204E-05
4.951E-06	1.203E-05
4.941E-06	1.203E-05
4.941E-06	1.201E-05
4.931E-06	1.201E-05
4.931E-06	1.200E-05
4.931E-06	1.199E-05
4.920E-06	1.198E-05
4.920E-06	1.197E-05
4.910E-06	1.196E-05
4.910E-06	1.194E-05
4.900E-06	1.192E-05
4.890E-06	1.190E-05
4.890E-06	1.189E-05
4.880E-06	1.186E-05
4.869E-06	1.184E-05
4.869E-06	1.182E-05
4.859E-06	1.182E-05
4.859E-06	1.180E-05
4.859E-06	1.180E-05
4.849E-06	1.179E-05
4.849E-06	1.178E-05
4.849E-06	1.176E-05
4.839E-06	1.175E-05
4.839E-06	1.174E-05
4.839E-06	1.173E-05
4.828E-06	1.172E-05
4.828E-06	1.171E-05
4.818E-06	1.170E-05
4.818E-06	1.168E-05
4.808E-06	1.167E-05
4.808E-06	1.166E-05
4.798E-06	1.164E-05
4.798E-06	1.163E-05
4.788E-06	1.162E-05
4.788E-06	1.161E-05
4.788E-06	1.160E-05
4.777E-06	1.159E-05
4.777E-06	1.159E-05
4.777E-06	1.158E-05
4.767E-06	1.156E-05
4.767E-06	1.155E-05
4.757E-06	1.154E-05
4.757E-06	1.153E-05
4.757E-06	1.152E-05
4.747E-06	1.151E-05
4.747E-06	1.151E-05
4.737E-06	1.149E-05
4.737E-06	1.149E-05
4.737E-06	1.148E-05
4.737E-06	1.147E-05
4.726E-06	1.146E-05
4.726E-06	1.145E-05
4.726E-06	1.145E-05
4.726E-06	1.144E-05
4.716E-06	1.143E-05
4.706E-06	1.141E-05
4.696E-06	1.139E-05
4.696E-06	1.136E-05
4.686E-06	1.134E-05
4.675E-06	1.133E-05
4.675E-06	1.132E-05
4.665E-06	1.130E-05
4.665E-06	1.129E-05
4.655E-06	1.126E-05
4.655E-06	1.125E-05
4.645E-06	1.124E-05
4.645E-06	1.123E-05
4.635E-06	1.121E-05
4.635E-06	1.119E-05
4.624E-06	1.117E-05
4.614E-06	1.115E-05
4.614E-06	1.114E-05
4.614E-06	1.113E-05
4.604E-06	1.112E-05
4.604E-06	1.109E-05
4.594E-06	1.109E-05
4.584E-06	1.107E-05
4.573E-06	1.105E-05
4.573E-06	1.104E-05
4.563E-06	1.102E-05
4.553E-06	1.101E-05
4.553E-06	1.099E-05
4.532E-06	1.096E-05
4.532E-06	1.094E-05
4.522E-06	1.093E-05
4.512E-06	1.091E-05
4.512E-06	1.089E-05
4.512E-06	1.088E-05
4.502E-06	1.086E-05
4.502E-06	1.084E-05
4.492E-06	1.083E-05
4.492E-06	1.082E-05
4.481E-06	1.079E-05
4.471E-06	1.078E-05
4.471E-06	1.076E-05
4.461E-06	1.075E-05
4.461E-06	1.074E-05
4.461E-06	1.074E-05
4.461E-06	1.072E-05
4.451E-06	1.071E-05
4.451E-06	1.070E-05
4.441E-06	1.069E-05
4.441E-06	1.067E-05
4.420E-06	1.064E-05
4.420E-06	1.063E-05
4.410E-06	1.061E-05
4.410E-06	1.060E-05
4.400E-06	1.059E-05
4.400E-06	1.058E-05
4.400E-06	1.057E-05
4.390E-06	1.056E-05
4.390E-06	1.055E-05
4.390E-06	1.054E-05
4.379E-06	1.053E-05
4.379E-06	1.052E-05
4.369E-06	1.051E-05
4.369E-06	1.049E-05
4.359E-06	1.048E-05
4.359E-06	1.047E-05
4.349E-06	1.045E-05
4.349E-06	1.044E-05
4.349E-06	1.044E-05
4.339E-06	1.043E-05
4.339E-06	1.041E-05
4.339E-06	1.040E-05
4.328E-06	1.039E-05
4.328E-06	1.038E-05
4.328E-06	1.038E-05
4.318E-06	1.037E-05
4.318E-06	1.035E-05
4.308E-06	1.034E-05
4.308E-06	1.032E-05
4.298E-06	1.030E-05
4.298E-06	1.029E-05
4.287E-06	1.027E-05
4.277E-06	1.025E-05
4.267E-06	1.023E-05
4.267E-06	1.022E-05
4.257E-06	1.019E-05
4.247E-06	1.018E-05
4.247E-06	1.017E-05
4.247E-06	1.016E-05
4.247E-06	1.015E-05
4.236E-06	1.014E-05
4.236E-06	1.013E-05
4.226E-06	1.011E-05
4.216E-06	1.009E-05
4.216E-06	1.008E-05
4.206E-06	1.007E-05
4.196E-06	1.005E-05
4.196E-06	1.003E-05
4.185E-06	1.002E-05
4.185E-06	1.001E-05
4.185E-06	1.000E-05
4.185E-06	9.996E-06
4.175E-06	9.987E-06
4.175E-06	9.977E-06
4.175E-06	9.972E-06
4.175E-06	9.965E-06
4.165E-06	9.957E-06
4.165E-06	9.945E-06
4.165E-06	9.935E-06
4.165E-06	9.929E-06
4.155E-06	9.923E-06
4.155E-06	9.915E-06
4.145E-06	9.903E-06
4.145E-06	9.890E-06
4.145E-06	9.882E-06
4.134E-06	9.873E-06
4.134E-06	9.861E-06
4.134E-06	9.846E-06
4.124E-06	9.832E-06
4.114E-06	9.809E-06
4.114E-06	9.789E-06
4.104E-06	9.769E-06
4.094E-06	9.751E-06
4.083E-06	9.734E-06
4.083E-06	9.715E-06
4.073E-06	9.696E-06
4.063E-06	9.686E-06
4.063E-06	9.667E-06
4.053E-06	9.649E-06
4.042E-06	9.625E-06
4.032E-06	9.603E-06
4.022E-06	9.584E-06
4.022E-06	9.558E-06
4.012E-06	9.543E-06
4.012E-06	9.536E-06
4.002E-06	9.525E-06
3.991E-06	9.503E-06
3.991E-06	9.486E-06
3.991E-06	9.478E-06
3.981E-06	9.467E-06
3.981E-06	9.449E-06
3.971E-06	9.421E-06
3.961E-06	9.409E-06
3.961E-06	9.396E-06
3.951E-06	9.381E-06
3.951E-06	9.365E-06
3.951E-06	9.352E-06
3.940E-06	9.339E-06
3.940E-06	9.329E-06
3.940E-06	9.320E-06
3.930E-06	9.307E-06
3.920E-06	9.289E-06
3.910E-06	9.263E-06
3.900E-06	9.242E-06
3.900E-06	9.225E-06
3.889E-06	9.212E-06
3.889E-06	9.199E-06
3.879E-06	9.173E-06
3.869E-06	9.158E-06
3.859E-06	9.138E-06
3.859E-06	9.126E-06
3.849E-06	9.109E-06
3.849E-06	9.095E-06
3.838E-06	9.079E-06
3.828E-06	9.054E-06
3.818E-06	9.036E-06
3.818E-06	9.023E-06
3.808E-06	9.002E-06
3.797E-06	8.980E-06
3.797E-06	8.966E-06
3.797E-06	8.953E-06
3.787E-06	8.936E-06
3.787E-06	8.922E-06
3.777E-06	8.913E-06
3.777E-06	8.902E-06
3.777E-06	8.891E-06
3.767E-06	8.875E-06
3.767E-06	8.860E-06
3.757E-06	8.840E-06
3.746E-06	8.814E-06
3.736E-06	8.787E-06
3.726E-06	8.772E-06
3.726E-06	8.765E-06
3.716E-06	8.742E-06
3.706E-06	8.725E-06
3.706E-06	8.720E-06
3.706E-06	8.710E-06
3.706E-06	8.703E-06
3.695E-06	8.683E-06
3.685E-06	8.664E-06
3.675E-06	8.641E-06
3.675E-06	8.632E-06
3.665E-06	8.619E-06
3.665E-06	8.602E-06
3.655E-06	8.588E-06
3.655E-06	8.577E-06
3.644E-06	8.566E-06
3.644E-06	8.548E-06
3.644E-06	8.534E-06
3.634E-06	8.528E-06
3.634E-06	8.523E-06
3.634E-06	8.514E-06
3.634E-06	8.503E-06
3.624E-06	8.491E-06
3.624E-06	8.477E-06
3.614E-06	8.463E-06
3.614E-06	8.456E-06
3.604E-06	8.441E-06
3.604E-06	8.417E-06
3.593E-06	8.396E-06
3.593E-06	8.382E-06
3.583E-06	8.365E-06
3.573E-06	8.350E-06
3.573E-06	8.326E-06
3.563E-06	8.314E-06
3.563E-06	8.302E-06
3.552E-06	8.286E-06
3.542E-06	8.273E-06
3.542E-06	8.251E-06
3.532E-06	8.236E-06
3.532E-06	8.226E-06
3.522E-06	8.212E-06
3.522E-06	8.194E-06
3.512E-06	8.183E-06
3.512E-06	8.175E-06
3.501E-06	8.158E-06
3.501E-06	8.141E-06
3.491E-06	8.126E-06
3.491E-06	8.113E-06
3.481E-06	8.096E-06
3.471E-06	8.079E-06
3.471E-06	8.057E-06
3.461E-06	8.047E-06
3.461E-06	8.042E-06
3.461E-06	8.037E-06
3.461E-06	8.027E-06
3.450E-06	8.016E-06
3.450E-06	8.011E-06
3.450E-06	7.999E-06
3.440E-06	7.982E-06
3.440E-06	7.960E-06
3.430E-06	7.944E-06
3.430E-06	7.935E-06
3.420E-06	7.925E-06
3.420E-06	7.911E-06
3.410E-06	7.895E-06
3.410E-06	7.885E-06
3.410E-06	7.877E-06
3.399E-06	7.865E-06
3.399E-06	7.848E-06
3.389E-06	7.836E-06
3.389E-06	7.829E-06
3.379E-06	7.816E-06
3.379E-06	7.802E-06
3.379E-06	7.791E-06
3.369E-06	7.780E-06
3.369E-06	7.768E-06
3.359E-06	7.760E-06
3.359E-06	7.753E-06
3.359E-06	7.747E-06
3.348E-06	7.737E-06
3.348E-06	7.723E-06
3.338E-06	7.709E-06
3.338E-06	7.697E-06
3.328E-06	7.681E-06
3.328E-06	7.666E-06
3.318E-06	7.657E-06
3.318E-06	7.646E-06
3.318E-06	7.637E-06
3.307E-06	7.623E-06
3.307E-06	7.611E-06
3.297E-06	7.603E-06
3.297E-06	7.588E-06
3.297E-06	7.581E-06
3.287E-06	7.574E-06
3.287E-06	7.569E-06
3.287E-06	7.558E-06
3.287E-06	7.541E-06
3.277E-06	7.523E-06
3.277E-06	7.516E-06
3.267E-06	7.510E-06
3.267E-06	7.495E-06
3.256E-06	7.480E-06
3.256E-06	7.465E-06
3.256E-06	7.458E-06
3.246E-06	7.448E-06
3.246E-06	7.434E-06
3.236E-06	7.412E-06
3.236E-06	7.403E-06
3.236E-06	7.398E-06
3.226E-06	7.385E-06
3.226E-06	7.375E-06
3.216E-06	7.364E-06
3.216E-06	7.353E-06
3.205E-06	7.334E-06
3.205E-06	7.322E-06
3.195E-06	7.309E-06
3.195E-06	7.293E-06
3.185E-06	7.281E-06
3.185E-06	7.270E-06
3.175E-06	7.259E-06
3.175E-06	7.248E-06
3.165E-06	7.237E-06
3.165E-06	7.221E-06
3.154E-06	7.210E-06
3.154E-06	7.207E-06
3.154E-06	7.199E-06
3.144E-06	7.188E-06
3.144E-06	7.182E-06
3.144E-06	7.174E-06
3.144E-06	7.164E-06
3.134E-06	7.154E-06
3.134E-06	7.141E-06
3.124E-06	7.125E-06
3.124E-06	7.110E-06
3.114E-06	7.099E-06
3.114E-06	7.093E-06
3.114E-06	7.085E-06
3.103E-06	7.074E-06
3.103E-06	7.056E-06
3.103E-06	7.048E-06
3.093E-06	7.041E-06
3.093E-06	7.037E-06
3.093E-06	7.028E-06
3.083E-06	7.016E-06
3.083E-06	7.004E-06
3.083E-06	6.998E-06
3.083E-06	6.992E-06
3.073E-06	6.984E-06
3.073E-06	6.972E-06
3.073E-06	6.965E-06
3.062E-06	6.953E-06
3.062E-06	6.941E-06
3.062E-06	6.930E-06
3.052E-06	6.913E-06
3.052E-06	6.901E-06
3.042E-06	6.883E-06
3.032E-06	6.876E-06
3.032E-06	6.867E-06
3.032E-06	6.855E-06
3.022E-06	6.843E-06
3.022E-06	6.832E-06
3.011E-06	6.816E-06
3.011E-06	6.804E-06
3.001E-06	6.794E-06
3.001E-06	6.784E-06
3.001E-06	6.778E-06
3.001E-06	6.772E-06
2.991E-06	6.765E-06
2.991E-06	6.758E-06
2.981E-06	6.746E-06
2.981E-06	6.728E-06
2.971E-06	6.716E-06
2.971E-06	6.707E-06
2.971E-06	6.699E-06
2.960E-06	6.688E-06
2.960E-06	6.679E-06
2.960E-06	6.671E-06
2.960E-06	6.663E-06
2.950E-06	6.652E-06
2.940E-06	6.637E-06
2.940E-06	6.614E-06
2.930E-06	6.603E-06
2.930E-06	6.587E-06
2.920E-06	6.574E-06
2.920E-06	6.561E-06
2.920E-06	6.554E-06
2.909E-06	6.547E-06
2.909E-06	6.532E-06
2.909E-06	6.524E-06
2.899E-06	6.514E-06
2.899E-06	6.501E-06
2.899E-06	6.493E-06
2.889E-06	6.483E-06
2.889E-06	6.470E-06
2.879E-06	6.451E-06
2.879E-06	6.442E-06
2.869E-06	6.431E-06
2.869E-06	6.414E-06
2.858E-06	6.394E-06
2.848E-06	6.368E-06
2.838E-06	6.347E-06
2.828E-06	6.329E-06
2.828E-06	6.316E-06
2.817E-06	6.300E-06
2.817E-06	6.287E-06
2.807E-06	6.268E-06
2.797E-06	6.251E-06
2.797E-06	6.233E-06
2.787E-06	6.219E-06
2.777E-06	6.202E-06
2.766E-06	6.173E-06
2.756E-06	6.149E-06
2.756E-06	6.136E-06
2.746E-06	6.117E-06
2.736E-06	6.086E-06
2.736E-06	6.074E-06
2.726E-06	6.051E-06
2.715E-06	6.025E-06
2.715E-06	6.012E-06
2.715E-06	5.998E-06
2.715E-06	5.986E-06
2.715E-06	5.976E-06
2.715E-06	5.969E-06
2.715E-06	5.962E-06
2.715E-06	5.954E-06
2.715E-06	5.950E-06
2.715E-06	5.942E-06
2.715E-06	5.939E-06
2.715E-06	5.935E-06
2.715E-06	5.931E-06
2.715E-06	5.927E-06
2.715E-06	5.918E-06
2.715E-06	5.914E-06
