2.715E-06	5.912E-06
2.715E-06	5.915E-06
2.715E-06	5.918E-06
2.715E-06	5.925E-06
2.715E-06	5.928E-06
2.715E-06	5.933E-06
2.715E-06	5.938E-06
2.715E-06	5.942E-06
2.715E-06	5.947E-06
2.715E-06	5.950E-06
2.715E-06	5.955E-06
2.715E-06	5.959E-06
2.715E-06	5.963E-06
2.715E-06	5.967E-06
2.715E-06	5.972E-06
2.715E-06	5.981E-06
2.715E-06	5.989E-06
2.726E-06	5.995E-06
2.726E-06	6.005E-06
2.726E-06	6.014E-06
2.736E-06	6.027E-06
2.746E-06	6.034E-06
2.746E-06	6.042E-06
2.746E-06	6.059E-06
2.756E-06	6.074E-06
2.756E-06	6.092E-06
2.766E-06	6.111E-06
2.766E-06	6.122E-06
2.766E-06	6.128E-06
2.777E-06	6.138E-06
2.777E-06	6.153E-06
2.787E-06	6.161E-06
2.787E-06	6.173E-06
2.797E-06	6.184E-06
2.797E-06	6.199E-06
2.797E-06	6.207E-06
2.807E-06	6.215E-06
2.807E-06	6.228E-06
2.817E-06	6.239E-06
2.817E-06	6.251E-06
2.828E-06	6.263E-06
2.828E-06	6.277E-06
2.828E-06	6.287E-06
2.838E-06	6.295E-06
2.838E-06	6.307E-06
2.838E-06	6.315E-06
2.848E-06	6.333E-06
2.858E-06	6.348E-06
2.858E-06	6.363E-06
2.869E-06	6.378E-06
2.869E-06	6.392E-06
2.879E-06	6.402E-06
2.879E-06	6.417E-06
2.889E-06	6.428E-06
2.889E-06	6.442E-06
2.899E-06	6.449E-06
2.899E-06	6.462E-06
2.899E-06	6.473E-06
2.909E-06	6.479E-06
2.909E-06	6.485E-06
2.909E-06	6.494E-06
2.909E-06	6.504E-06
2.920E-06	6.516E-06
2.920E-06	6.525E-06
2.920E-06	6.533E-06
2.930E-06	6.546E-06
2.930E-06	6.553E-06
2.930E-06	6.558E-06
2.940E-06	6.570E-06
2.940E-06	6.576E-06
2.940E-06	6.583E-06
2.940E-06	6.593E-06
2.950E-06	6.604E-06
2.950E-06	6.617E-06
2.960E-06	6.631E-06
2.960E-06	6.636E-06
2.960E-06	6.648E-06
2.971E-06	6.661E-06
2.981E-06	6.676E-06
2.981E-06	6.685E-06
2.981E-06	6.692E-06
2.981E-06	6.698E-06
2.981E-06	6.706E-06
2.991E-06	6.713E-06
2.991E-06	6.722E-06
2.991E-06	6.733E-06
3.001E-06	6.743E-06
3.001E-06	6.750E-06
3.001E-06	6.760E-06
3.011E-06	6.766E-06
3.011E-06	6.776E-06
3.011E-06	6.782E-06
3.022E-06	6.791E-06
3.022E-06	6.800E-06
3.022E-06	6.805E-06
3.022E-06	6.809E-06
3.022E-06	6.815E-06
3.032E-06	6.828E-06
3.042E-06	6.841E-06
3.042E-06	6.849E-06
3.042E-06	6.863E-06
3.052E-06	6.871E-06
3.052E-06	6.880E-06
3.052E-06	6.887E-06
3.062E-06	6.891E-06
3.062E-06	6.897E-06
3.062E-06	6.904E-06
3.062E-06	6.910E-06
3.062E-06	6.917E-06
3.073E-06	6.926E-06
3.073E-06	6.929E-06
3.073E-06	6.933E-06
3.073E-06	6.938E-06
3.073E-06	6.943E-06
3.073E-06	6.947E-06
3.073E-06	6.952E-06
3.083E-06	6.956E-06
3.083E-06	6.964E-06
3.083E-06	6.975E-06
3.093E-06	6.987E-06
3.093E-06	7.001E-06
3.093E-06	7.006E-06
3.103E-06	7.011E-06
3.103E-06	7.019E-06
3.103E-06	7.026E-06
3.103E-06	7.033E-06
3.114E-06	7.038E-06
3.114E-06	7.044E-06
3.114E-06	7.049E-06
3.114E-06	7.059E-06
3.124E-06	7.071E-06
3.124E-06	7.075E-06
3.124E-06	7.078E-06
3.124E-06	7.082E-06
3.124E-06	7.084E-06
3.134E-06	7.095E-06
3.134E-06	7.100E-06
3.134E-06	7.108E-06
3.134E-06	7.111E-06
3.144E-06	7.115E-06
3.144E-06	7.126E-06
3.144E-06	7.139E-06
3.154E-06	7.148E-06
3.154E-06	7.166E-06
3.165E-06	7.187E-06
3.165E-06	7.193E-06
3.165E-06	7.194E-06
3.165E-06	7.195E-06
3.175E-06	7.208E-06
3.185E-06	7.227E-06
3.185E-06	7.238E-06
3.195E-06	7.249E-06
3.195E-06	7.260E-06
3.195E-06	7.265E-06
3.195E-06	7.268E-06
3.195E-06	7.271E-06
3.195E-06	7.272E-06
3.205E-06	7.280E-06
3.205E-06	7.286E-06
3.205E-06	7.291E-06
3.205E-06	7.302E-06
3.216E-06	7.308E-06
3.216E-06	7.318E-06
3.216E-06	7.329E-06
3.226E-06	7.342E-06
3.236E-06	7.353E-06
3.236E-06	7.366E-06
3.246E-06	7.383E-06
3.256E-06	7.407E-06
3.256E-06	7.418E-06
3.256E-06	7.435E-06
3.267E-06	7.445E-06
3.267E-06	7.455E-06
3.277E-06	7.464E-06
3.277E-06	7.476E-06
3.277E-06	7.488E-06
3.287E-06	7.496E-06
3.287E-06	7.510E-06
3.297E-06	7.524E-06
3.297E-06	7.533E-06
3.297E-06	7.542E-06
3.297E-06	7.550E-06
3.307E-06	7.556E-06
3.307E-06	7.563E-06
3.307E-06	7.567E-06
3.307E-06	7.578E-06
3.318E-06	7.587E-06
3.318E-06	7.597E-06
3.318E-06	7.603E-06
3.318E-06	7.607E-06
3.328E-06	7.614E-06
3.328E-06	7.635E-06
3.328E-06	7.638E-06
3.338E-06	7.644E-06
3.338E-06	7.652E-06
3.338E-06	7.663E-06
3.348E-06	7.671E-06
3.348E-06	7.683E-06
3.359E-06	7.695E-06
3.359E-06	7.702E-06
3.369E-06	7.721E-06
3.369E-06	7.734E-06
3.379E-06	7.744E-06
3.379E-06	7.750E-06
3.379E-06	7.759E-06
3.389E-06	7.768E-06
3.389E-06	7.777E-06
3.389E-06	7.786E-06
3.399E-06	7.797E-06
3.399E-06	7.821E-06
3.410E-06	7.840E-06
3.430E-06	7.874E-06
3.440E-06	7.902E-06
3.440E-06	7.920E-06
3.450E-06	7.934E-06
3.450E-06	7.946E-06
3.461E-06	7.958E-06
3.461E-06	7.973E-06
3.461E-06	7.985E-06
3.471E-06	8.001E-06
3.481E-06	8.018E-06
3.481E-06	8.026E-06
3.481E-06	8.031E-06
3.491E-06	8.048E-06
3.491E-06	8.063E-06
3.501E-06	8.088E-06
3.501E-06	8.097E-06
3.512E-06	8.116E-06
3.522E-06	8.136E-06
3.522E-06	8.147E-06
3.532E-06	8.167E-06
3.542E-06	8.186E-06
3.542E-06	8.199E-06
3.552E-06	8.213E-06
3.552E-06	8.224E-06
3.563E-06	8.241E-06
3.563E-06	8.255E-06
3.573E-06	8.270E-06
3.573E-06	8.281E-06
3.583E-06	8.300E-06
3.593E-06	8.327E-06
3.604E-06	8.365E-06
3.614E-06	8.386E-06
3.624E-06	8.420E-06
3.624E-06	8.435E-06
3.634E-06	8.455E-06
3.644E-06	8.474E-06
3.655E-06	8.497E-06
3.655E-06	8.514E-06
3.665E-06	8.530E-06
3.665E-06	8.538E-06
3.675E-06	8.553E-06
3.675E-06	8.570E-06
3.685E-06	8.587E-06
3.695E-06	8.606E-06
3.695E-06	8.628E-06
3.706E-06	8.641E-06
3.716E-06	8.659E-06
3.716E-06	8.677E-06
3.726E-06	8.691E-06
3.726E-06	8.704E-06
3.736E-06	8.711E-06
3.736E-06	8.731E-06
3.746E-06	8.749E-06
3.746E-06	8.764E-06
3.757E-06	8.783E-06
3.777E-06	8.821E-06
3.787E-06	8.860E-06
3.797E-06	8.879E-06
3.797E-06	8.892E-06
3.797E-06	8.903E-06
3.808E-06	8.914E-06
3.808E-06	8.923E-06
3.808E-06	8.934E-06
3.818E-06	8.942E-06
3.818E-06	8.949E-06
3.818E-06	8.955E-06
3.818E-06	8.962E-06
3.818E-06	8.969E-06
3.828E-06	8.985E-06
3.838E-06	9.007E-06
3.838E-06	9.020E-06
3.838E-06	9.022E-06
3.838E-06	9.024E-06
3.838E-06	9.025E-06
3.849E-06	9.034E-06
3.859E-06	9.050E-06
3.859E-06	9.073E-06
3.869E-06	9.086E-06
3.879E-06	9.101E-06
3.879E-06	9.119E-06
3.879E-06	9.128E-06
3.889E-06	9.135E-06
3.889E-06	9.148E-06
3.900E-06	9.160E-06
3.910E-06	9.175E-06
3.910E-06	9.197E-06
3.920E-06	9.212E-06
3.920E-06	9.220E-06
3.930E-06	9.231E-06
3.930E-06	9.237E-06
3.930E-06	9.252E-06
3.940E-06	9.276E-06
3.951E-06	9.299E-06
3.961E-06	9.320E-06
3.971E-06	9.357E-06
3.981E-06	9.386E-06
3.991E-06	9.407E-06
4.002E-06	9.425E-06
4.002E-06	9.436E-06
4.012E-06	9.451E-06
4.012E-06	9.469E-06
4.012E-06	9.480E-06
4.022E-06	9.489E-06
4.022E-06	9.500E-06
4.032E-06	9.518E-06
4.042E-06	9.541E-06
4.042E-06	9.548E-06
4.042E-06	9.553E-06
4.053E-06	9.564E-06
4.053E-06	9.573E-06
4.053E-06	9.580E-06
4.053E-06	9.587E-06
4.053E-06	9.597E-06
4.063E-06	9.601E-06
4.063E-06	9.604E-06
4.063E-06	9.610E-06
4.073E-06	9.619E-06
4.073E-06	9.626E-06
4.073E-06	9.633E-06
4.073E-06	9.640E-06
4.083E-06	9.648E-06
4.083E-06	9.658E-06
4.083E-06	9.662E-06
4.083E-06	9.664E-06
4.083E-06	9.663E-06
4.083E-06	9.672E-06
4.094E-06	9.689E-06
4.104E-06	9.704E-06
4.104E-06	9.710E-06
4.104E-06	9.726E-06
4.114E-06	9.732E-06
4.114E-06	9.738E-06
4.114E-06	9.746E-06
4.114E-06	9.755E-06
4.124E-06	9.764E-06
4.124E-06	9.780E-06
4.134E-06	9.798E-06
4.145E-06	9.817E-06
4.145E-06	9.834E-06
4.155E-06	9.848E-06
4.155E-06	9.866E-06
4.165E-06	9.877E-06
4.165E-06	9.883E-06
4.165E-06	9.893E-06
4.175E-06	9.901E-06
4.175E-06	9.914E-06
4.175E-06	9.922E-06
4.185E-06	9.930E-06
4.185E-06	9.945E-06
4.196E-06	9.960E-06
4.196E-06	9.968E-06
4.196E-06	9.972E-06
4.196E-06	9.977E-06
4.206E-06	9.990E-06
4.216E-06	1.001E-05
4.216E-06	1.002E-05
4.216E-06	1.002E-05
4.216E-06	1.003E-05
4.216E-06	1.004E-05
4.226E-06	1.004E-05
4.226E-06	1.006E-05
4.236E-06	1.007E-05
4.236E-06	1.008E-05
4.236E-06	1.008E-05
4.247E-06	1.009E-05
4.247E-06	1.010E-05
4.247E-06	1.011E-05
4.257E-06	1.012E-05
4.257E-06	1.014E-05
4.267E-06	1.015E-05
4.267E-06	1.015E-05
4.267E-06	1.015E-05
4.267E-06	1.016E-05
4.267E-06	1.016E-05
4.267E-06	1.017E-05
4.277E-06	1.018E-05
4.277E-06	1.019E-05
4.287E-06	1.020E-05
4.287E-06	1.022E-05
4.298E-06	1.024E-05
4.308E-06	1.025E-05
4.308E-06	1.026E-05
4.318E-06	1.029E-05
4.328E-06	1.030E-05
4.328E-06	1.032E-05
4.339E-06	1.034E-05
4.339E-06	1.035E-05
4.339E-06	1.036E-05
4.349E-06	1.037E-05
4.349E-06	1.038E-05
4.359E-06	1.039E-05
4.359E-06	1.040E-05
4.369E-06	1.043E-05
4.379E-06	1.044E-05
4.379E-06	1.046E-05
4.390E-06	1.047E-05
4.390E-06	1.048E-05
4.400E-06	1.050E-05
4.410E-06	1.052E-05
4.410E-06	1.054E-05
4.420E-06	1.055E-05
4.420E-06	1.056E-05
4.430E-06	1.058E-05
4.441E-06	1.060E-05
4.441E-06	1.061E-05
4.451E-06	1.063E-05
4.451E-06	1.064E-05
4.451E-06	1.065E-05
4.461E-06	1.066E-05
4.461E-06	1.067E-05
4.471E-06	1.068E-05
4.471E-06	1.070E-05
4.481E-06	1.072E-05
4.492E-06	1.075E-05
4.502E-06	1.078E-05
4.512E-06	1.079E-05
4.512E-06	1.081E-05
4.522E-06	1.082E-05
4.522E-06	1.082E-05
4.522E-06	1.082E-05
4.522E-06	1.083E-05
4.532E-06	1.086E-05
4.543E-06	1.089E-05
4.563E-06	1.093E-05
4.573E-06	1.097E-05
4.584E-06	1.098E-05
4.584E-06	1.100E-05
4.594E-06	1.101E-05
4.604E-06	1.103E-05
4.604E-06	1.104E-05
4.614E-06	1.105E-05
4.614E-06	1.106E-05
4.614E-06	1.108E-05
4.624E-06	1.109E-05
4.624E-06	1.111E-05
4.635E-06	1.113E-05
4.635E-06	1.114E-05
4.645E-06	1.115E-05
4.645E-06	1.117E-05
4.665E-06	1.121E-05
4.675E-06	1.123E-05
4.686E-06	1.125E-05
4.686E-06	1.128E-05
4.696E-06	1.130E-05
4.706E-06	1.133E-05
4.716E-06	1.135E-05
4.726E-06	1.138E-05
4.747E-06	1.142E-05
4.747E-06	1.143E-05
4.757E-06	1.145E-05
4.767E-06	1.147E-05
4.777E-06	1.149E-05
4.777E-06	1.150E-05
4.777E-06	1.151E-05
4.777E-06	1.151E-05
4.777E-06	1.151E-05
4.788E-06	1.152E-05
4.788E-06	1.154E-05
4.788E-06	1.155E-05
4.798E-06	1.156E-05
4.798E-06	1.158E-05
4.808E-06	1.159E-05
4.808E-06	1.160E-05
4.818E-06	1.161E-05
4.818E-06	1.163E-05
4.828E-06	1.165E-05
4.839E-06	1.167E-05
4.839E-06	1.168E-05
4.849E-06	1.170E-05
4.859E-06	1.173E-05
4.869E-06	1.175E-05
4.880E-06	1.178E-05
4.880E-06	1.180E-05
4.890E-06	1.181E-05
4.890E-06	1.182E-05
4.900E-06	1.183E-05
4.900E-06	1.184E-05
4.900E-06	1.185E-05
4.910E-06	1.186E-05
4.910E-06	1.187E-05
4.910E-06	1.187E-05
4.910E-06	1.189E-05
4.920E-06	1.190E-05
4.920E-06	1.191E-05
4.931E-06	1.193E-05
4.941E-06	1.194E-05
4.941E-06	1.195E-05
4.941E-06	1.196E-05
4.951E-06	1.196E-05
4.951E-06	1.199E-05
4.961E-06	1.200E-05
4.961E-06	1.201E-05
4.971E-06	1.203E-05
4.971E-06	1.204E-05
4.982E-06	1.204E-05
4.982E-06	1.206E-05
4.982E-06	1.207E-05
4.992E-06	1.208E-05
4.992E-06	1.209E-05
4.992E-06	1.210E-05
5.002E-06	1.212E-05
5.012E-06	1.214E-05
5.022E-06	1.216E-05
5.033E-06	1.219E-05
5.033E-06	1.221E-05
5.043E-06	1.223E-05
5.053E-06	1.225E-05
5.053E-06	1.226E-05
5.063E-06	1.226E-05
5.063E-06	1.227E-05
5.063E-06	1.228E-05
5.073E-06	1.230E-05
5.084E-06	1.233E-05
5.084E-06	1.233E-05
5.084E-06	1.234E-05
5.084E-06	1.234E-05
5.084E-06	1.234E-05
5.084E-06	1.235E-05
5.094E-06	1.236E-05
5.104E-06	1.238E-05
5.104E-06	1.239E-05
5.114E-06	1.240E-05
5.114E-06	1.241E-05
5.114E-06	1.242E-05
5.125E-06	1.243E-05
5.125E-06	1.244E-05
5.125E-06	1.244E-05
5.125E-06	1.245E-05
5.125E-06	1.245E-05
5.125E-06	1.246E-05
5.135E-06	1.246E-05
5.135E-06	1.247E-05
5.135E-06	1.248E-05
5.145E-06	1.249E-05
5.145E-06	1.250E-05
5.155E-06	1.251E-05
5.155E-06	1.253E-05
5.155E-06	1.254E-05
5.165E-06	1.255E-05
5.176E-06	1.257E-05
5.176E-06	1.259E-05
5.186E-06	1.260E-05
5.196E-06	1.262E-05
5.196E-06	1.264E-05
5.206E-06	1.265E-05
5.206E-06	1.267E-05
5.216E-06	1.269E-05
5.227E-06	1.270E-05
5.227E-06	1.272E-05
5.237E-06	1.274E-05
5.237E-06	1.274E-05
5.247E-06	1.276E-05
5.247E-06	1.278E-05
5.257E-06	1.279E-05
5.257E-06	1.280E-05
5.267E-06	1.282E-05
5.267E-06	1.282E-05
5.267E-06	1.283E-05
5.278E-06	1.284E-05
5.288E-06	1.286E-05
5.298E-06	1.290E-05
5.308E-06	1.293E-05
5.318E-06	1.295E-05
5.329E-06	1.296E-05
5.329E-06	1.297E-05
5.329E-06	1.299E-05
5.329E-06	1.300E-05
5.339E-06	1.301E-05
5.349E-06	1.304E-05
5.359E-06	1.306E-05
5.359E-06	1.306E-05
5.359E-06	1.308E-05
5.370E-06	1.311E-05
5.390E-06	1.314E-05
5.390E-06	1.315E-05
5.390E-06	1.316E-05
5.400E-06	1.318E-05
5.400E-06	1.319E-05
5.410E-06	1.320E-05
5.410E-06	1.322E-05
5.421E-06	1.323E-05
5.431E-06	1.325E-05
5.431E-06	1.327E-05
5.441E-06	1.329E-05
5.451E-06	1.331E-05
5.451E-06	1.332E-05
5.451E-06	1.332E-05
5.451E-06	1.332E-05
5.451E-06	1.333E-05
5.461E-06	1.335E-05
5.472E-06	1.336E-05
5.472E-06	1.338E-05
5.472E-06	1.338E-05
5.482E-06	1.339E-05
5.482E-06	1.340E-05
5.482E-06	1.341E-05
5.492E-06	1.342E-05
5.492E-06	1.343E-05
5.492E-06	1.343E-05
5.492E-06	1.343E-05
5.492E-06	1.344E-05
5.502E-06	1.344E-05
5.502E-06	1.345E-05
5.502E-06	1.346E-05
5.502E-06	1.346E-05
5.512E-06	1.347E-05
5.512E-06	1.348E-05
5.512E-06	1.350E-05
5.523E-06	1.350E-05
5.523E-06	1.351E-05
5.523E-06	1.352E-05
5.533E-06	1.353E-05
5.533E-06	1.354E-05
5.543E-06	1.357E-05
5.553E-06	1.360E-05
5.563E-06	1.361E-05
5.574E-06	1.364E-05
5.574E-06	1.366E-05
5.584E-06	1.366E-05
5.584E-06	1.368E-05
5.594E-06	1.370E-05
5.604E-06	1.372E-05
5.604E-06	1.374E-05
5.615E-06	1.375E-05
5.625E-06	1.378E-05
5.635E-06	1.380E-05
5.645E-06	1.383E-05
5.655E-06	1.385E-05
5.655E-06	1.386E-05
5.666E-06	1.388E-05
5.666E-06	1.390E-05
5.676E-06	1.392E-05
5.686E-06	1.393E-05
5.686E-06	1.395E-05
5.696E-06	1.397E-05
5.696E-06	1.398E-05
5.696E-06	1.398E-05
5.706E-06	1.399E-05
5.706E-06	1.400E-05
5.706E-06	1.401E-05
5.717E-06	1.402E-05
5.717E-06	1.403E-05
5.717E-06	1.404E-05
5.727E-06	1.405E-05
5.727E-06	1.407E-05
5.737E-06	1.409E-05
5.747E-06	1.410E-05
5.747E-06	1.412E-05
5.757E-06	1.413E-05
5.757E-06	1.414E-05
5.768E-06	1.416E-05
5.768E-06	1.417E-05
5.778E-06	1.418E-05
5.778E-06	1.420E-05
5.788E-06	1.421E-05
5.798E-06	1.424E-05
5.798E-06	1.426E-05
5.808E-06	1.428E-05
5.819E-06	1.431E-05
5.829E-06	1.432E-05
5.829E-06	1.434E-05
5.839E-06	1.434E-05
5.839E-06	1.436E-05
5.849E-06	1.438E-05
5.849E-06	1.439E-05
5.860E-06	1.440E-05
5.860E-06	1.441E-05
5.870E-06	1.443E-05
5.870E-06	1.444E-05
5.870E-06	1.445E-05
5.880E-06	1.446E-05
5.880E-06	1.447E-05
5.880E-06	1.448E-05
5.880E-06	1.449E-05
5.890E-06	1.449E-05
5.890E-06	1.451E-05
5.890E-06	1.451E-05
5.900E-06	1.452E-05
5.900E-06	1.453E-05
5.900E-06	1.455E-05
5.911E-06	1.456E-05
5.911E-06	1.458E-05
5.921E-06	1.459E-05
5.931E-06	1.460E-05
5.931E-06	1.462E-05
5.941E-06	1.464E-05
5.951E-06	1.466E-05
5.951E-06	1.467E-05
5.951E-06	1.468E-05
5.962E-06	1.469E-05
5.972E-06	1.471E-05
5.972E-06	1.473E-05
5.982E-06	1.474E-05
5.982E-06	1.474E-05
5.982E-06	1.476E-05
5.982E-06	1.477E-05
5.992E-06	1.478E-05
5.992E-06	1.479E-05
5.992E-06	1.479E-05
6.002E-06	1.480E-05
6.002E-06	1.481E-05
6.013E-06	1.484E-05
6.013E-06	1.485E-05
6.023E-06	1.486E-05
6.023E-06	1.486E-05
6.023E-06	1.487E-05
6.023E-06	1.488E-05
6.033E-06	1.489E-05
6.033E-06	1.490E-05
6.043E-06	1.490E-05
6.043E-06	1.492E-05
6.043E-06	1.494E-05
6.053E-06	1.495E-05
6.053E-06	1.496E-05
6.053E-06	1.496E-05
6.053E-06	1.496E-05
6.053E-06	1.497E-05
6.053E-06	1.497E-05
6.064E-06	1.498E-05
6.064E-06	1.499E-05
6.074E-06	1.501E-05
6.084E-06	1.503E-05
6.084E-06	1.504E-05
6.094E-06	1.506E-05
6.094E-06	1.507E-05
6.105E-06	1.509E-05
6.105E-06	1.510E-05
6.115E-06	1.511E-05
6.115E-06	1.513E-05
6.125E-06	1.515E-05
6.135E-06	1.517E-05
6.145E-06	1.520E-05
6.156E-06	1.521E-05
6.166E-06	1.524E-05
6.176E-06	1.527E-05
6.186E-06	1.530E-05
6.186E-06	1.531E-05
6.196E-06	1.532E-05
6.196E-06	1.533E-05
6.196E-06	1.534E-05
6.207E-06	1.535E-05
6.207E-06	1.536E-05
6.207E-06	1.537E-05
6.217E-06	1.539E-05
6.217E-06	1.539E-05
6.217E-06	1.541E-05
6.227E-06	1.541E-05
6.227E-06	1.541E-05
6.227E-06	1.543E-05
6.227E-06	1.544E-05
6.237E-06	1.545E-05
6.237E-06	1.545E-05
6.237E-06	1.546E-05
6.247E-06	1.548E-05
6.258E-06	1.550E-05
6.258E-06	1.551E-05
6.268E-06	1.553E-05
6.268E-06	1.554E-05
6.268E-06	1.555E-05
6.278E-06	1.555E-05
6.278E-06	1.556E-05
6.278E-06	1.556E-05
6.278E-06	1.557E-05
6.278E-06	1.557E-05
6.288E-06	1.558E-05
6.288E-06	1.559E-05
6.288E-06	1.560E-05
6.298E-06	1.561E-05
6.298E-06	1.562E-05
6.298E-06	1.563E-05
6.309E-06	1.565E-05
6.319E-06	1.567E-05
6.329E-06	1.570E-05
6.339E-06	1.573E-05
6.350E-06	1.574E-05
6.350E-06	1.576E-05
6.360E-06	1.577E-05
6.360E-06	1.578E-05
6.370E-06	1.579E-05
6.370E-06	1.580E-05
6.370E-06	1.581E-05
6.370E-06	1.582E-05
6.370E-06	1.583E-05
6.380E-06	1.584E-05
6.380E-06	1.584E-05
6.380E-06	1.577E-05
6.380E-06	1.585E-05
6.390E-06	1.586E-05
6.390E-06	1.587E-05
6.390E-06	1.588E-05
6.401E-06	1.589E-05
6.401E-06	1.589E-05
6.401E-06	1.591E-05
6.401E-06	1.592E-05
6.411E-06	1.592E-05
6.411E-06	1.592E-05
6.411E-06	1.593E-05
6.421E-06	1.594E-05
6.421E-06	1.594E-05
6.421E-06	1.596E-05
6.431E-06	1.598E-05
6.441E-06	1.600E-05
6.441E-06	1.601E-05
6.452E-06	1.603E-05
6.452E-06	1.604E-05
6.452E-06	1.605E-05
6.462E-06	1.607E-05
6.472E-06	1.608E-05
6.472E-06	1.610E-05
6.482E-06	1.612E-05
6.492E-06	1.613E-05
6.492E-06	1.615E-05
6.503E-06	1.616E-05
6.503E-06	1.618E-05
6.513E-06	1.620E-05
6.513E-06	1.621E-05
6.523E-06	1.623E-05
6.533E-06	1.625E-05
6.543E-06	1.627E-05
6.554E-06	1.629E-05
6.564E-06	1.632E-05
6.564E-06	1.634E-05
6.574E-06	1.635E-05
6.574E-06	1.637E-05
6.584E-06	1.639E-05
6.595E-06	1.642E-05
6.605E-06	1.644E-05
6.615E-06	1.646E-05
6.615E-06	1.648E-05
6.625E-06	1.650E-05
6.635E-06	1.652E-05
6.646E-06	1.654E-05
6.646E-06	1.655E-05
6.646E-06	1.656E-05
6.646E-06	1.656E-05
6.656E-06	1.657E-05
6.656E-06	1.659E-05
6.666E-06	1.660E-05
6.666E-06	1.662E-05
6.676E-06	1.664E-05
6.697E-06	1.668E-05
6.697E-06	1.670E-05
6.707E-06	1.671E-05
6.717E-06	1.673E-05
6.717E-06	1.674E-05
6.727E-06	1.676E-05
6.727E-06	1.677E-05
6.737E-06	1.678E-05
6.737E-06	1.679E-05
6.737E-06	1.681E-05
6.748E-06	1.682E-05
6.748E-06	1.683E-05
6.748E-06	1.683E-05
6.758E-06	1.684E-05
6.758E-06	1.686E-05
6.768E-06	1.688E-05
6.778E-06	1.690E-05
6.778E-06	1.692E-05
6.788E-06	1.693E-05
6.788E-06	1.695E-05
6.799E-06	1.696E-05
6.799E-06	1.698E-05
6.809E-06	1.700E-05
6.819E-06	1.701E-05
6.819E-06	1.703E-05
6.829E-06	1.704E-05
6.840E-06	1.706E-05
6.840E-06	1.708E-05
6.850E-06	1.709E-05
6.860E-06	1.711E-05
6.860E-06	1.713E-05
6.870E-06	1.715E-05
6.870E-06	1.715E-05
6.880E-06	1.717E-05
6.880E-06	1.718E-05
6.891E-06	1.720E-05
6.901E-06	1.721E-05
6.901E-06	1.723E-05
6.911E-06	1.725E-05
6.911E-06	1.726E-05
6.911E-06	1.727E-05
6.921E-06	1.728E-05
6.921E-06	1.730E-05
6.931E-06	1.731E-05
6.931E-06	1.731E-05
6.931E-06	1.732E-05
6.931E-06	1.733E-05
6.942E-06	1.734E-05
6.942E-06	1.734E-05
6.942E-06	1.734E-05
6.942E-06	1.735E-05
6.942E-06	1.736E-05
6.942E-06	1.736E-05
6.942E-06	1.736E-05
6.952E-06	1.737E-05
6.952E-06	1.737E-05
6.952E-06	1.737E-05
6.952E-06	1.737E-05
6.952E-06	1.737E-05
6.952E-06	1.737E-05
6.952E-06	1.737E-05
6.952E-06	1.737E-05
6.952E-06	1.738E-05
6.942E-06	1.738E-05
6.942E-06	1.737E-05
6.952E-06	1.737E-05
6.942E-06	1.737E-05
6.942E-06	1.737E-05
6.942E-06	1.737E-05
6.942E-06	1.737E-05
6.942E-06	1.737E-05
6.942E-06	1.737E-05
6.942E-06	1.737E-05
6.942E-06	1.737E-05
6.942E-06	1.737E-05
6.942E-06	1.737E-05
6.952E-06	1.737E-05
6.942E-06	1.737E-05
6.942E-06	1.737E-05
6.942E-06	1.738E-05
6.942E-06	1.737E-05
6.942E-06	1.738E-05
6.942E-06	1.738E-05
6.942E-06	1.738E-05
6.952E-06	1.738E-05
6.942E-06	1.738E-05
6.942E-06	1.738E-05
6.942E-06	1.738E-05
6.942E-06	1.738E-05
6.942E-06	1.738E-05
6.942E-06	1.738E-05
6.942E-06	1.738E-05
6.942E-06	1.738E-05
6.942E-06	1.738E-05
6.942E-06	1.738E-05
6.952E-06	1.738E-05
6.942E-06	1.738E-05
6.942E-06	1.738E-05
6.942E-06	1.738E-05
6.942E-06	1.738E-05
6.942E-06	1.738E-05
6.942E-06	1.738E-05
6.942E-06	1.738E-05
6.942E-06	1.738E-05
6.942E-06	1.738E-05
6.942E-06	1.738E-05
6.942E-06	1.738E-05
6.942E-06	1.738E-05
6.942E-06	1.738E-05
6.942E-06	1.738E-05
6.942E-06	1.738E-05
6.942E-06	1.738E-05
6.942E-06	1.738E-05
6.942E-06	1.738E-05
6.942E-06	1.738E-05
6.942E-06	1.738E-05
6.942E-06	1.738E-05
6.942E-06	1.738E-05
6.942E-06	1.738E-05
6.942E-06	1.738E-05
6.942E-06	1.738E-05
6.942E-06	1.738E-05
6.942E-06	1.738E-05
6.942E-06	1.738E-05
6.942E-06	1.738E-05
6.942E-06	1.739E-05
6.942E-06	1.738E-05
6.942E-06	1.738E-05
6.942E-06	1.738E-05
6.942E-06	1.738E-05
6.942E-06	1.738E-05
6.942E-06	1.738E-05
6.942E-06	1.738E-05
6.942E-06	1.738E-05
6.942E-06	1.738E-05
6.942E-06	1.738E-05
6.942E-06	1.738E-05
6.942E-06	1.738E-05
6.942E-06	1.738E-05
6.942E-06	1.738E-05
6.942E-06	1.738E-05
6.942E-06	1.738E-05
6.942E-06	1.738E-05
6.942E-06	1.738E-05
6.942E-06	1.738E-05
6.942E-06	1.738E-05
6.942E-06	1.738E-05
6.942E-06	1.738E-05
6.942E-06	1.738E-05
6.942E-06	1.738E-05
6.942E-06	1.738E-05
6.942E-06	1.738E-05
6.942E-06	1.738E-05
6.942E-06	1.738E-05
6.942E-06	1.738E-05
6.942E-06	1.738E-05
6.942E-06	1.738E-05
6.942E-06	1.739E-05
6.942E-06	1.738E-05
6.942E-06	1.738E-05
6.942E-06	1.738E-05
6.942E-06	1.738E-05
6.942E-06	1.738E-05
6.942E-06	1.738E-05
6.942E-06	1.738E-05
6.942E-06	1.738E-05
6.952E-06	1.740E-05
6.962E-06	1.741E-05
7.054E-06	1.761E-05
7.085E-06	1.771E-05
7.085E-06	1.771E-05
7.085E-06	1.772E-05
7.085E-06	1.772E-05
7.074E-06	1.772E-05
7.074E-06	1.772E-05
7.074E-06	1.772E-05
7.074E-06	1.772E-05
7.074E-06	1.772E-05
7.074E-06	1.772E-05
7.074E-06	1.772E-05
7.074E-06	1.772E-05
7.074E-06	1.772E-05
7.074E-06	1.772E-05
7.074E-06	1.772E-05
7.074E-06	1.772E-05
7.074E-06	1.772E-05
7.074E-06	1.772E-05
7.074E-06	1.773E-05
7.074E-06	1.773E-05
7.085E-06	1.774E-05
7.085E-06	1.776E-05
7.095E-06	1.778E-05
7.105E-06	1.779E-05
7.105E-06	1.780E-05
7.105E-06	1.782E-05
7.115E-06	1.783E-05
7.125E-06	1.785E-05
7.125E-06	1.786E-05
7.136E-06	1.788E-05
7.136E-06	1.790E-05
7.146E-06	1.791E-05
7.146E-06	1.792E-05
7.156E-06	1.794E-05
7.156E-06	1.795E-05
7.166E-06	1.797E-05
7.166E-06	1.798E-05
7.176E-06	1.799E-05
7.176E-06	1.800E-05
7.187E-06	1.801E-05
7.187E-06	1.802E-05
7.187E-06	1.803E-05
7.187E-06	1.803E-05
7.197E-06	1.805E-05
7.197E-06	1.806E-05
7.207E-06	1.806E-05
7.207E-06	1.808E-05
7.207E-06	1.809E-05
7.217E-06	1.811E-05
7.217E-06	1.812E-05
7.227E-06	1.813E-05
7.227E-06	1.814E-05
7.238E-06	1.816E-05
7.238E-06	1.818E-05
7.248E-06	1.819E-05
7.258E-06	1.820E-05
7.258E-06	1.822E-05
7.268E-06	1.824E-05
7.278E-06	1.827E-05
7.289E-06	1.829E-05
7.299E-06	1.833E-05
7.319E-06	1.836E-05
7.319E-06	1.839E-05
7.330E-06	1.841E-05
7.340E-06	1.842E-05
7.340E-06	1.843E-05
7.340E-06	1.844E-05
7.350E-06	1.846E-05
7.360E-06	1.848E-05
7.370E-06	1.850E-05
7.370E-06	1.852E-05
7.381E-06	1.855E-05
7.391E-06	1.857E-05
7.401E-06	1.859E-05
7.411E-06	1.861E-05
7.411E-06	1.863E-05
7.421E-06	1.865E-05
7.432E-06	1.867E-05
7.432E-06	1.868E-05
7.432E-06	1.869E-05
7.442E-06	1.870E-05
7.442E-06	1.871E-05
7.442E-06	1.872E-05
7.452E-06	1.874E-05
7.462E-06	1.876E-05
7.472E-06	1.879E-05
7.483E-06	1.881E-05
7.493E-06	1.885E-05
7.513E-06	1.888E-05
7.523E-06	1.891E-05
7.523E-06	1.893E-05
7.544E-06	1.897E-05
7.544E-06	1.899E-05
7.554E-06	1.900E-05
7.554E-06	1.901E-05
7.554E-06	1.902E-05
7.564E-06	1.903E-05
7.564E-06	1.904E-05
7.575E-06	1.906E-05
7.575E-06	1.908E-05
7.585E-06	1.909E-05
7.595E-06	1.912E-05
7.595E-06	1.913E-05
7.605E-06	1.915E-05
7.605E-06	1.916E-05
7.615E-06	1.918E-05
7.626E-06	1.919E-05
7.636E-06	1.923E-05
7.646E-06	1.926E-05
7.656E-06	1.929E-05
7.677E-06	1.933E-05
7.687E-06	1.936E-05
7.687E-06	1.937E-05
7.697E-06	1.939E-05
7.707E-06	1.941E-05
7.717E-06	1.944E-05
7.717E-06	1.946E-05
7.728E-06	1.948E-05
7.738E-06	1.949E-05
7.738E-06	1.951E-05
7.748E-06	1.954E-05
7.758E-06	1.956E-05
7.758E-06	1.958E-05
7.768E-06	1.959E-05
7.779E-06	1.961E-05
7.779E-06	1.963E-05
7.789E-06	1.964E-05
7.799E-06	1.967E-05
7.809E-06	1.969E-05
7.809E-06	1.971E-05
7.820E-06	1.972E-05
7.820E-06	1.974E-05
7.830E-06	1.976E-05
7.840E-06	1.977E-05
7.850E-06	1.979E-05
7.850E-06	1.982E-05
7.860E-06	1.983E-05
7.871E-06	1.986E-05
7.871E-06	1.987E-05
7.881E-06	1.989E-05
7.891E-06	1.990E-05
7.891E-06	1.992E-05
7.901E-06	1.993E-05
7.901E-06	1.995E-05
7.911E-06	1.996E-05
7.911E-06	1.989E-05
7.911E-06	1.999E-05
7.922E-06	2.001E-05
7.932E-06	2.002E-05
7.932E-06	2.005E-05
7.942E-06	2.006E-05
7.952E-06	2.009E-05
7.952E-06	2.010E-05
7.962E-06	2.011E-05
7.962E-06	2.011E-05
7.962E-06	2.013E-05
7.973E-06	2.014E-05
7.973E-06	2.015E-05
7.983E-06	2.016E-05
7.983E-06	2.018E-05
7.993E-06	2.020E-05
8.003E-06	2.022E-05
8.013E-06	2.024E-05
8.013E-06	2.026E-05
8.024E-06	2.028E-05
8.034E-06	2.030E-05
8.034E-06	2.031E-05
8.044E-06	2.033E-05
8.054E-06	2.035E-05
8.054E-06	2.036E-05
8.065E-06	2.038E-05
8.075E-06	2.040E-05
8.075E-06	2.042E-05
8.085E-06	2.043E-05
8.085E-06	2.044E-05
8.085E-06	2.046E-05
8.095E-06	2.047E-05
8.105E-06	2.048E-05
8.105E-06	2.051E-05
8.116E-06	2.052E-05
8.116E-06	2.053E-05
8.126E-06	2.054E-05
8.126E-06	2.056E-05
8.126E-06	2.056E-05
8.136E-06	2.057E-05
8.136E-06	2.057E-05
8.136E-06	2.060E-05
8.146E-06	2.061E-05
8.156E-06	2.062E-05
8.167E-06	2.065E-05
8.167E-06	2.066E-05
8.177E-06	2.067E-05
8.177E-06	2.069E-05
8.187E-06	2.071E-05
8.197E-06	2.073E-05
8.197E-06	2.076E-05
8.207E-06	2.077E-05
8.218E-06	2.079E-05
8.218E-06	2.081E-05
8.228E-06	2.083E-05
8.238E-06	2.085E-05
8.238E-06	2.087E-05
8.248E-06	2.090E-05
8.258E-06	2.092E-05
8.269E-06	2.094E-05
8.279E-06	2.097E-05
8.279E-06	2.098E-05
8.289E-06	2.100E-05
8.299E-06	2.103E-05
8.310E-06	2.105E-05
8.310E-06	2.106E-05
8.320E-06	2.109E-05
8.330E-06	2.110E-05
8.330E-06	2.111E-05
8.330E-06	2.112E-05
8.340E-06	2.114E-05
8.350E-06	2.116E-05
8.350E-06	2.118E-05
8.361E-06	2.119E-05
8.361E-06	2.120E-05
8.371E-06	2.121E-05
8.371E-06	2.123E-05
8.381E-06	2.125E-05
8.391E-06	2.126E-05
8.391E-06	2.128E-05
8.391E-06	2.129E-05
8.401E-06	2.130E-05
8.412E-06	2.133E-05
8.412E-06	2.134E-05
8.422E-06	2.135E-05
8.422E-06	2.138E-05
8.432E-06	2.140E-05
8.432E-06	2.141E-05
8.442E-06	2.143E-05
8.452E-06	2.146E-05
8.463E-06	2.148E-05
8.463E-06	2.149E-05
8.473E-06	2.150E-05
