2.715E-06	5.910E-06
2.715E-06	5.914E-06
2.715E-06	5.916E-06
2.715E-06	5.920E-06
2.715E-06	5.926E-06
2.715E-06	5.930E-06
2.715E-06	5.934E-06
2.715E-06	5.939E-06
2.715E-06	5.943E-06
2.715E-06	5.948E-06
2.715E-06	5.952E-06
2.715E-06	5.959E-06
2.715E-06	5.964E-06
2.715E-06	5.967E-06
2.715E-06	5.973E-06
2.715E-06	5.988E-06
2.715E-06	5.997E-06
2.715E-06	6.012E-06
2.715E-06	6.024E-06
2.715E-06	6.035E-06
2.715E-06	6.046E-06
2.715E-06	6.060E-06
2.715E-06	6.094E-06
2.715E-06	6.118E-06
2.726E-06	6.138E-06
2.726E-06	6.151E-06
2.726E-06	6.163E-06
2.736E-06	6.177E-06
2.746E-06	6.196E-06
2.756E-06	6.221E-06
2.756E-06	6.235E-06
2.766E-06	6.251E-06
2.777E-06	6.271E-06
2.777E-06	6.292E-06
2.787E-06	6.312E-06
2.797E-06	6.335E-06
2.797E-06	6.346E-06
2.807E-06	6.355E-06
2.807E-06	6.373E-06
2.817E-06	6.392E-06
2.817E-06	6.403E-06
2.828E-06	6.419E-06
2.838E-06	6.440E-06
2.848E-06	6.465E-06
2.848E-06	6.479E-06
2.848E-06	6.494E-06
2.858E-06	6.515E-06
2.869E-06	6.532E-06
2.869E-06	6.543E-06
2.869E-06	6.554E-06
2.879E-06	6.575E-06
2.879E-06	6.589E-06
2.889E-06	6.601E-06
2.889E-06	6.618E-06
2.899E-06	6.635E-06
2.909E-06	6.649E-06
2.909E-06	6.664E-06
2.920E-06	6.678E-06
2.930E-06	6.702E-06
2.930E-06	6.721E-06
2.940E-06	6.738E-06
2.940E-06	6.753E-06
2.950E-06	6.763E-06
2.950E-06	6.770E-06
2.950E-06	6.780E-06
2.960E-06	6.797E-06
2.971E-06	6.817E-06
2.971E-06	6.824E-06
2.981E-06	6.840E-06
2.981E-06	6.857E-06
2.991E-06	6.879E-06
3.001E-06	6.890E-06
3.001E-06	6.901E-06
3.001E-06	6.913E-06
3.011E-06	6.933E-06
3.011E-06	6.947E-06
3.022E-06	6.963E-06
3.032E-06	6.985E-06
3.032E-06	6.994E-06
3.032E-06	7.004E-06
3.032E-06	7.012E-06
3.042E-06	7.018E-06
3.042E-06	7.026E-06
3.042E-06	7.033E-06
3.042E-06	7.041E-06
3.042E-06	7.042E-06
3.042E-06	7.049E-06
3.052E-06	7.056E-06
3.052E-06	7.062E-06
3.052E-06	7.064E-06
3.052E-06	7.074E-06
3.062E-06	7.090E-06
3.073E-06	7.109E-06
3.073E-06	7.119E-06
3.073E-06	7.129E-06
3.083E-06	7.139E-06
3.083E-06	7.148E-06
3.093E-06	7.156E-06
3.093E-06	7.166E-06
3.093E-06	7.180E-06
3.103E-06	7.193E-06
3.103E-06	7.203E-06
3.114E-06	7.216E-06
3.114E-06	7.226E-06
3.124E-06	7.238E-06
3.124E-06	7.254E-06
3.134E-06	7.266E-06
3.134E-06	7.279E-06
3.134E-06	7.289E-06
3.144E-06	7.301E-06
3.144E-06	7.316E-06
3.154E-06	7.330E-06
3.165E-06	7.344E-06
3.165E-06	7.359E-06
3.175E-06	7.373E-06
3.175E-06	7.386E-06
3.185E-06	7.400E-06
3.185E-06	7.409E-06
3.185E-06	7.420E-06
3.195E-06	7.439E-06
3.195E-06	7.450E-06
3.195E-06	7.460E-06
3.205E-06	7.470E-06
3.205E-06	7.489E-06
3.216E-06	7.505E-06
3.216E-06	7.523E-06
3.226E-06	7.535E-06
3.226E-06	7.543E-06
3.236E-06	7.564E-06
3.246E-06	7.593E-06
3.246E-06	7.604E-06
3.256E-06	7.611E-06
3.256E-06	7.621E-06
3.267E-06	7.643E-06
3.267E-06	7.656E-06
3.277E-06	7.668E-06
3.277E-06	7.675E-06
3.277E-06	7.683E-06
3.287E-06	7.696E-06
3.287E-06	7.709E-06
3.297E-06	7.727E-06
3.297E-06	7.740E-06
3.307E-06	7.760E-06
3.318E-06	7.770E-06
3.328E-06	7.786E-06
3.328E-06	7.806E-06
3.338E-06	7.823E-06
3.338E-06	7.842E-06
3.348E-06	7.862E-06
3.359E-06	7.881E-06
3.359E-06	7.892E-06
3.359E-06	7.903E-06
3.369E-06	7.920E-06
3.369E-06	7.938E-06
3.379E-06	7.949E-06
3.379E-06	7.967E-06
3.389E-06	7.984E-06
3.389E-06	7.993E-06
3.399E-06	8.010E-06
3.399E-06	8.018E-06
3.399E-06	8.025E-06
3.399E-06	8.030E-06
3.410E-06	8.045E-06
3.410E-06	8.068E-06
3.420E-06	8.094E-06
3.440E-06	8.114E-06
3.450E-06	8.136E-06
3.461E-06	8.170E-06
3.471E-06	8.203E-06
3.481E-06	8.228E-06
3.491E-06	8.257E-06
3.501E-06	8.276E-06
3.512E-06	8.298E-06
3.512E-06	8.314E-06
3.512E-06	8.329E-06
3.522E-06	8.359E-06
3.532E-06	8.374E-06
3.532E-06	8.385E-06
3.542E-06	8.403E-06
3.542E-06	8.424E-06
3.552E-06	8.441E-06
3.552E-06	8.457E-06
3.563E-06	8.472E-06
3.563E-06	8.488E-06
3.573E-06	8.515E-06
3.583E-06	8.547E-06
3.593E-06	8.567E-06
3.593E-06	8.581E-06
3.604E-06	8.598E-06
3.614E-06	8.610E-06
3.614E-06	8.623E-06
3.624E-06	8.638E-06
3.624E-06	8.650E-06
3.634E-06	8.667E-06
3.634E-06	8.683E-06
3.644E-06	8.702E-06
3.655E-06	8.728E-06
3.665E-06	8.753E-06
3.675E-06	8.772E-06
3.685E-06	8.796E-06
3.685E-06	8.817E-06
3.695E-06	8.831E-06
3.695E-06	8.844E-06
3.695E-06	8.853E-06
3.706E-06	8.862E-06
3.706E-06	8.870E-06
3.706E-06	8.874E-06
3.706E-06	8.886E-06
3.716E-06	8.904E-06
3.716E-06	8.920E-06
3.726E-06	8.947E-06
3.736E-06	8.970E-06
3.746E-06	8.989E-06
3.746E-06	9.007E-06
3.746E-06	9.016E-06
3.757E-06	9.024E-06
3.757E-06	9.038E-06
3.767E-06	9.061E-06
3.777E-06	9.071E-06
3.777E-06	9.076E-06
3.777E-06	9.086E-06
3.787E-06	9.100E-06
3.787E-06	9.108E-06
3.787E-06	9.118E-06
3.787E-06	9.125E-06
3.797E-06	9.128E-06
3.797E-06	9.132E-06
3.797E-06	9.140E-06
3.797E-06	9.151E-06
3.808E-06	9.159E-06
3.808E-06	9.168E-06
3.818E-06	9.185E-06
3.818E-06	9.199E-06
3.828E-06	9.209E-06
3.828E-06	9.219E-06
3.828E-06	9.228E-06
3.838E-06	9.240E-06
3.838E-06	9.257E-06
3.849E-06	9.280E-06
3.859E-06	9.297E-06
3.859E-06	9.303E-06
3.869E-06	9.314E-06
3.869E-06	9.325E-06
3.869E-06	9.332E-06
3.879E-06	9.344E-06
3.879E-06	9.360E-06
3.879E-06	9.372E-06
3.889E-06	9.378E-06
3.889E-06	9.390E-06
3.900E-06	9.405E-06
3.900E-06	9.416E-06
3.900E-06	9.423E-06
3.910E-06	9.437E-06
3.910E-06	9.455E-06
3.920E-06	9.490E-06
3.930E-06	9.511E-06
3.930E-06	9.523E-06
3.940E-06	9.529E-06
3.951E-06	9.551E-06
3.961E-06	9.571E-06
3.961E-06	9.584E-06
3.961E-06	9.594E-06
3.971E-06	9.602E-06
3.971E-06	9.608E-06
3.971E-06	9.620E-06
3.981E-06	9.629E-06
3.981E-06	9.644E-06
3.991E-06	9.663E-06
3.991E-06	9.680E-06
4.002E-06	9.693E-06
4.012E-06	9.710E-06
4.022E-06	9.734E-06
4.032E-06	9.765E-06
4.032E-06	9.787E-06
4.042E-06	9.807E-06
4.053E-06	9.830E-06
4.053E-06	9.846E-06
4.063E-06	9.862E-06
4.063E-06	9.879E-06
4.073E-06	9.892E-06
4.073E-06	9.905E-06
4.083E-06	9.916E-06
4.083E-06	9.927E-06
4.083E-06	9.935E-06
4.094E-06	9.946E-06
4.094E-06	9.959E-06
4.104E-06	9.985E-06
4.114E-06	1.000E-05
4.114E-06	1.001E-05
4.114E-06	1.002E-05
4.124E-06	1.003E-05
4.124E-06	1.004E-05
4.124E-06	1.004E-05
4.124E-06	1.005E-05
4.124E-06	1.005E-05
4.124E-06	1.006E-05
4.134E-06	1.007E-05
4.134E-06	1.008E-05
4.134E-06	1.008E-05
4.145E-06	1.009E-05
4.145E-06	1.009E-05
4.145E-06	1.010E-05
4.145E-06	1.010E-05
4.145E-06	1.010E-05
4.145E-06	1.011E-05
4.155E-06	1.011E-05
4.155E-06	1.012E-05
4.155E-06	1.013E-05
4.155E-06	1.013E-05
4.155E-06	1.014E-05
4.165E-06	1.015E-05
4.165E-06	1.015E-05
4.165E-06	1.016E-05
4.175E-06	1.018E-05
4.175E-06	1.019E-05
4.185E-06	1.020E-05
4.185E-06	1.022E-05
4.196E-06	1.023E-05
4.196E-06	1.024E-05
4.206E-06	1.025E-05
4.206E-06	1.027E-05
4.216E-06	1.028E-05
4.216E-06	1.029E-05
4.216E-06	1.030E-05
4.216E-06	1.031E-05
4.226E-06	1.032E-05
4.226E-06	1.033E-05
4.226E-06	1.034E-05
4.236E-06	1.035E-05
4.236E-06	1.036E-05
4.236E-06	1.037E-05
4.247E-06	1.038E-05
4.247E-06	1.038E-05
4.247E-06	1.039E-05
4.247E-06	1.040E-05
4.257E-06	1.042E-05
4.267E-06	1.043E-05
4.267E-06	1.045E-05
4.277E-06	1.047E-05
4.287E-06	1.048E-05
4.287E-06	1.049E-05
4.298E-06	1.051E-05
4.298E-06	1.051E-05
4.298E-06	1.052E-05
4.298E-06	1.053E-05
4.308E-06	1.054E-05
4.308E-06	1.055E-05
4.308E-06	1.056E-05
4.318E-06	1.057E-05
4.318E-06	1.057E-05
4.318E-06	1.058E-05
4.328E-06	1.059E-05
4.328E-06	1.060E-05
4.339E-06	1.062E-05
4.339E-06	1.063E-05
4.349E-06	1.065E-05
4.349E-06	1.066E-05
4.359E-06	1.067E-05
4.359E-06	1.068E-05
4.359E-06	1.069E-05
4.369E-06	1.071E-05
4.379E-06	1.073E-05
4.379E-06	1.074E-05
4.379E-06	1.074E-05
4.379E-06	1.075E-05
4.390E-06	1.076E-05
4.390E-06	1.077E-05
4.390E-06	1.078E-05
4.390E-06	1.078E-05
4.400E-06	1.079E-05
4.400E-06	1.080E-05
4.400E-06	1.081E-05
4.400E-06	1.082E-05
4.410E-06	1.082E-05
4.410E-06	1.083E-05
4.410E-06	1.084E-05
4.410E-06	1.084E-05
4.420E-06	1.085E-05
4.420E-06	1.086E-05
4.420E-06	1.087E-05
4.420E-06	1.087E-05
4.420E-06	1.089E-05
4.430E-06	1.089E-05
4.430E-06	1.090E-05
4.430E-06	1.091E-05
4.441E-06	1.092E-05
4.441E-06	1.092E-05
4.441E-06	1.093E-05
4.451E-06	1.094E-05
4.451E-06	1.095E-05
4.461E-06	1.097E-05
4.461E-06	1.098E-05
4.471E-06	1.099E-05
4.471E-06	1.100E-05
4.471E-06	1.100E-05
4.481E-06	1.101E-05
4.481E-06	1.102E-05
4.481E-06	1.103E-05
4.492E-06	1.104E-05
4.492E-06	1.104E-05
4.492E-06	1.105E-05
4.492E-06	1.105E-05
4.502E-06	1.106E-05
4.502E-06	1.108E-05
4.502E-06	1.109E-05
4.512E-06	1.111E-05
4.512E-06	1.112E-05
4.512E-06	1.112E-05
4.522E-06	1.113E-05
4.522E-06	1.114E-05
4.522E-06	1.114E-05
4.532E-06	1.115E-05
4.543E-06	1.117E-05
4.543E-06	1.118E-05
4.543E-06	1.118E-05
4.543E-06	1.119E-05
4.543E-06	1.120E-05
4.543E-06	1.121E-05
4.553E-06	1.123E-05
4.553E-06	1.123E-05
4.553E-06	1.124E-05
4.553E-06	1.124E-05
4.563E-06	1.124E-05
4.563E-06	1.125E-05
4.563E-06	1.125E-05
4.563E-06	1.127E-05
4.573E-06	1.128E-05
4.573E-06	1.129E-05
4.573E-06	1.130E-05
4.573E-06	1.130E-05
4.584E-06	1.131E-05
4.584E-06	1.131E-05
4.584E-06	1.132E-05
4.584E-06	1.133E-05
4.594E-06	1.136E-05
4.604E-06	1.137E-05
4.604E-06	1.137E-05
4.604E-06	1.138E-05
4.614E-06	1.139E-05
4.614E-06	1.140E-05
4.614E-06	1.140E-05
4.614E-06	1.141E-05
4.614E-06	1.142E-05
4.624E-06	1.143E-05
4.624E-06	1.143E-05
4.624E-06	1.144E-05
4.624E-06	1.144E-05
4.635E-06	1.145E-05
4.635E-06	1.147E-05
4.645E-06	1.148E-05
4.645E-06	1.149E-05
4.655E-06	1.150E-05
4.655E-06	1.151E-05
4.665E-06	1.152E-05
4.665E-06	1.153E-05
4.675E-06	1.155E-05
4.675E-06	1.156E-05
4.675E-06	1.157E-05
4.686E-06	1.158E-05
4.686E-06	1.159E-05
4.686E-06	1.160E-05
4.696E-06	1.161E-05
4.696E-06	1.163E-05
4.706E-06	1.165E-05
4.716E-06	1.167E-05
4.726E-06	1.169E-05
4.737E-06	1.171E-05
4.737E-06	1.173E-05
4.747E-06	1.174E-05
4.747E-06	1.176E-05
4.757E-06	1.178E-05
4.757E-06	1.180E-05
4.767E-06	1.181E-05
4.767E-06	1.182E-05
4.777E-06	1.183E-05
4.777E-06	1.185E-05
4.788E-06	1.185E-05
4.788E-06	1.187E-05
4.798E-06	1.189E-05
4.798E-06	1.190E-05
4.808E-06	1.193E-05
4.818E-06	1.194E-05
4.818E-06	1.196E-05
4.828E-06	1.197E-05
4.828E-06	1.199E-05
4.839E-06	1.200E-05
4.839E-06	1.201E-05
4.849E-06	1.202E-05
4.849E-06	1.203E-05
4.859E-06	1.204E-05
4.859E-06	1.206E-05
4.869E-06	1.208E-05
4.869E-06	1.209E-05
4.880E-06	1.210E-05
4.890E-06	1.213E-05
4.890E-06	1.215E-05
4.900E-06	1.218E-05
4.910E-06	1.220E-05
4.920E-06	1.222E-05
4.931E-06	1.224E-05
4.931E-06	1.226E-05
4.941E-06	1.228E-05
4.951E-06	1.230E-05
4.951E-06	1.232E-05
4.961E-06	1.234E-05
4.971E-06	1.236E-05
4.971E-06	1.238E-05
4.982E-06	1.239E-05
4.992E-06	1.241E-05
5.002E-06	1.243E-05
5.002E-06	1.245E-05
5.012E-06	1.246E-05
5.012E-06	1.248E-05
5.022E-06	1.250E-05
5.033E-06	1.252E-05
5.043E-06	1.255E-05
5.053E-06	1.258E-05
5.063E-06	1.260E-05
5.073E-06	1.263E-05
5.073E-06	1.265E-05
5.084E-06	1.267E-05
5.094E-06	1.269E-05
5.094E-06	1.270E-05
5.104E-06	1.273E-05
5.104E-06	1.274E-05
5.114E-06	1.275E-05
5.114E-06	1.277E-05
5.125E-06	1.278E-05
5.125E-06	1.279E-05
5.125E-06	1.280E-05
5.135E-06	1.283E-05
5.145E-06	1.285E-05
5.145E-06	1.286E-05
5.155E-06	1.288E-05
5.165E-06	1.289E-05
5.165E-06	1.290E-05
5.165E-06	1.291E-05
5.176E-06	1.293E-05
5.186E-06	1.295E-05
5.186E-06	1.295E-05
5.186E-06	1.296E-05
5.196E-06	1.298E-05
5.196E-06	1.300E-05
5.206E-06	1.301E-05
5.216E-06	1.304E-05
5.227E-06	1.306E-05
5.237E-06	1.308E-05
5.237E-06	1.309E-05
5.237E-06	1.312E-05
5.247E-06	1.313E-05
5.257E-06	1.315E-05
5.267E-06	1.318E-05
5.267E-06	1.319E-05
5.267E-06	1.320E-05
5.278E-06	1.321E-05
5.278E-06	1.323E-05
5.288E-06	1.324E-05
5.288E-06	1.325E-05
5.288E-06	1.326E-05
5.298E-06	1.327E-05
5.308E-06	1.329E-05
5.308E-06	1.331E-05
5.318E-06	1.333E-05
5.329E-06	1.335E-05
5.329E-06	1.336E-05
5.339E-06	1.337E-05
5.339E-06	1.338E-05
5.339E-06	1.340E-05
5.349E-06	1.341E-05
5.349E-06	1.343E-05
5.359E-06	1.343E-05
5.370E-06	1.345E-05
5.370E-06	1.347E-05
5.380E-06	1.349E-05
5.390E-06	1.351E-05
5.400E-06	1.353E-05
5.400E-06	1.355E-05
5.410E-06	1.357E-05
5.410E-06	1.358E-05
5.410E-06	1.359E-05
5.421E-06	1.360E-05
5.421E-06	1.362E-05
5.421E-06	1.363E-05
5.431E-06	1.363E-05
5.431E-06	1.364E-05
5.431E-06	1.365E-05
5.431E-06	1.366E-05
5.441E-06	1.367E-05
5.441E-06	1.369E-05
5.451E-06	1.370E-05
5.451E-06	1.371E-05
5.461E-06	1.372E-05
5.461E-06	1.373E-05
5.461E-06	1.374E-05
5.472E-06	1.375E-05
5.472E-06	1.376E-05
5.472E-06	1.378E-05
5.482E-06	1.378E-05
5.482E-06	1.378E-05
5.482E-06	1.378E-05
5.482E-06	1.379E-05
5.482E-06	1.380E-05
5.492E-06	1.381E-05
5.492E-06	1.382E-05
5.492E-06	1.383E-05
5.502E-06	1.385E-05
5.512E-06	1.387E-05
5.512E-06	1.388E-05
5.523E-06	1.389E-05
5.523E-06	1.390E-05
5.523E-06	1.390E-05
5.523E-06	1.391E-05
5.533E-06	1.392E-05
5.543E-06	1.394E-05
5.543E-06	1.395E-05
5.543E-06	1.396E-05
5.553E-06	1.397E-05
5.553E-06	1.398E-05
5.563E-06	1.400E-05
5.563E-06	1.401E-05
5.563E-06	1.402E-05
5.574E-06	1.403E-05
5.574E-06	1.404E-05
5.574E-06	1.404E-05
5.574E-06	1.404E-05
5.574E-06	1.405E-05
5.584E-06	1.407E-05
5.584E-06	1.409E-05
5.594E-06	1.410E-05
5.604E-06	1.412E-05
5.604E-06	1.414E-05
5.625E-06	1.417E-05
5.635E-06	1.420E-05
5.645E-06	1.423E-05
5.645E-06	1.425E-05
5.655E-06	1.426E-05
5.666E-06	1.428E-05
5.666E-06	1.430E-05
5.666E-06	1.431E-05
5.676E-06	1.432E-05
5.676E-06	1.433E-05
5.676E-06	1.434E-05
5.686E-06	1.434E-05
5.686E-06	1.435E-05
5.686E-06	1.435E-05
5.686E-06	1.436E-05
5.696E-06	1.438E-05
5.706E-06	1.440E-05
5.717E-06	1.442E-05
5.717E-06	1.444E-05
5.717E-06	1.445E-05
5.727E-06	1.446E-05
5.727E-06	1.448E-05
5.737E-06	1.450E-05
5.737E-06	1.450E-05
5.747E-06	1.451E-05
5.747E-06	1.453E-05
5.757E-06	1.455E-05
5.757E-06	1.456E-05
5.757E-06	1.457E-05
5.768E-06	1.458E-05
5.768E-06	1.458E-05
5.768E-06	1.459E-05
5.778E-06	1.460E-05
5.778E-06	1.462E-05
5.788E-06	1.464E-05
5.788E-06	1.465E-05
5.788E-06	1.466E-05
5.798E-06	1.466E-05
5.798E-06	1.467E-05
5.798E-06	1.468E-05
5.808E-06	1.470E-05
5.808E-06	1.471E-05
5.819E-06	1.472E-05
5.819E-06	1.474E-05
5.829E-06	1.476E-05
5.829E-06	1.477E-05
5.839E-06	1.479E-05
5.849E-06	1.480E-05
5.860E-06	1.483E-05
5.860E-06	1.485E-05
5.870E-06	1.487E-05
5.870E-06	1.487E-05
5.870E-06	1.488E-05
5.880E-06	1.490E-05
5.900E-06	1.495E-05
5.900E-06	1.496E-05
5.911E-06	1.498E-05
5.921E-06	1.501E-05
5.931E-06	1.503E-05
5.931E-06	1.504E-05
5.931E-06	1.506E-05
5.941E-06	1.507E-05
5.941E-06	1.508E-05
5.951E-06	1.509E-05
5.951E-06	1.511E-05
5.962E-06	1.512E-05
5.962E-06	1.513E-05
5.972E-06	1.515E-05
5.972E-06	1.516E-05
5.982E-06	1.518E-05
5.982E-06	1.520E-05
5.992E-06	1.522E-05
6.002E-06	1.523E-05
6.002E-06	1.525E-05
6.013E-06	1.526E-05
6.013E-06	1.528E-05
6.013E-06	1.529E-05
6.023E-06	1.531E-05
6.023E-06	1.532E-05
6.033E-06	1.533E-05
6.033E-06	1.534E-05
6.043E-06	1.534E-05
6.043E-06	1.536E-05
6.053E-06	1.538E-05
6.064E-06	1.540E-05
6.074E-06	1.542E-05
6.074E-06	1.545E-05
6.094E-06	1.548E-05
6.094E-06	1.549E-05
6.105E-06	1.552E-05
6.105E-06	1.553E-05
6.115E-06	1.555E-05
6.115E-06	1.556E-05
6.125E-06	1.558E-05
6.135E-06	1.559E-05
6.135E-06	1.561E-05
6.145E-06	1.565E-05
6.156E-06	1.567E-05
6.166E-06	1.570E-05
6.186E-06	1.574E-05
6.196E-06	1.577E-05
6.196E-06	1.579E-05
6.207E-06	1.579E-05
6.207E-06	1.581E-05
6.207E-06	1.582E-05
6.217E-06	1.583E-05
6.217E-06	1.585E-05
6.227E-06	1.586E-05
6.237E-06	1.588E-05
6.247E-06	1.592E-05
6.258E-06	1.593E-05
6.258E-06	1.596E-05
6.268E-06	1.598E-05
6.278E-06	1.600E-05
6.278E-06	1.602E-05
6.288E-06	1.603E-05
6.288E-06	1.605E-05
6.298E-06	1.607E-05
6.309E-06	1.609E-05
6.309E-06	1.610E-05
6.319E-06	1.613E-05
6.329E-06	1.615E-05
6.350E-06	1.619E-05
6.350E-06	1.621E-05
6.360E-06	1.623E-05
6.360E-06	1.626E-05
6.370E-06	1.627E-05
6.380E-06	1.629E-05
6.390E-06	1.630E-05
6.390E-06	1.633E-05
6.401E-06	1.634E-05
6.411E-06	1.636E-05
6.411E-06	1.639E-05
6.431E-06	1.641E-05
6.431E-06	1.644E-05
6.441E-06	1.646E-05
6.441E-06	1.647E-05
6.452E-06	1.649E-05
6.452E-06	1.650E-05
6.462E-06	1.652E-05
6.462E-06	1.654E-05
6.472E-06	1.655E-05
6.472E-06	1.657E-05
6.482E-06	1.658E-05
6.482E-06	1.659E-05
6.492E-06	1.660E-05
6.492E-06	1.662E-05
6.503E-06	1.664E-05
6.503E-06	1.665E-05
6.513E-06	1.667E-05
6.523E-06	1.670E-05
6.533E-06	1.671E-05
6.533E-06	1.672E-05
6.543E-06	1.673E-05
6.543E-06	1.674E-05
6.543E-06	1.676E-05
6.554E-06	1.677E-05
6.554E-06	1.678E-05
6.564E-06	1.680E-05
6.574E-06	1.682E-05
6.584E-06	1.685E-05
6.595E-06	1.689E-05
6.615E-06	1.692E-05
6.625E-06	1.696E-05
6.625E-06	1.697E-05
6.635E-06	1.700E-05
6.646E-06	1.702E-05
6.646E-06	1.704E-05
6.656E-06	1.705E-05
6.666E-06	1.708E-05
6.676E-06	1.709E-05
6.676E-06	1.712E-05
6.686E-06	1.714E-05
6.686E-06	1.715E-05
6.686E-06	1.715E-05
6.697E-06	1.716E-05
6.697E-06	1.716E-05
6.697E-06	1.718E-05
6.707E-06	1.720E-05
6.717E-06	1.721E-05
6.717E-06	1.724E-05
6.727E-06	1.725E-05
6.737E-06	1.727E-05
6.748E-06	1.730E-05
6.748E-06	1.732E-05
6.758E-06	1.733E-05
6.768E-06	1.736E-05
6.778E-06	1.738E-05
6.778E-06	1.740E-05
6.788E-06	1.742E-05
6.799E-06	1.745E-05
6.809E-06	1.747E-05
6.809E-06	1.749E-05
6.819E-06	1.750E-05
6.819E-06	1.752E-05
6.829E-06	1.755E-05
6.840E-06	1.757E-05
6.850E-06	1.759E-05
6.860E-06	1.761E-05
6.870E-06	1.764E-05
6.870E-06	1.766E-05
6.880E-06	1.768E-05
6.880E-06	1.770E-05
6.891E-06	1.771E-05
6.901E-06	1.773E-05
6.901E-06	1.774E-05
6.911E-06	1.776E-05
6.931E-06	1.782E-05
6.952E-06	1.786E-05
6.962E-06	1.785E-05
6.962E-06	1.792E-05
6.972E-06	1.794E-05
6.982E-06	1.797E-05
6.993E-06	1.799E-05
7.003E-06	1.802E-05
7.003E-06	1.804E-05
7.013E-06	1.806E-05
7.023E-06	1.808E-05
7.033E-06	1.810E-05
7.033E-06	1.812E-05
7.033E-06	1.812E-05
7.033E-06	1.813E-05
7.033E-06	1.813E-05
7.033E-06	1.812E-05
7.033E-06	1.813E-05
7.033E-06	1.813E-05
7.033E-06	1.813E-05
7.033E-06	1.813E-05
7.033E-06	1.813E-05
7.033E-06	1.813E-05
7.033E-06	1.813E-05
7.033E-06	1.813E-05
7.033E-06	1.813E-05
7.033E-06	1.813E-05
7.033E-06	1.812E-05
7.033E-06	1.813E-05
7.033E-06	1.812E-05
7.033E-06	1.813E-05
7.033E-06	1.813E-05
7.033E-06	1.813E-05
7.033E-06	1.813E-05
7.033E-06	1.813E-05
7.033E-06	1.813E-05
7.033E-06	1.813E-05
7.033E-06	1.813E-05
7.033E-06	1.813E-05
7.033E-06	1.813E-05
7.033E-06	1.813E-05
7.033E-06	1.813E-05
7.033E-06	1.813E-05
7.033E-06	1.814E-05
7.033E-06	1.813E-05
7.033E-06	1.814E-05
7.033E-06	1.813E-05
7.033E-06	1.813E-05
7.033E-06	1.813E-05
7.033E-06	1.814E-05
7.033E-06	1.813E-05
7.033E-06	1.814E-05
7.033E-06	1.813E-05
7.033E-06	1.814E-05
7.033E-06	1.813E-05
7.033E-06	1.814E-05
7.033E-06	1.814E-05
7.033E-06	1.814E-05
7.033E-06	1.814E-05
7.033E-06	1.814E-05
7.033E-06	1.814E-05
7.033E-06	1.814E-05
7.033E-06	1.814E-05
7.033E-06	1.814E-05
7.033E-06	1.814E-05
7.033E-06	1.813E-05
7.033E-06	1.813E-05
7.033E-06	1.814E-05
7.033E-06	1.814E-05
7.033E-06	1.814E-05
7.033E-06	1.814E-05
7.033E-06	1.814E-05
7.033E-06	1.814E-05
7.033E-06	1.813E-05
7.033E-06	1.814E-05
7.033E-06	1.814E-05
7.033E-06	1.814E-05
7.033E-06	1.814E-05
7.033E-06	1.814E-05
7.033E-06	1.814E-05
7.023E-06	1.813E-05
7.033E-06	1.814E-05
7.033E-06	1.814E-05
7.033E-06	1.814E-05
7.023E-06	1.814E-05
7.033E-06	1.814E-05
7.033E-06	1.813E-05
7.033E-06	1.814E-05
7.033E-06	1.814E-05
7.033E-06	1.814E-05
7.033E-06	1.814E-05
7.033E-06	1.813E-05
7.033E-06	1.813E-05
7.033E-06	1.814E-05
7.033E-06	1.814E-05
7.023E-06	1.814E-05
7.033E-06	1.814E-05
7.033E-06	1.814E-05
7.023E-06	1.814E-05
7.033E-06	1.814E-05
7.033E-06	1.814E-05
7.033E-06	1.814E-05
7.033E-06	1.814E-05
7.033E-06	1.813E-05
7.033E-06	1.814E-05
7.033E-06	1.814E-05
7.033E-06	1.814E-05
7.033E-06	1.815E-05
7.033E-06	1.816E-05
7.044E-06	1.818E-05
7.064E-06	1.821E-05
7.125E-06	1.835E-05
7.187E-06	1.852E-05
7.187E-06	1.853E-05
7.187E-06	1.853E-05
7.176E-06	1.853E-05
7.176E-06	1.852E-05
7.176E-06	1.853E-05
7.176E-06	1.854E-05
7.176E-06	1.853E-05
7.176E-06	1.853E-05
7.176E-06	1.853E-05
7.176E-06	1.853E-05
7.166E-06	1.853E-05
7.176E-06	1.853E-05
7.166E-06	1.853E-05
7.176E-06	1.853E-05
7.166E-06	1.853E-05
7.166E-06	1.853E-05
7.176E-06	1.853E-05
7.176E-06	1.854E-05
7.187E-06	1.856E-05
7.197E-06	1.858E-05
7.207E-06	1.860E-05
7.207E-06	1.861E-05
7.207E-06	1.861E-05
7.207E-06	1.863E-05
7.217E-06	1.865E-05
7.227E-06	1.868E-05
7.238E-06	1.870E-05
7.248E-06	1.872E-05
7.248E-06	1.873E-05
7.258E-06	1.875E-05
7.258E-06	1.876E-05
7.268E-06	1.878E-05
7.278E-06	1.880E-05
7.289E-06	1.884E-05
7.299E-06	1.886E-05
7.309E-06	1.889E-05
7.309E-06	1.890E-05
7.319E-06	1.891E-05
7.319E-06	1.892E-05
7.319E-06	1.894E-05
7.330E-06	1.895E-05
7.330E-06	1.896E-05
7.340E-06	1.898E-05
7.350E-06	1.900E-05
7.360E-06	1.902E-05
7.360E-06	1.904E-05
7.370E-06	1.906E-05
7.381E-06	1.909E-05
7.381E-06	1.910E-05
7.381E-06	1.911E-05
7.391E-06	1.912E-05
7.391E-06	1.913E-05
7.391E-06	1.915E-05
7.401E-06	1.915E-05
7.401E-06	1.916E-05
7.411E-06	1.918E-05
7.411E-06	1.919E-05
7.411E-06	1.919E-05
7.421E-06	1.920E-05
7.421E-06	1.920E-05
7.421E-06	1.922E-05
7.421E-06	1.922E-05
7.421E-06	1.923E-05
7.421E-06	1.923E-05
7.432E-06	1.925E-05
7.432E-06	1.926E-05
7.432E-06	1.927E-05
7.432E-06	1.927E-05
7.432E-06	1.927E-05
7.442E-06	1.927E-05
7.442E-06	1.928E-05
7.442E-06	1.929E-05
7.452E-06	1.930E-05
7.462E-06	1.932E-05
7.472E-06	1.935E-05
7.483E-06	1.937E-05
7.483E-06	1.939E-05
7.483E-06	1.940E-05
7.493E-06	1.940E-05
7.493E-06	1.941E-05
7.493E-06	1.943E-05
7.493E-06	1.943E-05
7.503E-06	1.944E-05
7.503E-06	1.946E-05
7.513E-06	1.946E-05
7.513E-06	1.947E-05
7.513E-06	1.948E-05
7.513E-06	1.948E-05
7.513E-06	1.949E-05
7.513E-06	1.949E-05
7.513E-06	1.949E-05
7.513E-06	1.949E-05
7.513E-06	1.949E-05
7.523E-06	1.952E-05
7.544E-06	1.955E-05
7.544E-06	1.955E-05
7.544E-06	1.956E-05
7.544E-06	1.957E-05
7.554E-06	1.958E-05
7.554E-06	1.960E-05
7.564E-06	1.962E-05
7.564E-06	1.962E-05
7.564E-06	1.962E-05
7.564E-06	1.963E-05
7.575E-06	1.965E-05
7.585E-06	1.966E-05
7.585E-06	1.968E-05
7.595E-06	1.970E-05
7.605E-06	1.972E-05
7.605E-06	1.973E-05
7.615E-06	1.976E-05
7.636E-06	1.979E-05
7.636E-06	1.981E-05
7.646E-06	1.983E-05
7.656E-06	1.985E-05
7.656E-06	1.986E-05
7.666E-06	1.988E-05
7.666E-06	1.989E-05
7.677E-06	1.992E-05
7.687E-06	1.995E-05
7.697E-06	1.998E-05
7.707E-06	2.000E-05
7.717E-06	2.002E-05
7.717E-06	2.004E-05
7.728E-06	2.006E-05
7.738E-06	2.009E-05
7.748E-06	2.011E-05
7.748E-06	2.013E-05
7.758E-06	2.014E-05
7.758E-06	2.015E-05
7.768E-06	2.016E-05
7.768E-06	2.017E-05
7.768E-06	2.019E-05
7.779E-06	2.020E-05
7.779E-06	2.022E-05
7.789E-06	2.023E-05
7.799E-06	2.026E-05
7.809E-06	2.028E-05
7.820E-06	2.030E-05
7.820E-06	2.032E-05
7.820E-06	2.033E-05
7.830E-06	2.035E-05
7.840E-06	2.037E-05
7.840E-06	2.038E-05
7.850E-06	2.040E-05
7.850E-06	2.042E-05
7.860E-06	2.043E-05
7.860E-06	2.043E-05
7.860E-06	2.044E-05
7.860E-06	2.045E-05
7.860E-06	2.046E-05
7.871E-06	2.046E-05
7.871E-06	2.046E-05
7.871E-06	2.048E-05
7.871E-06	2.048E-05
7.881E-06	2.051E-05
7.891E-06	2.053E-05
7.891E-06	2.053E-05
7.901E-06	2.054E-05
7.901E-06	2.056E-05
7.911E-06	2.057E-05
7.911E-06	2.060E-05
7.922E-06	2.061E-05
7.922E-06	2.062E-05
7.932E-06	2.063E-05
7.932E-06	2.065E-05
7.942E-06	2.066E-05
7.942E-06	2.067E-05
7.952E-06	2.069E-05
7.952E-06	2.070E-05
7.962E-06	2.072E-05
7.983E-06	2.077E-05
7.983E-06	2.079E-05
7.993E-06	2.082E-05
8.003E-06	2.084E-05
8.003E-06	2.085E-05
8.013E-06	2.086E-05
8.013E-06	2.086E-05
8.013E-06	2.087E-05
8.013E-06	2.088E-05
8.013E-06	2.088E-05
8.013E-06	2.088E-05
8.013E-06	2.089E-05
8.044E-06	2.094E-05
8.075E-06	2.103E-05
8.085E-06	2.107E-05
8.095E-06	2.109E-05
8.095E-06	2.111E-05
8.105E-06	2.111E-05
8.105E-06	2.113E-05
8.116E-06	2.115E-05
8.126E-06	2.117E-05
8.126E-06	2.119E-05
8.136E-06	2.121E-05
8.146E-06	2.123E-05
8.146E-06	2.124E-05
8.156E-06	2.126E-05
8.156E-06	2.127E-05
8.167E-06	2.129E-05
8.177E-06	2.131E-05
8.177E-06	2.133E-05
8.187E-06	2.136E-05
8.197E-06	2.139E-05
8.207E-06	2.140E-05
8.207E-06	2.142E-05
8.228E-06	2.146E-05
8.228E-06	2.148E-05
8.238E-06	2.148E-05
8.238E-06	2.150E-05