8.238E-06	2.150E-05
8.238E-06	2.149E-05
8.228E-06	2.148E-05
8.218E-06	2.146E-05
8.207E-06	2.142E-05
8.197E-06	2.139E-05
8.187E-06	2.135E-05
8.177E-06	2.132E-05
8.167E-06	2.130E-05
8.156E-06	2.127E-05
8.146E-06	2.125E-05
8.146E-06	2.122E-05
8.136E-06	2.121E-05
8.126E-06	2.118E-05
8.116E-06	2.116E-05
8.105E-06	2.113E-05
8.095E-06	2.111E-05
8.085E-06	2.108E-05
8.075E-06	2.106E-05
8.065E-06	2.103E-05
8.054E-06	2.100E-05
8.044E-06	2.097E-05
8.034E-06	2.094E-05
8.013E-06	2.089E-05
8.013E-06	2.087E-05
8.003E-06	2.085E-05
7.993E-06	2.082E-05
7.983E-06	2.079E-05
7.973E-06	2.077E-05
7.973E-06	2.075E-05
7.962E-06	2.073E-05
7.952E-06	2.071E-05
7.942E-06	2.068E-05
7.942E-06	2.066E-05
7.932E-06	2.065E-05
7.932E-06	2.063E-05
7.922E-06	2.061E-05
7.922E-06	2.060E-05
7.911E-06	2.059E-05
7.901E-06	2.056E-05
7.891E-06	2.055E-05
7.891E-06	2.053E-05
7.891E-06	2.052E-05
7.881E-06	2.051E-05
7.881E-06	2.049E-05
7.871E-06	2.047E-05
7.871E-06	2.045E-05
7.860E-06	2.044E-05
7.860E-06	2.044E-05
7.860E-06	2.043E-05
7.850E-06	2.042E-05
7.850E-06	2.039E-05
7.840E-06	2.037E-05
7.830E-06	2.034E-05
7.820E-06	2.032E-05
7.799E-06	2.028E-05
7.789E-06	2.025E-05
7.779E-06	2.023E-05
7.768E-06	2.020E-05
7.758E-06	2.017E-05
7.758E-06	2.015E-05
7.748E-06	2.013E-05
7.738E-06	2.012E-05
7.728E-06	2.008E-05
7.707E-06	2.005E-05
7.697E-06	2.000E-05
7.687E-06	1.998E-05
7.687E-06	1.995E-05
7.677E-06	1.993E-05
7.677E-06	1.993E-05
7.677E-06	1.992E-05
7.666E-06	1.989E-05
7.656E-06	1.986E-05
7.646E-06	1.984E-05
7.636E-06	1.983E-05
7.636E-06	1.981E-05
7.626E-06	1.978E-05
7.615E-06	1.976E-05
7.605E-06	1.973E-05
7.595E-06	1.970E-05
7.585E-06	1.968E-05
7.575E-06	1.966E-05
7.564E-06	1.964E-05
7.564E-06	1.963E-05
7.554E-06	1.960E-05
7.554E-06	1.959E-05
7.544E-06	1.957E-05
7.534E-06	1.955E-05
7.534E-06	1.953E-05
7.523E-06	1.952E-05
7.523E-06	1.949E-05
7.513E-06	1.947E-05
7.503E-06	1.947E-05
7.503E-06	1.945E-05
7.493E-06	1.943E-05
7.483E-06	1.941E-05
7.483E-06	1.938E-05
7.462E-06	1.934E-05
7.452E-06	1.930E-05
7.442E-06	1.929E-05
7.442E-06	1.928E-05
7.432E-06	1.927E-05
7.432E-06	1.924E-05
7.421E-06	1.922E-05
7.411E-06	1.920E-05
7.411E-06	1.919E-05
7.401E-06	1.918E-05
7.401E-06	1.917E-05
7.391E-06	1.915E-05
7.381E-06	1.912E-05
7.381E-06	1.912E-05
7.370E-06	1.909E-05
7.370E-06	1.908E-05
7.360E-06	1.906E-05
7.360E-06	1.905E-05
7.350E-06	1.904E-05
7.350E-06	1.901E-05
7.340E-06	1.900E-05
7.340E-06	1.899E-05
7.330E-06	1.898E-05
7.330E-06	1.896E-05
7.319E-06	1.894E-05
7.319E-06	1.893E-05
7.309E-06	1.891E-05
7.299E-06	1.889E-05
7.289E-06	1.887E-05
7.278E-06	1.882E-05
7.268E-06	1.880E-05
7.258E-06	1.877E-05
7.248E-06	1.875E-05
7.248E-06	1.875E-05
7.238E-06	1.873E-05
7.238E-06	1.871E-05
7.227E-06	1.869E-05
7.217E-06	1.867E-05
7.217E-06	1.865E-05
7.207E-06	1.864E-05
7.207E-06	1.863E-05
7.197E-06	1.861E-05
7.197E-06	1.861E-05
7.197E-06	1.859E-05
7.187E-06	1.859E-05
7.187E-06	1.857E-05
7.176E-06	1.856E-05
7.166E-06	1.853E-05
7.156E-06	1.850E-05
7.146E-06	1.846E-05
7.136E-06	1.844E-05
7.125E-06	1.842E-05
7.125E-06	1.840E-05
7.115E-06	1.837E-05
7.105E-06	1.836E-05
7.105E-06	1.834E-05
7.095E-06	1.832E-05
7.095E-06	1.832E-05
7.085E-06	1.831E-05
7.085E-06	1.830E-05
7.074E-06	1.827E-05
7.064E-06	1.825E-05
7.054E-06	1.823E-05
7.054E-06	1.822E-05
7.044E-06	1.819E-05
7.044E-06	1.818E-05
7.033E-06	1.817E-05
7.033E-06	1.817E-05
7.033E-06	1.816E-05
7.033E-06	1.815E-05
7.023E-06	1.814E-05
7.023E-06	1.813E-05
7.013E-06	1.811E-05
7.013E-06	1.810E-05
7.013E-06	1.809E-05
7.013E-06	1.808E-05
7.003E-06	1.807E-05
7.003E-06	1.806E-05
7.003E-06	1.805E-05
6.993E-06	1.803E-05
6.982E-06	1.801E-05
6.982E-06	1.799E-05
6.972E-06	1.798E-05
6.962E-06	1.795E-05
6.952E-06	1.793E-05
6.942E-06	1.791E-05
6.942E-06	1.788E-05
6.931E-06	1.787E-05
6.931E-06	1.786E-05
6.931E-06	1.786E-05
6.931E-06	1.786E-05
6.931E-06	1.787E-05
6.931E-06	1.786E-05
6.921E-06	1.784E-05
6.911E-06	1.782E-05
6.911E-06	1.781E-05
6.901E-06	1.779E-05
6.891E-06	1.776E-05
6.880E-06	1.774E-05
6.880E-06	1.773E-05
6.880E-06	1.772E-05
6.870E-06	1.771E-05
6.860E-06	1.769E-05
6.860E-06	1.767E-05
6.850E-06	1.764E-05
6.840E-06	1.762E-05
6.829E-06	1.759E-05
6.829E-06	1.758E-05
6.819E-06	1.756E-05
6.819E-06	1.754E-05
6.809E-06	1.753E-05
6.809E-06	1.751E-05
6.799E-06	1.750E-05
6.799E-06	1.749E-05
6.799E-06	1.748E-05
6.799E-06	1.748E-05
6.788E-06	1.747E-05
6.788E-06	1.746E-05
6.788E-06	1.745E-05
6.778E-06	1.743E-05
6.768E-06	1.742E-05
6.768E-06	1.740E-05
6.758E-06	1.737E-05
6.748E-06	1.735E-05
6.748E-06	1.734E-05
6.737E-06	1.733E-05
6.737E-06	1.732E-05
6.737E-06	1.732E-05
6.727E-06	1.731E-05
6.727E-06	1.730E-05
6.727E-06	1.729E-05
6.717E-06	1.727E-05
6.717E-06	1.726E-05
6.707E-06	1.725E-05
6.707E-06	1.725E-05
6.707E-06	1.723E-05
6.697E-06	1.722E-05
6.697E-06	1.721E-05
6.697E-06	1.721E-05
6.697E-06	1.721E-05
6.697E-06	1.720E-05
6.697E-06	1.720E-05
6.686E-06	1.718E-05
6.676E-06	1.716E-05
6.666E-06	1.714E-05
6.656E-06	1.711E-05
6.656E-06	1.710E-05
6.656E-06	1.708E-05
6.646E-06	1.708E-05
6.646E-06	1.706E-05
6.635E-06	1.705E-05
6.635E-06	1.704E-05
6.635E-06	1.703E-05
6.625E-06	1.702E-05
6.625E-06	1.701E-05
6.615E-06	1.698E-05
6.595E-06	1.694E-05
6.574E-06	1.690E-05
6.574E-06	1.689E-05
6.574E-06	1.688E-05
6.574E-06	1.687E-05
6.564E-06	1.685E-05
6.564E-06	1.683E-05
6.554E-06	1.682E-05
6.543E-06	1.680E-05
6.543E-06	1.678E-05
6.533E-06	1.677E-05
6.523E-06	1.676E-05
6.523E-06	1.675E-05
6.523E-06	1.674E-05
6.523E-06	1.674E-05
6.523E-06	1.673E-05
6.523E-06	1.673E-05
6.523E-06	1.672E-05
6.513E-06	1.672E-05
6.513E-06	1.671E-05
6.513E-06	1.671E-05
6.513E-06	1.670E-05
6.513E-06	1.670E-05
6.513E-06	1.670E-05
6.503E-06	1.669E-05
6.503E-06	1.668E-05
6.503E-06	1.666E-05
6.503E-06	1.666E-05
6.492E-06	1.666E-05
6.492E-06	1.665E-05
6.492E-06	1.664E-05
6.492E-06	1.664E-05
6.492E-06	1.663E-05
6.482E-06	1.663E-05
6.482E-06	1.662E-05
6.482E-06	1.662E-05
6.482E-06	1.661E-05
6.482E-06	1.661E-05
6.472E-06	1.660E-05
6.472E-06	1.659E-05
6.472E-06	1.658E-05
6.462E-06	1.657E-05
6.462E-06	1.656E-05
6.462E-06	1.656E-05
6.462E-06	1.655E-05
6.462E-06	1.655E-05
6.462E-06	1.655E-05
6.462E-06	1.654E-05
6.452E-06	1.654E-05
6.452E-06	1.653E-05
6.441E-06	1.651E-05
6.441E-06	1.650E-05
6.441E-06	1.649E-05
6.431E-06	1.648E-05
6.431E-06	1.648E-05
6.431E-06	1.647E-05
6.431E-06	1.647E-05
6.421E-06	1.646E-05
6.421E-06	1.645E-05
6.421E-06	1.644E-05
6.421E-06	1.644E-05
6.421E-06	1.636E-05
6.411E-06	1.642E-05
6.390E-06	1.639E-05
6.390E-06	1.636E-05
6.380E-06	1.634E-05
6.380E-06	1.634E-05
6.380E-06	1.634E-05
6.370E-06	1.633E-05
6.370E-06	1.632E-05
6.360E-06	1.630E-05
6.360E-06	1.628E-05
6.360E-06	1.628E-05
6.350E-06	1.627E-05
6.339E-06	1.625E-05
6.339E-06	1.624E-05
6.339E-06	1.624E-05
6.339E-06	1.623E-05
6.339E-06	1.622E-05
6.329E-06	1.621E-05
6.329E-06	1.620E-05
6.329E-06	1.620E-05
6.329E-06	1.619E-05
6.329E-06	1.619E-05
6.319E-06	1.616E-05
6.309E-06	1.614E-05
6.298E-06	1.612E-05
6.298E-06	1.611E-05
6.288E-06	1.609E-05
6.278E-06	1.608E-05
6.278E-06	1.605E-05
6.268E-06	1.604E-05
6.268E-06	1.603E-05
6.268E-06	1.602E-05
6.258E-06	1.600E-05
6.247E-06	1.598E-05
6.227E-06	1.594E-05
6.207E-06	1.588E-05
6.207E-06	1.587E-05
6.196E-06	1.585E-05
6.196E-06	1.585E-05
6.196E-06	1.584E-05
6.186E-06	1.581E-05
6.176E-06	1.580E-05
6.176E-06	1.579E-05
6.166E-06	1.576E-05
6.166E-06	1.576E-05
6.166E-06	1.575E-05
6.156E-06	1.573E-05
6.156E-06	1.572E-05
6.145E-06	1.570E-05
6.135E-06	1.568E-05
6.135E-06	1.566E-05
6.125E-06	1.565E-05
6.115E-06	1.562E-05
6.115E-06	1.560E-05
6.105E-06	1.559E-05
6.105E-06	1.558E-05
6.094E-06	1.557E-05
6.094E-06	1.555E-05
6.094E-06	1.554E-05
6.084E-06	1.553E-05
6.084E-06	1.551E-05
6.074E-06	1.549E-05
6.074E-06	1.548E-05
6.064E-06	1.546E-05
6.053E-06	1.545E-05
6.053E-06	1.544E-05
6.043E-06	1.542E-05
6.043E-06	1.541E-05
6.043E-06	1.540E-05
6.033E-06	1.539E-05
6.033E-06	1.538E-05
6.023E-06	1.536E-05
6.023E-06	1.535E-05
6.013E-06	1.533E-05
6.002E-06	1.532E-05
6.002E-06	1.530E-05
5.992E-06	1.528E-05
5.992E-06	1.526E-05
5.982E-06	1.525E-05
5.982E-06	1.525E-05
5.972E-06	1.523E-05
5.972E-06	1.521E-05
5.962E-06	1.519E-05
5.962E-06	1.517E-05
5.951E-06	1.516E-05
5.951E-06	1.514E-05
5.941E-06	1.513E-05
5.941E-06	1.512E-05
5.941E-06	1.511E-05
5.931E-06	1.510E-05
5.931E-06	1.508E-05
5.931E-06	1.508E-05
5.921E-06	1.507E-05
5.921E-06	1.506E-05
5.921E-06	1.505E-05
5.911E-06	1.504E-05
5.911E-06	1.502E-05
5.900E-06	1.501E-05
5.900E-06	1.500E-05
5.890E-06	1.498E-05
5.890E-06	1.497E-05
5.880E-06	1.495E-05
5.870E-06	1.494E-05
5.870E-06	1.493E-05
5.870E-06	1.492E-05
5.860E-06	1.490E-05
5.849E-06	1.488E-05
5.849E-06	1.487E-05
5.839E-06	1.486E-05
5.839E-06	1.485E-05
5.839E-06	1.484E-05
5.829E-06	1.481E-05
5.819E-06	1.479E-05
5.808E-06	1.478E-05
5.798E-06	1.474E-05
5.798E-06	1.472E-05
5.788E-06	1.470E-05
5.778E-06	1.468E-05
5.778E-06	1.467E-05
5.778E-06	1.465E-05
5.768E-06	1.463E-05
5.768E-06	1.462E-05
5.757E-06	1.460E-05
5.747E-06	1.459E-05
5.747E-06	1.457E-05
5.737E-06	1.456E-05
5.737E-06	1.454E-05
5.727E-06	1.453E-05
5.727E-06	1.451E-05
5.717E-06	1.450E-05
5.717E-06	1.449E-05
5.706E-06	1.447E-05
5.696E-06	1.445E-05
5.696E-06	1.444E-05
5.686E-06	1.443E-05
5.686E-06	1.441E-05
5.686E-06	1.439E-05
5.676E-06	1.439E-05
5.666E-06	1.437E-05
5.666E-06	1.435E-05
5.655E-06	1.433E-05
5.645E-06	1.432E-05
5.645E-06	1.430E-05
5.635E-06	1.428E-05
5.625E-06	1.425E-05
5.615E-06	1.422E-05
5.604E-06	1.418E-05
5.594E-06	1.416E-05
5.594E-06	1.414E-05
5.584E-06	1.413E-05
5.584E-06	1.411E-05
5.574E-06	1.410E-05
5.574E-06	1.409E-05
5.563E-06	1.408E-05
5.563E-06	1.406E-05
5.563E-06	1.405E-05
5.553E-06	1.404E-05
5.553E-06	1.402E-05
5.543E-06	1.401E-05
5.543E-06	1.400E-05
5.533E-06	1.398E-05
5.533E-06	1.397E-05
5.523E-06	1.396E-05
5.523E-06	1.394E-05
5.523E-06	1.394E-05
5.512E-06	1.393E-05
5.512E-06	1.391E-05
5.502E-06	1.390E-05
5.492E-06	1.389E-05
5.492E-06	1.387E-05
5.482E-06	1.386E-05
5.482E-06	1.384E-05
5.472E-06	1.383E-05
5.472E-06	1.382E-05
5.472E-06	1.381E-05
5.461E-06	1.379E-05
5.461E-06	1.378E-05
5.461E-06	1.378E-05
5.451E-06	1.377E-05
5.451E-06	1.376E-05
5.451E-06	1.374E-05
5.431E-06	1.372E-05
5.431E-06	1.371E-05
5.431E-06	1.371E-05
5.431E-06	1.369E-05
5.431E-06	1.369E-05
5.431E-06	1.368E-05
5.431E-06	1.368E-05
5.421E-06	1.366E-05
5.421E-06	1.366E-05
5.410E-06	1.365E-05
5.410E-06	1.363E-05
5.400E-06	1.362E-05
5.400E-06	1.361E-05
5.400E-06	1.359E-05
5.390E-06	1.359E-05
5.390E-06	1.357E-05
5.390E-06	1.357E-05
5.380E-06	1.355E-05
5.380E-06	1.354E-05
5.370E-06	1.352E-05
5.359E-06	1.351E-05
5.359E-06	1.350E-05
5.349E-06	1.348E-05
5.339E-06	1.346E-05
5.339E-06	1.345E-05
5.329E-06	1.344E-05
5.329E-06	1.343E-05
5.329E-06	1.342E-05
5.318E-06	1.340E-05
5.318E-06	1.339E-05
5.318E-06	1.339E-05
5.308E-06	1.338E-05
5.308E-06	1.337E-05
5.308E-06	1.336E-05
5.298E-06	1.335E-05
5.298E-06	1.333E-05
5.288E-06	1.332E-05
5.278E-06	1.329E-05
5.267E-06	1.326E-05
5.267E-06	1.326E-05
5.257E-06	1.323E-05
5.257E-06	1.322E-05
5.247E-06	1.320E-05
5.237E-06	1.317E-05
5.227E-06	1.315E-05
5.227E-06	1.314E-05
5.216E-06	1.313E-05
5.216E-06	1.312E-05
5.216E-06	1.309E-05
5.206E-06	1.308E-05
5.206E-06	1.307E-05
5.196E-06	1.305E-05
5.186E-06	1.302E-05
5.176E-06	1.301E-05
5.176E-06	1.300E-05
5.165E-06	1.298E-05
5.155E-06	1.296E-05
5.155E-06	1.295E-05
5.155E-06	1.295E-05
5.155E-06	1.293E-05
5.145E-06	1.293E-05
5.145E-06	1.292E-05
5.145E-06	1.290E-05
5.135E-06	1.289E-05
5.135E-06	1.288E-05
5.125E-06	1.286E-05
5.114E-06	1.285E-05
5.114E-06	1.282E-05
5.094E-06	1.279E-05
5.084E-06	1.274E-05
5.063E-06	1.270E-05
5.053E-06	1.267E-05
5.043E-06	1.266E-05
5.043E-06	1.264E-05
5.033E-06	1.262E-05
5.033E-06	1.260E-05
5.022E-06	1.259E-05
5.022E-06	1.258E-05
5.022E-06	1.257E-05
5.012E-06	1.256E-05
5.012E-06	1.254E-05
5.002E-06	1.253E-05
5.002E-06	1.252E-05
4.992E-06	1.250E-05
4.982E-06	1.248E-05
4.982E-06	1.247E-05
4.971E-06	1.245E-05
4.971E-06	1.244E-05
4.961E-06	1.243E-05
4.961E-06	1.241E-05
4.951E-06	1.239E-05
4.941E-06	1.237E-05
4.931E-06	1.235E-05
4.910E-06	1.229E-05
4.900E-06	1.225E-05
4.890E-06	1.221E-05
4.880E-06	1.220E-05
4.869E-06	1.218E-05
4.859E-06	1.214E-05
4.849E-06	1.212E-05
4.849E-06	1.211E-05
4.839E-06	1.209E-05
4.839E-06	1.207E-05
4.828E-06	1.205E-05
4.818E-06	1.203E-05
4.808E-06	1.201E-05
4.808E-06	1.199E-05
4.798E-06	1.197E-05
4.788E-06	1.196E-05
4.788E-06	1.194E-05
4.777E-06	1.192E-05
4.767E-06	1.190E-05
4.757E-06	1.188E-05
4.757E-06	1.186E-05
4.747E-06	1.185E-05
4.747E-06	1.183E-05
4.737E-06	1.181E-05
4.737E-06	1.180E-05
4.726E-06	1.178E-05
4.726E-06	1.175E-05
4.716E-06	1.173E-05
4.706E-06	1.172E-05
4.706E-06	1.170E-05
4.696E-06	1.168E-05
4.686E-06	1.166E-05
4.686E-06	1.165E-05
4.675E-06	1.163E-05
4.675E-06	1.163E-05
4.675E-06	1.162E-05
4.665E-06	1.160E-05
4.655E-06	1.158E-05
4.655E-06	1.157E-05
4.655E-06	1.156E-05
4.645E-06	1.154E-05
4.635E-06	1.152E-05
4.635E-06	1.151E-05
4.624E-06	1.150E-05
4.624E-06	1.149E-05
4.614E-06	1.147E-05
4.614E-06	1.146E-05
4.604E-06	1.143E-05
4.594E-06	1.142E-05
4.594E-06	1.140E-05
4.594E-06	1.139E-05
4.584E-06	1.139E-05
4.573E-06	1.137E-05
4.573E-06	1.136E-05
4.573E-06	1.134E-05
4.563E-06	1.132E-05
4.563E-06	1.130E-05
4.553E-06	1.129E-05
4.553E-06	1.128E-05
4.543E-06	1.126E-05
4.543E-06	1.124E-05
4.532E-06	1.123E-05
4.532E-06	1.122E-05
4.532E-06	1.121E-05
4.522E-06	1.120E-05
4.522E-06	1.119E-05
4.522E-06	1.118E-05
4.512E-06	1.117E-05
4.512E-06	1.115E-05
4.502E-06	1.115E-05
4.502E-06	1.114E-05
4.492E-06	1.112E-05
4.481E-06	1.110E-05
4.481E-06	1.108E-05
4.471E-06	1.106E-05
4.461E-06	1.104E-05
4.451E-06	1.102E-05
4.451E-06	1.101E-05
4.441E-06	1.099E-05
4.441E-06	1.098E-05
4.430E-06	1.097E-05
4.430E-06	1.095E-05
4.420E-06	1.094E-05
4.410E-06	1.092E-05
4.390E-06	1.086E-05
4.379E-06	1.082E-05
4.379E-06	1.081E-05
4.369E-06	1.078E-05
4.369E-06	1.077E-05
4.359E-06	1.075E-05
4.359E-06	1.074E-05
4.349E-06	1.070E-05
4.349E-06	1.072E-05
4.339E-06	1.070E-05
4.339E-06	1.070E-05
4.339E-06	1.068E-05
4.339E-06	1.068E-05
4.328E-06	1.067E-05
4.328E-06	1.066E-05
4.318E-06	1.064E-05
4.318E-06	1.064E-05
4.318E-06	1.063E-05
4.308E-06	1.062E-05
4.308E-06	1.061E-05
4.308E-06	1.060E-05
4.298E-06	1.058E-05
4.287E-06	1.057E-05
4.287E-06	1.055E-05
4.277E-06	1.053E-05
4.277E-06	1.051E-05
4.267E-06	1.049E-05
4.257E-06	1.048E-05
4.257E-06	1.047E-05
4.247E-06	1.045E-05
4.236E-06	1.043E-05
4.226E-06	1.039E-05
4.216E-06	1.036E-05
4.206E-06	1.033E-05
4.196E-06	1.031E-05
4.196E-06	1.029E-05
4.185E-06	1.028E-05
4.185E-06	1.026E-05
4.175E-06	1.024E-05
4.165E-06	1.023E-05
4.165E-06	1.021E-05
4.155E-06	1.019E-05
4.155E-06	1.018E-05
4.155E-06	1.018E-05
4.155E-06	1.017E-05
4.155E-06	1.016E-05
4.145E-06	1.016E-05
4.145E-06	1.015E-05
4.145E-06	1.015E-05
4.134E-06	1.014E-05
4.134E-06	1.013E-05
4.124E-06	1.011E-05
4.124E-06	1.009E-05
4.114E-06	1.008E-05
4.114E-06	1.007E-05
4.104E-06	1.006E-05
4.104E-06	1.004E-05
4.094E-06	1.003E-05
4.094E-06	1.002E-05
4.083E-06	1.001E-05
4.083E-06	9.994E-06
4.083E-06	9.980E-06
4.073E-06	9.957E-06
4.063E-06	9.927E-06
4.053E-06	9.912E-06
4.042E-06	9.887E-06
4.032E-06	9.868E-06
4.032E-06	9.851E-06
4.022E-06	9.825E-06
4.012E-06	9.795E-06
3.981E-06	9.732E-06
3.981E-06	9.707E-06
3.981E-06	9.703E-06
3.971E-06	9.694E-06
3.961E-06	9.668E-06
3.961E-06	9.660E-06
3.961E-06	9.654E-06
3.951E-06	9.635E-06
3.951E-06	9.618E-06
3.940E-06	9.598E-06
3.930E-06	9.571E-06
3.930E-06	9.556E-06
3.920E-06	9.546E-06
3.920E-06	9.535E-06
3.910E-06	9.530E-06
3.910E-06	9.511E-06
3.900E-06	9.484E-06
3.889E-06	9.461E-06
3.889E-06	9.448E-06
3.889E-06	9.438E-06
3.879E-06	9.430E-06
3.879E-06	9.420E-06
3.879E-06	9.408E-06
3.869E-06	9.392E-06
3.869E-06	9.379E-06
3.859E-06	9.367E-06
3.859E-06	9.347E-06
3.849E-06	9.334E-06
3.849E-06	9.329E-06
3.849E-06	9.320E-06
3.838E-06	9.310E-06
3.838E-06	9.303E-06
3.838E-06	9.294E-06
3.828E-06	9.284E-06
3.818E-06	9.256E-06
3.808E-06	9.233E-06
3.808E-06	9.221E-06
3.808E-06	9.214E-06
3.797E-06	9.204E-06
3.797E-06	9.194E-06
3.797E-06	9.183E-06
3.787E-06	9.170E-06
3.787E-06	9.159E-06
3.787E-06	9.155E-06
3.777E-06	9.144E-06
3.777E-06	9.133E-06
3.777E-06	9.127E-06
3.767E-06	9.118E-06
3.767E-06	9.109E-06
3.767E-06	9.105E-06
3.767E-06	9.094E-06
3.757E-06	9.082E-06
3.757E-06	9.071E-06
3.746E-06	9.057E-06
3.746E-06	9.046E-06
3.736E-06	9.033E-06
3.736E-06	9.020E-06
3.726E-06	9.012E-06
3.726E-06	9.003E-06
3.726E-06	8.992E-06
3.716E-06	8.982E-06
3.716E-06	8.970E-06
3.716E-06	8.958E-06
3.706E-06	8.940E-06
3.706E-06	8.928E-06
3.706E-06	8.919E-06
3.695E-06	8.906E-06
3.695E-06	8.895E-06
3.685E-06	8.877E-06
3.685E-06	8.866E-06
3.685E-06	8.860E-06
3.675E-06	8.856E-06
3.675E-06	8.845E-06
3.665E-06	8.826E-06
3.665E-06	8.818E-06
3.665E-06	8.805E-06
3.655E-06	8.786E-06
3.655E-06	8.777E-06
3.655E-06	8.772E-06
3.655E-06	8.769E-06
3.644E-06	8.764E-06
3.644E-06	8.756E-06
3.644E-06	8.747E-06
3.634E-06	8.736E-06
3.634E-06	8.722E-06
3.624E-06	8.713E-06
3.624E-06	8.707E-06
3.624E-06	8.698E-06
3.614E-06	8.680E-06
3.604E-06	8.660E-06
3.593E-06	8.638E-06
3.593E-06	8.631E-06
3.593E-06	8.629E-06
3.593E-06	8.621E-06
3.593E-06	8.611E-06
3.583E-06	8.591E-06
3.583E-06	8.583E-06
3.573E-06	8.577E-06
3.573E-06	8.572E-06
3.573E-06	8.559E-06
3.563E-06	8.532E-06
3.552E-06	8.515E-06
3.542E-06	8.499E-06
3.542E-06	8.479E-06
3.532E-06	8.460E-06
3.532E-06	8.450E-06
3.522E-06	8.434E-06
3.522E-06	8.419E-06
3.522E-06	8.408E-06
3.512E-06	8.389E-06
3.512E-06	8.375E-06
3.501E-06	8.362E-06
3.501E-06	8.355E-06
3.491E-06	8.336E-06
3.491E-06	8.320E-06
3.491E-06	8.309E-06
3.481E-06	8.298E-06
3.481E-06	8.284E-06
3.471E-06	8.275E-06
3.471E-06	8.269E-06
3.471E-06	8.259E-06
3.461E-06	8.251E-06
3.461E-06	8.243E-06
3.461E-06	8.229E-06
3.450E-06	8.220E-06
3.450E-06	8.212E-06
3.450E-06	8.203E-06
3.440E-06	8.187E-06
3.430E-06	8.171E-06
3.430E-06	8.141E-06
3.420E-06	8.121E-06
3.410E-06	8.111E-06
3.410E-06	8.103E-06
3.410E-06	8.097E-06
3.399E-06	8.083E-06
3.389E-06	8.061E-06
3.389E-06	8.045E-06
3.389E-06	8.027E-06
3.379E-06	8.019E-06
3.379E-06	8.005E-06
3.369E-06	7.982E-06
3.359E-06	7.957E-06
3.348E-06	7.935E-06
3.348E-06	7.915E-06
3.338E-06	7.900E-06
3.338E-06	7.891E-06
3.328E-06	7.879E-06
3.328E-06	7.864E-06
3.328E-06	7.853E-06
3.328E-06	7.845E-06
3.318E-06	7.831E-06
3.307E-06	7.819E-06
3.307E-06	7.802E-06
3.297E-06	7.789E-06
3.297E-06	7.774E-06
3.287E-06	7.759E-06
3.287E-06	7.744E-06
3.277E-06	7.734E-06
3.277E-06	7.727E-06
3.267E-06	7.712E-06
3.267E-06	7.702E-06
3.267E-06	7.693E-06
3.256E-06	7.678E-06
3.256E-06	7.662E-06
3.246E-06	7.641E-06
3.236E-06	7.628E-06
3.236E-06	7.617E-06
3.236E-06	7.613E-06
3.236E-06	7.611E-06
3.236E-06	7.606E-06
3.236E-06	7.601E-06
3.226E-06	7.593E-06
3.226E-06	7.590E-06
3.226E-06	7.581E-06
3.216E-06	7.566E-06
3.216E-06	7.546E-06
3.205E-06	7.524E-06
3.195E-06	7.511E-06
3.195E-06	7.496E-06
3.195E-06	7.487E-06
3.185E-06	7.469E-06
3.185E-06	7.458E-06
3.185E-06	7.453E-06
3.175E-06	7.440E-06
3.175E-06	7.425E-06
3.165E-06	7.406E-06
3.165E-06	7.391E-06
3.154E-06	7.380E-06
3.154E-06	7.367E-06
3.144E-06	7.356E-06
3.134E-06	7.328E-06
3.124E-06	7.304E-06
3.124E-06	7.286E-06
3.114E-06	7.273E-06
3.103E-06	7.253E-06
3.103E-06	7.237E-06
3.093E-06	7.227E-06
3.093E-06	7.220E-06
3.093E-06	7.208E-06
3.083E-06	7.189E-06
3.073E-06	7.166E-06
3.073E-06	7.156E-06
3.073E-06	7.146E-06
3.062E-06	7.140E-06
3.062E-06	7.135E-06
3.062E-06	7.128E-06
3.062E-06	7.123E-06
3.062E-06	7.115E-06
3.052E-06	7.108E-06
3.052E-06	7.099E-06
3.042E-06	7.076E-06
3.032E-06	7.057E-06
3.032E-06	7.042E-06
3.022E-06	7.029E-06
3.011E-06	7.005E-06
3.001E-06	6.967E-06
3.001E-06	6.951E-06
2.991E-06	6.926E-06
2.981E-06	6.904E-06
2.971E-06	6.880E-06
2.960E-06	6.854E-06
2.950E-06	6.836E-06
2.940E-06	6.811E-06
2.940E-06	6.796E-06
2.930E-06	6.777E-06
2.930E-06	6.761E-06
2.920E-06	6.753E-06
2.920E-06	6.742E-06
2.909E-06	6.724E-06
2.909E-06	6.704E-06
2.899E-06	6.695E-06
2.899E-06	6.686E-06
2.899E-06	6.683E-06
2.899E-06	6.673E-06
2.889E-06	6.661E-06
2.889E-06	6.656E-06
2.889E-06	6.653E-06
2.889E-06	6.646E-06
2.879E-06	6.634E-06
2.879E-06	6.621E-06
2.879E-06	6.609E-06
2.869E-06	6.596E-06
2.869E-06	6.578E-06
2.858E-06	6.565E-06
2.858E-06	6.553E-06
2.848E-06	6.534E-06
2.848E-06	6.521E-06
2.838E-06	6.498E-06
2.828E-06	6.480E-06
2.817E-06	6.449E-06
2.807E-06	6.433E-06
2.807E-06	6.418E-06
2.797E-06	6.394E-06
2.787E-06	6.370E-06
2.787E-06	6.353E-06
2.777E-06	6.335E-06
2.766E-06	6.324E-06
2.766E-06	6.314E-06
2.756E-06	6.298E-06
2.756E-06	6.288E-06
2.756E-06	6.273E-06
2.746E-06	6.256E-06
2.746E-06	6.242E-06
2.736E-06	6.228E-06
2.736E-06	6.218E-06
2.726E-06	6.209E-06
2.726E-06	6.201E-06
2.726E-06	6.189E-06
2.726E-06	6.181E-06
2.726E-06	6.177E-06
2.715E-06	6.172E-06
2.715E-06	6.167E-06
2.715E-06	6.162E-06
2.715E-06	6.157E-06
2.715E-06	6.153E-06
2.715E-06	6.148E-06
2.715E-06	6.138E-06
2.715E-06	6.127E-06
2.715E-06	6.117E-06
2.715E-06	6.109E-06
2.715E-06	6.093E-06
2.715E-06	6.081E-06
2.715E-06	6.078E-06
2.715E-06	6.071E-06
2.715E-06	6.049E-06
2.715E-06	6.030E-06
2.715E-06	6.015E-06
2.715E-06	6.005E-06
2.715E-06	5.998E-06
2.715E-06	5.991E-06
2.715E-06	5.987E-06
2.715E-06	5.977E-06
2.715E-06	5.973E-06
2.715E-06	5.967E-06
2.715E-06	5.959E-06
2.715E-06	5.948E-06
2.726E-06	5.943E-06
2.715E-06	5.937E-06
2.715E-06	5.929E-06
2.715E-06	5.925E-06
2.715E-06	5.918E-06
2.715E-06	5.915E-06
2.715E-06	5.910E-06
