9.739e-06 2.15e-05
9.718e-06 2.149e-05
9.718e-06 2.148e-05
9.708e-06 2.145e-05
9.698e-06 2.142e-05
9.688e-06 2.14e-05
9.688e-06 2.139e-05
9.677e-06 2.136e-05
9.657e-06 2.134e-05
9.657e-06 2.131e-05
9.647e-06 2.129e-05
9.637e-06 2.128e-05
9.637e-06 2.126e-05
9.626e-06 2.124e-05
9.616e-06 2.123e-05
9.606e-06 2.12e-05
9.596e-06 2.119e-05
9.596e-06 2.118e-05
9.586e-06 2.115e-05
9.565e-06 2.112e-05
9.555e-06 2.11e-05
9.534e-06 2.105e-05
9.524e-06 2.101e-05
9.504e-06 2.099e-05
9.494e-06 2.096e-05
9.494e-06 2.094e-05
9.494e-06 2.093e-05
9.483e-06 2.092e-05
9.483e-06 2.091e-05
9.473e-06 2.09e-05
9.463e-06 2.088e-05
9.453e-06 2.085e-05
9.443e-06 2.082e-05
9.432e-06 2.079e-05
9.422e-06 2.078e-05
9.422e-06 2.077e-05
9.412e-06 2.074e-05
9.392e-06 2.071e-05
9.392e-06 2.07e-05
9.392e-06 2.069e-05
9.381e-06 2.068e-05
9.381e-06 2.067e-05
9.381e-06 2.065e-05
9.371e-06 2.065e-05
9.361e-06 2.063e-05
9.351e-06 2.06e-05
9.341e-06 2.057e-05
9.32e-06 2.053e-05
9.31e-06 2.052e-05
9.29e-06 2.047e-05
9.269e-06 2.042e-05
9.249e-06 2.038e-05
9.228e-06 2.034e-05
9.208e-06 2.028e-05
9.187e-06 2.025e-05
9.177e-06 2.023e-05
9.167e-06 2.021e-05
9.157e-06 2.018e-05
9.157e-06 2.015e-05
9.136e-06 2.013e-05
9.126e-06 2.01e-05
9.106e-06 2.005e-05
9.096e-06 2.004e-05
9.096e-06 2.003e-05
9.085e-06 2e-05
9.065e-06 1.996e-05
9.045e-06 1.992e-05
9.024e-06 1.988e-05
9.014e-06 1.985e-05
9.004e-06 1.982e-05
9.004e-06 1.982e-05
9.004e-06 1.981e-05
8.993e-06 1.98e-05
8.983e-06 1.977e-05
8.973e-06 1.974e-05
8.973e-06 1.973e-05
8.963e-06 1.973e-05
8.963e-06 1.971e-05
8.963e-06 1.97e-05
8.963e-06 1.969e-05
8.963e-06 1.969e-05
8.953e-06 1.969e-05
8.953e-06 1.968e-05
8.953e-06 1.967e-05
8.953e-06 1.967e-05
8.953e-06 1.967e-05
8.953e-06 1.966e-05
8.942e-06 1.966e-05
8.942e-06 1.966e-05
8.942e-06 1.965e-05
8.932e-06 1.964e-05
8.932e-06 1.964e-05
8.932e-06 1.964e-05
8.932e-06 1.963e-05
8.932e-06 1.963e-05
8.922e-06 1.961e-05
8.922e-06 1.96e-05
8.922e-06 1.96e-05
8.912e-06 1.96e-05
8.902e-06 1.957e-05
8.891e-06 1.956e-05
8.891e-06 1.954e-05
8.881e-06 1.952e-05
8.881e-06 1.951e-05
8.871e-06 1.949e-05
8.861e-06 1.949e-05
8.861e-06 1.947e-05
8.861e-06 1.947e-05
8.851e-06 1.946e-05
8.851e-06 1.945e-05
8.851e-06 1.945e-05
8.851e-06 1.945e-05
8.851e-06 1.944e-05
8.84e-06 1.942e-05
8.84e-06 1.941e-05
8.83e-06 1.94e-05
8.83e-06 1.939e-05
8.82e-06 1.939e-05
8.82e-06 1.939e-05
8.82e-06 1.937e-05
8.82e-06 1.937e-05
8.81e-06 1.936e-05
8.82e-06 1.936e-05
8.81e-06 1.935e-05
8.8e-06 1.933e-05
8.8e-06 1.931e-05
8.789e-06 1.93e-05
8.789e-06 1.931e-05
8.789e-06 1.93e-05
8.779e-06 1.928e-05
8.769e-06 1.926e-05
8.759e-06 1.925e-05
8.759e-06 1.924e-05
8.759e-06 1.923e-05
8.748e-06 1.922e-05
8.748e-06 1.921e-05
8.738e-06 1.92e-05
8.738e-06 1.919e-05
8.738e-06 1.918e-05
8.728e-06 1.917e-05
8.728e-06 1.916e-05
8.718e-06 1.915e-05
8.718e-06 1.915e-05
8.718e-06 1.914e-05
8.708e-06 1.913e-05
8.708e-06 1.912e-05
8.708e-06 1.91e-05
8.697e-06 1.91e-05
8.697e-06 1.909e-05
8.687e-06 1.908e-05
8.677e-06 1.906e-05
8.667e-06 1.903e-05
8.657e-06 1.901e-05
8.657e-06 1.901e-05
8.657e-06 1.9e-05
8.646e-06 1.898e-05
8.636e-06 1.896e-05
8.636e-06 1.896e-05
8.626e-06 1.894e-05
8.626e-06 1.892e-05
8.616e-06 1.891e-05
8.606e-06 1.889e-05
8.595e-06 1.887e-05
8.595e-06 1.886e-05
8.585e-06 1.883e-05
8.575e-06 1.881e-05
8.565e-06 1.88e-05
8.565e-06 1.879e-05
8.544e-06 1.876e-05
8.534e-06 1.873e-05
8.524e-06 1.866e-05
8.514e-06 1.869e-05
8.503e-06 1.868e-05
8.503e-06 1.866e-05
8.493e-06 1.865e-05
8.493e-06 1.863e-05
8.483e-06 1.86e-05
8.463e-06 1.857e-05
8.452e-06 1.855e-05
8.452e-06 1.854e-05
8.452e-06 1.854e-05
8.452e-06 1.854e-05
8.442e-06 1.852e-05
8.442e-06 1.85e-05
8.432e-06 1.848e-05
8.422e-06 1.847e-05
8.412e-06 1.845e-05
8.412e-06 1.843e-05
8.401e-06 1.842e-05
8.391e-06 1.84e-05
8.381e-06 1.837e-05
8.371e-06 1.837e-05
8.371e-06 1.835e-05
8.361e-06 1.833e-05
8.35e-06 1.83e-05
8.33e-06 1.828e-05
8.32e-06 1.824e-05
8.299e-06 1.821e-05
8.299e-06 1.819e-05
8.289e-06 1.817e-05
8.279e-06 1.816e-05
8.269e-06 1.813e-05
8.258e-06 1.811e-05
8.248e-06 1.807e-05
8.228e-06 1.804e-05
8.218e-06 1.8e-05
8.218e-06 1.799e-05
8.207e-06 1.798e-05
8.197e-06 1.794e-05
8.187e-06 1.792e-05
8.177e-06 1.79e-05
8.167e-06 1.788e-05
8.156e-06 1.786e-05
8.146e-06 1.783e-05
8.136e-06 1.781e-05
8.126e-06 1.779e-05
8.116e-06 1.777e-05
8.105e-06 1.775e-05
8.095e-06 1.773e-05
8.085e-06 1.771e-05
8.075e-06 1.768e-05
8.054e-06 1.763e-05
8.044e-06 1.761e-05
8.024e-06 1.757e-05
8.024e-06 1.755e-05
8.013e-06 1.754e-05
8.003e-06 1.75e-05
7.983e-06 1.747e-05
7.973e-06 1.745e-05
7.973e-06 1.743e-05
7.962e-06 1.74e-05
7.942e-06 1.737e-05
7.922e-06 1.733e-05
7.901e-06 1.729e-05
7.901e-06 1.727e-05
7.891e-06 1.726e-05
7.891e-06 1.725e-05
7.881e-06 1.724e-05
7.881e-06 1.722e-05
7.881e-06 1.721e-05
7.871e-06 1.72e-05
7.871e-06 1.719e-05
7.86e-06 1.717e-05
7.86e-06 1.716e-05
7.85e-06 1.716e-05
7.85e-06 1.715e-05
7.85e-06 1.714e-05
7.84e-06 1.713e-05
7.83e-06 1.711e-05
7.83e-06 1.709e-05
7.82e-06 1.708e-05
7.809e-06 1.705e-05
7.809e-06 1.704e-05
7.799e-06 1.703e-05
7.789e-06 1.701e-05
7.779e-06 1.699e-05
7.789e-06 1.696e-05
7.748e-06 1.692e-05
7.738e-06 1.691e-05
7.728e-06 1.687e-05
7.707e-06 1.683e-05
7.697e-06 1.682e-05
7.697e-06 1.68e-05
7.687e-06 1.679e-05
7.677e-06 1.677e-05
7.677e-06 1.675e-05
7.666e-06 1.673e-05
7.656e-06 1.671e-05
7.646e-06 1.67e-05
7.636e-06 1.666e-05
7.615e-06 1.663e-05
7.605e-06 1.66e-05
7.585e-06 1.657e-05
7.575e-06 1.654e-05
7.575e-06 1.652e-05
7.564e-06 1.65e-05
7.554e-06 1.649e-05
7.554e-06 1.647e-05
7.544e-06 1.646e-05
7.544e-06 1.644e-05
7.534e-06 1.641e-05
7.523e-06 1.641e-05
7.523e-06 1.641e-05
7.523e-06 1.641e-05
7.523e-06 1.64e-05
7.523e-06 1.64e-05
7.523e-06 1.64e-05
7.503e-06 1.636e-05
7.493e-06 1.633e-05
7.483e-06 1.631e-05
7.472e-06 1.629e-05
7.462e-06 1.628e-05
7.452e-06 1.627e-05
7.452e-06 1.625e-05
7.432e-06 1.621e-05
7.432e-06 1.62e-05
7.432e-06 1.619e-05
7.421e-06 1.618e-05
7.411e-06 1.615e-05
7.401e-06 1.613e-05
7.391e-06 1.61e-05
7.381e-06 1.608e-05
7.37e-06 1.605e-05
7.36e-06 1.602e-05
7.35e-06 1.6e-05
7.34e-06 1.599e-05
7.33e-06 1.596e-05
7.319e-06 1.594e-05
7.309e-06 1.592e-05
7.309e-06 1.591e-05
7.299e-06 1.589e-05
7.289e-06 1.588e-05
7.278e-06 1.585e-05
7.268e-06 1.583e-05
7.248e-06 1.578e-05
7.227e-06 1.574e-05
7.227e-06 1.573e-05
7.207e-06 1.569e-05
7.187e-06 1.566e-05
7.187e-06 1.565e-05
7.176e-06 1.561e-05
7.156e-06 1.557e-05
7.146e-06 1.553e-05
7.136e-06 1.552e-05
7.125e-06 1.55e-05
7.115e-06 1.547e-05
7.095e-06 1.543e-05
7.085e-06 1.541e-05
7.074e-06 1.54e-05
7.064e-06 1.537e-05
7.044e-06 1.532e-05
7.023e-06 1.527e-05
6.993e-06 1.522e-05
6.972e-06 1.517e-05
6.972e-06 1.515e-05
6.962e-06 1.513e-05
6.962e-06 1.511e-05
6.952e-06 1.509e-05
6.942e-06 1.507e-05
6.931e-06 1.505e-05
6.931e-06 1.504e-05
6.921e-06 1.501e-05
6.911e-06 1.499e-05
6.901e-06 1.498e-05
6.901e-06 1.497e-05
6.901e-06 1.496e-05
6.891e-06 1.496e-05
6.891e-06 1.495e-05
6.88e-06 1.492e-05
6.86e-06 1.489e-05
6.85e-06 1.486e-05
6.84e-06 1.484e-05
6.829e-06 1.48e-05
6.819e-06 1.479e-05
6.809e-06 1.476e-05
6.799e-06 1.473e-05
6.799e-06 1.472e-05
6.788e-06 1.471e-05
6.778e-06 1.469e-05
6.758e-06 1.465e-05
6.748e-06 1.462e-05
6.737e-06 1.459e-05
6.737e-06 1.458e-05
6.727e-06 1.457e-05
6.727e-06 1.455e-05
6.717e-06 1.453e-05
6.717e-06 1.452e-05
6.707e-06 1.451e-05
6.697e-06 1.45e-05
6.686e-06 1.447e-05
6.686e-06 1.446e-05
6.676e-06 1.445e-05
6.676e-06 1.444e-05
6.666e-06 1.441e-05
6.646e-06 1.437e-05
6.635e-06 1.435e-05
6.625e-06 1.433e-05
6.615e-06 1.431e-05
6.595e-06 1.427e-05
6.574e-06 1.421e-05
6.554e-06 1.416e-05
6.533e-06 1.411e-05
6.513e-06 1.408e-05
6.513e-06 1.407e-05
6.503e-06 1.404e-05
6.482e-06 1.401e-05
6.472e-06 1.398e-05
6.462e-06 1.395e-05
6.441e-06 1.392e-05
6.431e-06 1.389e-05
6.421e-06 1.387e-05
6.421e-06 1.386e-05
6.411e-06 1.384e-05
6.401e-06 1.381e-05
6.39e-06 1.378e-05
6.38e-06 1.378e-05
6.38e-06 1.375e-05
6.37e-06 1.373e-05
6.35e-06 1.369e-05
6.329e-06 1.363e-05
6.319e-06 1.362e-05
6.309e-06 1.359e-05
6.309e-06 1.358e-05
6.298e-06 1.357e-05
6.288e-06 1.355e-05
6.288e-06 1.354e-05
6.278e-06 1.353e-05
6.268e-06 1.35e-05
6.258e-06 1.348e-05
6.258e-06 1.346e-05
6.237e-06 1.344e-05
6.227e-06 1.342e-05
6.217e-06 1.34e-05
6.207e-06 1.337e-05
6.207e-06 1.335e-05
6.196e-06 1.333e-05
6.186e-06 1.331e-05
6.166e-06 1.328e-05
6.156e-06 1.324e-05
6.145e-06 1.323e-05
6.135e-06 1.32e-05
6.135e-06 1.319e-05
6.125e-06 1.316e-05
6.105e-06 1.313e-05
6.094e-06 1.311e-05
6.084e-06 1.308e-05
6.074e-06 1.306e-05
6.074e-06 1.305e-05
6.064e-06 1.304e-05
6.053e-06 1.302e-05
6.053e-06 1.3e-05
6.043e-06 1.298e-05
6.033e-06 1.296e-05
6.013e-06 1.293e-05
6.002e-06 1.289e-05
5.992e-06 1.287e-05
5.982e-06 1.285e-05
5.972e-06 1.283e-05
5.972e-06 1.281e-05
5.941e-06 1.276e-05
5.921e-06 1.271e-05
5.911e-06 1.268e-05
5.911e-06 1.267e-05
5.9e-06 1.266e-05
5.89e-06 1.264e-05
5.89e-06 1.262e-05
5.89e-06 1.261e-05
5.89e-06 1.261e-05
5.89e-06 1.261e-05
5.88e-06 1.26e-05
5.88e-06 1.259e-05
5.87e-06 1.258e-05
5.87e-06 1.258e-05
5.86e-06 1.256e-05
5.86e-06 1.255e-05
5.849e-06 1.253e-05
5.839e-06 1.251e-05
5.829e-06 1.249e-05
5.819e-06 1.246e-05
5.808e-06 1.244e-05
5.798e-06 1.243e-05
5.798e-06 1.242e-05
5.798e-06 1.241e-05
5.788e-06 1.24e-05
5.788e-06 1.239e-05
5.788e-06 1.238e-05
5.778e-06 1.238e-05
5.778e-06 1.236e-05
5.768e-06 1.235e-05
5.768e-06 1.234e-05
5.757e-06 1.233e-05
5.757e-06 1.232e-05
5.747e-06 1.231e-05
5.747e-06 1.229e-05
5.737e-06 1.227e-05
5.737e-06 1.226e-05
5.737e-06 1.225e-05
5.727e-06 1.225e-05
5.727e-06 1.224e-05
5.727e-06 1.222e-05
5.717e-06 1.221e-05
5.717e-06 1.22e-05
5.706e-06 1.219e-05
5.706e-06 1.219e-05
5.706e-06 1.218e-05
5.706e-06 1.217e-05
5.696e-06 1.216e-05
5.696e-06 1.216e-05
5.696e-06 1.215e-05
5.686e-06 1.214e-05
5.686e-06 1.213e-05
5.676e-06 1.212e-05
5.676e-06 1.212e-05
5.676e-06 1.211e-05
5.666e-06 1.21e-05
5.666e-06 1.209e-05
5.655e-06 1.207e-05
5.645e-06 1.205e-05
5.635e-06 1.203e-05
5.635e-06 1.203e-05
5.635e-06 1.203e-05
5.635e-06 1.202e-05
5.635e-06 1.202e-05
5.635e-06 1.202e-05
5.635e-06 1.202e-05
5.635e-06 1.202e-05
5.635e-06 1.202e-05
5.635e-06 1.202e-05
5.625e-06 1.201e-05
5.615e-06 1.199e-05
5.604e-06 1.196e-05
5.594e-06 1.195e-05
5.584e-06 1.193e-05
5.584e-06 1.191e-05
5.584e-06 1.191e-05
5.584e-06 1.191e-05
5.584e-06 1.191e-05
5.574e-06 1.19e-05
5.574e-06 1.188e-05
5.563e-06 1.187e-05
5.563e-06 1.186e-05
5.553e-06 1.185e-05
5.553e-06 1.184e-05
5.543e-06 1.183e-05
5.533e-06 1.18e-05
5.523e-06 1.178e-05
5.512e-06 1.176e-05
5.512e-06 1.175e-05
5.512e-06 1.174e-05
5.512e-06 1.173e-05
5.512e-06 1.173e-05
5.512e-06 1.173e-05
5.502e-06 1.172e-05
5.502e-06 1.171e-05
5.492e-06 1.17e-05
5.492e-06 1.168e-05
5.482e-06 1.168e-05
5.482e-06 1.166e-05
5.472e-06 1.164e-05
5.472e-06 1.162e-05
5.461e-06 1.163e-05
5.461e-06 1.162e-05
5.451e-06 1.161e-05
5.451e-06 1.16e-05
5.441e-06 1.159e-05
5.441e-06 1.159e-05
5.441e-06 1.158e-05
5.441e-06 1.157e-05
5.431e-06 1.157e-05
5.431e-06 1.157e-05
5.431e-06 1.156e-05
5.431e-06 1.155e-05
5.421e-06 1.154e-05
5.421e-06 1.153e-05
5.41e-06 1.152e-05
5.41e-06 1.151e-05
5.4e-06 1.15e-05
5.4e-06 1.149e-05
5.4e-06 1.148e-05
5.39e-06 1.148e-05
5.39e-06 1.147e-05
5.39e-06 1.147e-05
5.39e-06 1.147e-05
5.39e-06 1.146e-05
5.38e-06 1.146e-05
5.38e-06 1.145e-05
5.38e-06 1.145e-05
5.38e-06 1.144e-05
5.38e-06 1.144e-05
5.38e-06 1.143e-05
5.37e-06 1.143e-05
5.37e-06 1.141e-05
5.359e-06 1.14e-05
5.359e-06 1.139e-05
5.349e-06 1.138e-05
5.349e-06 1.138e-05
5.349e-06 1.137e-05
5.339e-06 1.135e-05
5.329e-06 1.133e-05
5.318e-06 1.132e-05
5.318e-06 1.13e-05
5.308e-06 1.129e-05
5.308e-06 1.127e-05
5.298e-06 1.126e-05
5.298e-06 1.125e-05
5.288e-06 1.124e-05
5.288e-06 1.122e-05
5.267e-06 1.119e-05
5.267e-06 1.117e-05
5.257e-06 1.116e-05
5.257e-06 1.115e-05
5.257e-06 1.115e-05
5.247e-06 1.114e-05
5.247e-06 1.114e-05
5.247e-06 1.113e-05
5.237e-06 1.113e-05
5.237e-06 1.112e-05
5.237e-06 1.11e-05
5.227e-06 1.109e-05
5.227e-06 1.109e-05
5.227e-06 1.108e-05
5.216e-06 1.107e-05
5.216e-06 1.106e-05
5.216e-06 1.105e-05
5.216e-06 1.105e-05
5.216e-06 1.105e-05
5.206e-06 1.105e-05
5.206e-06 1.103e-05
5.196e-06 1.102e-05
5.196e-06 1.101e-05
5.186e-06 1.1e-05
5.186e-06 1.1e-05
5.186e-06 1.1e-05
5.186e-06 1.099e-05
5.186e-06 1.099e-05
5.176e-06 1.098e-05
5.176e-06 1.098e-05
5.176e-06 1.097e-05
5.176e-06 1.096e-05
5.155e-06 1.094e-05
5.145e-06 1.091e-05
5.135e-06 1.088e-05
5.125e-06 1.086e-05
5.114e-06 1.084e-05
5.114e-06 1.083e-05
5.104e-06 1.082e-05
5.094e-06 1.08e-05
5.094e-06 1.078e-05
5.084e-06 1.077e-05
5.073e-06 1.074e-05
5.063e-06 1.072e-05
5.053e-06 1.071e-05
5.043e-06 1.068e-05
5.033e-06 1.066e-05
5.033e-06 1.065e-05
5.022e-06 1.064e-05
5.022e-06 1.063e-05
5.022e-06 1.062e-05
5.022e-06 1.061e-05
5.012e-06 1.061e-05
5.012e-06 1.059e-05
5.002e-06 1.058e-05
5.002e-06 1.058e-05
5.002e-06 1.057e-05
4.992e-06 1.056e-05
4.982e-06 1.055e-05
4.982e-06 1.053e-05
4.971e-06 1.052e-05
4.971e-06 1.05e-05
4.961e-06 1.049e-05
4.961e-06 1.049e-05
4.961e-06 1.048e-05
4.961e-06 1.048e-05
4.961e-06 1.048e-05
4.961e-06 1.048e-05
4.951e-06 1.047e-05
4.951e-06 1.046e-05
4.941e-06 1.044e-05
4.941e-06 1.043e-05
4.931e-06 1.042e-05
4.931e-06 1.04e-05
4.92e-06 1.039e-05
4.92e-06 1.038e-05
4.91e-06 1.037e-05
4.91e-06 1.036e-05
4.9e-06 1.035e-05
4.9e-06 1.033e-05
4.89e-06 1.032e-05
4.89e-06 1.031e-05
4.88e-06 1.03e-05
4.88e-06 1.029e-05
4.88e-06 1.028e-05
4.869e-06 1.027e-05
4.869e-06 1.026e-05
4.859e-06 1.025e-05
4.859e-06 1.024e-05
4.859e-06 1.024e-05
4.849e-06 1.022e-05
4.839e-06 1.021e-05
4.828e-06 1.019e-05
4.828e-06 1.018e-05
4.828e-06 1.018e-05
4.828e-06 1.018e-05
4.828e-06 1.017e-05
4.818e-06 1.015e-05
4.818e-06 1.014e-05
4.808e-06 1.014e-05
4.808e-06 1.013e-05
4.798e-06 1.012e-05
4.798e-06 1.011e-05
4.798e-06 1.01e-05
4.798e-06 1.01e-05
4.798e-06 1.01e-05
4.788e-06 1.009e-05
4.788e-06 1.009e-05
4.788e-06 1.008e-05
4.788e-06 1.008e-05
4.788e-06 1.008e-05
4.777e-06 1.006e-05
4.777e-06 1.006e-05
4.777e-06 1.005e-05
4.767e-06 1.004e-05
4.767e-06 1.004e-05
4.767e-06 1.004e-05
4.767e-06 1.003e-05
4.767e-06 1.003e-05
4.757e-06 1.002e-05
4.757e-06 1.002e-05
4.757e-06 1.001e-05
4.757e-06 1.001e-05
4.757e-06 1e-05
4.757e-06 1e-05
4.757e-06 1e-05
4.757e-06 1e-05
4.757e-06 9.992e-06
4.737e-06 9.964e-06
4.726e-06 9.932e-06
4.716e-06 9.917e-06
4.706e-06 9.905e-06
4.706e-06 9.894e-06
4.706e-06 9.885e-06
4.706e-06 9.882e-06
4.696e-06 9.872e-06
4.696e-06 9.862e-06
4.686e-06 9.851e-06
4.686e-06 9.842e-06
4.675e-06 9.828e-06
4.675e-06 9.814e-06
4.675e-06 9.809e-06
4.665e-06 9.801e-06
4.665e-06 9.788e-06
4.665e-06 9.783e-06
4.665e-06 9.78e-06
4.665e-06 9.772e-06
4.655e-06 9.763e-06
4.645e-06 9.75e-06
4.645e-06 9.745e-06
4.645e-06 9.735e-06
4.635e-06 9.728e-06
4.635e-06 9.723e-06
4.635e-06 9.715e-06
4.635e-06 9.709e-06
4.624e-06 9.7e-06
4.624e-06 9.689e-06
4.614e-06 9.679e-06
4.614e-06 9.671e-06
4.614e-06 9.666e-06
4.604e-06 9.66e-06
4.604e-06 9.647e-06
4.594e-06 9.64e-06
4.594e-06 9.631e-06
4.594e-06 9.626e-06
4.594e-06 9.619e-06
4.584e-06 9.614e-06
4.584e-06 9.608e-06
4.584e-06 9.601e-06
4.573e-06 9.595e-06
4.573e-06 9.586e-06
4.573e-06 9.577e-06
4.573e-06 9.57e-06
4.563e-06 9.563e-06
4.563e-06 9.557e-06
4.563e-06 9.554e-06
4.563e-06 9.548e-06
4.553e-06 9.545e-06
4.553e-06 9.54e-06
4.553e-06 9.537e-06
4.553e-06 9.533e-06
4.553e-06 9.531e-06
4.553e-06 9.529e-06
4.553e-06 9.524e-06
4.553e-06 9.519e-06
4.543e-06 9.516e-06
4.543e-06 9.514e-06
4.543e-06 9.51e-06
4.543e-06 9.503e-06
4.532e-06 9.49e-06
4.532e-06 9.481e-06
4.532e-06 9.471e-06
4.522e-06 9.467e-06
4.522e-06 9.455e-06
4.512e-06 9.44e-06
4.512e-06 9.428e-06
4.502e-06 9.416e-06
4.502e-06 9.406e-06
4.502e-06 9.401e-06
4.492e-06 9.388e-06
4.492e-06 9.376e-06
4.481e-06 9.368e-06
4.481e-06 9.362e-06
4.481e-06 9.356e-06
4.481e-06 9.349e-06
4.481e-06 9.342e-06
4.471e-06 9.336e-06
4.471e-06 9.331e-06
4.471e-06 9.324e-06
4.461e-06 9.306e-06
4.461e-06 9.3e-06
4.461e-06 9.298e-06
4.451e-06 9.292e-06
4.451e-06 9.287e-06
4.451e-06 9.284e-06
4.451e-06 9.281e-06
4.451e-06 9.276e-06
4.441e-06 9.272e-06
4.441e-06 9.259e-06
4.43e-06 9.244e-06
4.43e-06 9.238e-06
4.43e-06 9.233e-06
4.42e-06 9.228e-06
4.42e-06 9.22e-06
4.41e-06 9.211e-06
4.41e-06 9.202e-06
4.4e-06 9.189e-06
4.4e-06 9.184e-06
4.4e-06 9.18e-06
4.4e-06 9.177e-06
4.4e-06 9.176e-06
4.4e-06 9.174e-06
4.4e-06 9.173e-06
4.4e-06 9.172e-06
4.4e-06 9.169e-06
4.4e-06 9.165e-06
4.4e-06 9.164e-06
4.4e-06 9.162e-06
4.39e-06 9.158e-06
4.39e-06 9.152e-06
4.39e-06 9.141e-06
4.379e-06 9.135e-06
4.379e-06 9.13e-06
4.379e-06 9.123e-06
4.369e-06 9.116e-06
4.369e-06 9.105e-06
4.369e-06 9.1e-06
4.369e-06 9.095e-06
4.359e-06 9.09e-06
4.359e-06 9.087e-06
4.359e-06 9.085e-06
4.359e-06 9.083e-06
4.359e-06 9.081e-06
4.359e-06 9.078e-06
4.359e-06 9.074e-06
4.359e-06 9.072e-06
4.359e-06 9.071e-06
4.359e-06 9.07e-06
4.359e-06 9.064e-06
4.349e-06 9.06e-06
4.349e-06 9.053e-06
4.349e-06 9.045e-06
4.349e-06 9.042e-06
4.339e-06 9.037e-06
4.339e-06 9.033e-06
4.339e-06 9.029e-06
4.339e-06 9.027e-06
4.339e-06 9.022e-06
4.339e-06 9.019e-06
4.328e-06 9.017e-06
4.328e-06 9.015e-06
4.328e-06 9.014e-06
4.328e-06 9.009e-06
4.328e-06 9e-06
4.318e-06 8.991e-06
4.318e-06 8.984e-06
4.318e-06 8.981e-06
4.318e-06 8.979e-06
4.318e-06 8.972e-06
4.308e-06 8.964e-06
4.308e-06 8.957e-06
4.298e-06 8.944e-06
4.298e-06 8.939e-06
4.298e-06 8.933e-06
4.298e-06 8.93e-06
4.298e-06 8.928e-06
4.298e-06 8.923e-06
4.298e-06 8.92e-06
4.287e-06 8.914e-06
4.287e-06 8.909e-06
4.287e-06 8.904e-06
4.287e-06 8.9e-06
4.277e-06 8.895e-06
4.277e-06 8.88e-06
4.277e-06 8.876e-06
4.277e-06 8.875e-06
4.267e-06 8.868e-06
4.267e-06 8.86e-06
4.267e-06 8.856e-06
4.267e-06 8.846e-06
4.257e-06 8.838e-06
4.257e-06 8.829e-06
4.257e-06 8.825e-06
4.257e-06 8.821e-06
4.247e-06 8.817e-06
4.247e-06 8.809e-06
4.247e-06 8.804e-06
4.247e-06 8.797e-06
4.236e-06 8.787e-06
4.236e-06 8.782e-06
4.236e-06 8.778e-06
4.226e-06 8.773e-06
4.226e-06 8.767e-06
4.226e-06 8.76e-06
4.216e-06 8.756e-06
4.216e-06 8.753e-06
4.216e-06 8.741e-06
4.206e-06 8.733e-06
4.206e-06 8.726e-06
4.206e-06 8.722e-06
4.206e-06 8.713e-06
4.196e-06 8.708e-06
4.196e-06 8.687e-06
4.196e-06 8.693e-06
4.185e-06 8.693e-06
4.185e-06 8.689e-06
4.185e-06 8.687e-06
4.185e-06 8.666e-06
4.185e-06 8.653e-06
4.185e-06 8.651e-06
4.185e-06 8.648e-06
4.185e-06 8.648e-06
4.185e-06 8.677e-06
4.185e-06 8.677e-06
4.185e-06 8.676e-06
4.185e-06 8.675e-06
4.185e-06 8.674e-06
4.185e-06 8.672e-06
4.185e-06 8.672e-06
4.185e-06 8.669e-06
4.185e-06 8.666e-06
4.185e-06 8.66e-06
4.175e-06 8.654e-06
4.175e-06 8.652e-06
4.175e-06 8.648e-06
4.175e-06 8.643e-06
4.165e-06 8.638e-06
4.165e-06 8.633e-06
4.165e-06 8.63e-06
4.165e-06 8.627e-06
4.165e-06 8.621e-06
4.155e-06 8.61e-06
4.155e-06 8.605e-06
4.155e-06 8.604e-06
4.155e-06 8.601e-06
4.155e-06 8.596e-06
4.145e-06 8.589e-06
4.145e-06 8.586e-06
4.145e-06 8.582e-06
4.145e-06 8.576e-06
4.134e-06 8.568e-06
4.134e-06 8.547e-06
4.114e-06 8.52e-06
4.114e-06 8.515e-06
4.114e-06 8.512e-06
4.114e-06 8.508e-06
4.114e-06 8.504e-06
4.104e-06 8.495e-06
4.104e-06 8.482e-06
4.104e-06 8.471e-06
4.094e-06 8.463e-06
4.094e-06 8.456e-06
4.083e-06 8.446e-06
4.083e-06 8.437e-06
4.083e-06 8.429e-06
4.073e-06 8.414e-06
4.073e-06 8.392e-06
4.063e-06 8.38e-06
4.063e-06 8.373e-06
4.063e-06 8.369e-06
4.053e-06 8.365e-06
4.053e-06 8.361e-06
4.053e-06 8.358e-06
4.053e-06 8.346e-06
4.042e-06 8.333e-06
4.042e-06 8.326e-06
4.032e-06 8.311e-06
4.022e-06 8.289e-06
4.022e-06 8.284e-06
4.022e-06 8.282e-06
4.022e-06 8.28e-06
4.022e-06 8.279e-06
4.012e-06 8.271e-06
4.012e-06 8.258e-06
4.012e-06 8.255e-06
4.012e-06 8.256e-06
4.012e-06 8.255e-06
4.012e-06 8.256e-06
4.012e-06 8.252e-06
4.002e-06 8.244e-06
4.002e-06 8.228e-06
3.991e-06 8.215e-06
3.991e-06 8.209e-06
3.991e-06 8.208e-06
3.971e-06 8.184e-06
3.961e-06 8.146e-06
3.951e-06 8.132e-06
3.951e-06 8.117e-06
3.94e-06 8.107e-06
3.94e-06 8.101e-06
3.94e-06 8.099e-06
3.94e-06 8.1e-06
3.94e-06 8.092e-06
3.93e-06 8.081e-06
3.93e-06 8.073e-06
3.93e-06 8.071e-06
3.92e-06 8.065e-06
3.92e-06 8.057e-06
3.92e-06 8.053e-06
3.92e-06 8.05e-06
3.92e-06 8.042e-06
3.91e-06 8.026e-06
3.91e-06 8.021e-06
3.9e-06 8.011e-06
3.9e-06 7.995e-06
3.889e-06 7.988e-06
3.889e-06 7.979e-06
3.879e-06 7.956e-06
3.869e-06 7.938e-06
3.869e-06 7.925e-06
3.859e-06 7.905e-06
3.849e-06 7.889e-06
3.849e-06 7.877e-06
3.838e-06 7.865e-06
3.838e-06 7.847e-06
3.828e-06 7.833e-06
3.828e-06 7.823e-06
3.828e-06 7.822e-06
3.818e-06 7.82e-06
3.818e-06 7.816e-06
3.818e-06 7.804e-06
3.808e-06 7.795e-06
3.808e-06 7.783e-06
3.808e-06 7.772e-06
3.797e-06 7.767e-06
3.787e-06 7.749e-06
3.777e-06 7.732e-06
3.777e-06 7.725e-06
3.767e-06 7.707e-06
3.767e-06 7.691e-06
3.757e-06 7.674e-06
3.746e-06 7.661e-06
3.746e-06 7.654e-06
3.746e-06 7.65e-06
3.746e-06 7.642e-06
3.736e-06 7.631e-06
3.736e-06 7.62e-06
3.736e-06 7.614e-06
3.736e-06 7.612e-06
3.726e-06 7.606e-06
3.726e-06 7.597e-06
3.716e-06 7.584e-06
3.716e-06 7.576e-06
3.706e-06 7.564e-06
3.706e-06 7.553e-06
3.706e-06 7.548e-06
3.706e-06 7.543e-06
3.706e-06 7.541e-06
3.706e-06 7.536e-06
3.695e-06 7.533e-06
3.695e-06 7.527e-06
3.695e-06 7.522e-06
3.695e-06 7.515e-06
3.685e-06 7.504e-06
3.685e-06 7.494e-06
3.675e-06 7.485e-06
3.675e-06 7.471e-06
3.665e-06 7.455e-06
3.665e-06 7.449e-06
3.665e-06 7.443e-06
3.655e-06 7.436e-06
3.655e-06 7.423e-06
3.655e-06 7.413e-06
3.644e-06 7.403e-06
3.644e-06 7.4e-06
3.644e-06 7.388e-06
3.634e-06 7.379e-06
3.634e-06 7.369e-06
3.624e-06 7.361e-06
3.624e-06 7.353e-06
3.614e-06 7.343e-06
3.614e-06 7.331e-06
3.614e-06 7.327e-06
3.614e-06 7.321e-06
3.604e-06 7.311e-06
3.604e-06 7.302e-06
3.593e-06 7.294e-06
3.593e-06 7.284e-06
3.583e-06 7.265e-06
3.573e-06 7.254e-06
3.573e-06 7.242e-06
3.563e-06 7.22e-06
3.563e-06 7.21e-06
3.552e-06 7.207e-06
3.552e-06 7.199e-06
3.542e-06 7.187e-06
3.542e-06 7.18e-06
3.542e-06 7.175e-06
3.532e-06 7.156e-06
3.532e-06 7.143e-06
3.522e-06 7.135e-06
3.522e-06 7.128e-06
3.522e-06 7.123e-06
3.522e-06 7.116e-06
3.512e-06 7.109e-06
3.512e-06 7.106e-06
3.512e-06 7.104e-06
3.512e-06 7.102e-06
3.512e-06 7.097e-06
3.501e-06 7.086e-06
3.501e-06 7.076e-06
3.491e-06 7.066e-06
3.491e-06 7.048e-06
3.481e-06 7.038e-06
3.481e-06 7.029e-06
3.471e-06 7.009e-06
3.461e-06 6.992e-06
3.461e-06 6.976e-06
3.45e-06 6.956e-06
3.44e-06 6.937e-06
3.44e-06 6.931e-06
3.43e-06 6.922e-06
3.43e-06 6.905e-06
3.42e-06 6.894e-06
3.42e-06 6.883e-06
3.41e-06 6.872e-06
3.41e-06 6.864e-06
3.41e-06 6.854e-06
3.399e-06 6.836e-06
3.389e-06 6.819e-06
3.379e-06 6.812e-06
3.379e-06 6.794e-06
3.369e-06 6.777e-06
3.348e-06 6.753e-06
3.338e-06 6.721e-06
3.328e-06 6.687e-06
3.318e-06 6.672e-06
3.318e-06 6.66e-06
3.307e-06 6.65e-06
3.297e-06 6.626e-06
3.277e-06 6.588e-06
3.277e-06 6.563e-06
3.267e-06 6.558e-06
3.256e-06 6.537e-06
3.246e-06 6.495e-06
3.226e-06 6.458e-06
3.216e-06 6.44e-06
3.216e-06 6.428e-06
3.205e-06 6.414e-06
3.205e-06 6.398e-06
3.195e-06 6.376e-06
3.185e-06 6.367e-06
3.185e-06 6.35e-06
3.165e-06 6.327e-06
3.154e-06 6.295e-06
3.144e-06 6.265e-06
3.134e-06 6.245e-06
3.124e-06 6.229e-06
3.114e-06 6.202e-06
3.103e-06 6.169e-06
3.083e-06 6.148e-06
3.062e-06 6.099e-06
3.042e-06 6.044e-06
3.022e-06 6.013e-06
3.011e-06 5.989e-06
2.991e-06 5.971e-06
2.981e-06 5.965e-06
2.981e-06 5.96e-06
2.971e-06 5.95e-06
2.95e-06 5.939e-06
2.94e-06 5.93e-06
2.93e-06 5.921e-06
2.92e-06 5.915e-06
