0.888	21.775	45.270
0.888	21.775	45.273
0.888	21.776	45.269
0.888	21.776	45.269
0.888	21.777	45.266
0.888	21.776	45.269
0.888	21.776	45.270
0.888	21.777	45.268
0.888	21.782	45.253
0.888	21.776	45.271
0.888	21.775	45.271
0.888	21.774	45.276
0.888	21.777	45.270
0.888	21.777	45.272
0.888	21.777	45.269
0.887	21.777	45.273
0.887	21.775	45.274
0.887	21.775	45.276
0.887	21.777	45.270
0.887	21.776	45.272
0.887	21.776	45.275
0.887	21.776	45.275
0.887	21.777	45.271
0.887	21.777	45.271
0.887	21.774	45.278
0.887	21.774	45.278
0.887	21.776	45.272
0.887	21.776	45.277
0.887	21.774	45.277
0.887	21.777	45.271
0.887	21.776	45.275
0.887	21.773	45.280
0.887	21.776	45.277
0.887	21.776	45.275
0.887	21.776	45.276
0.887	21.776	45.278
0.887	21.776	45.275
0.887	21.775	45.277
0.887	21.768	45.289
0.887	21.775	45.278
0.887	21.774	45.279
0.887	21.776	45.275
0.887	21.779	45.266
0.887	21.776	45.275
0.887	21.775	45.279
0.887	21.775	45.278
0.887	21.777	45.274
0.887	21.777	45.275
0.887	21.776	45.276
0.887	21.776	45.278
0.887	21.776	45.279
0.887	21.775	45.279
0.887	21.775	45.281
0.887	21.774	45.279
0.887	21.775	45.278
0.887	21.775	45.280
0.887	21.776	45.279
0.887	21.776	45.278
0.887	21.776	45.279
0.887	21.774	45.283
0.887	21.775	45.281
0.887	21.775	45.282
0.887	21.775	45.281
0.887	21.775	45.281
0.887	21.775	45.280
0.887	21.775	45.281
0.887	21.774	45.283
0.887	21.774	45.285
0.887	21.776	45.280
0.887	21.776	45.281
0.887	21.775	45.283
0.887	21.775	45.281
0.887	21.775	45.282
0.887	21.769	45.290
0.887	21.775	45.282
0.887	21.775	45.283
0.887	21.776	45.280
0.887	21.781	45.265
0.887	21.775	45.282
0.887	21.775	45.284
0.887	21.769	45.292
0.887	21.771	45.291
0.887	21.774	45.284
0.887	21.775	45.281
0.887	21.776	45.279
0.887	21.775	45.282
0.887	21.776	45.279
0.887	21.773	45.287
0.887	21.776	45.280
0.887	21.776	45.280
0.887	21.775	45.284
0.887	21.776	45.281
0.887	21.775	45.283
0.887	21.774	45.286
0.887	21.769	45.291
0.887	21.771	45.291
0.886	21.776	45.280
0.886	21.773	45.285
0.886	21.775	45.281
0.885	21.775	45.282
0.884	21.775	45.280
0.884	21.774	45.283
0.882	21.775	45.281
0.882	21.775	45.280
0.881	21.774	45.283
0.880	21.775	45.280
0.879	21.775	45.282
0.878	21.774	45.280
0.877	21.773	45.284
0.876	21.775	45.280
0.875	21.773	45.285
0.873	21.776	45.277
0.872	21.777	45.274
0.870	21.765	45.286
0.868	21.752	45.292
0.867	21.752	45.278
0.865	21.745	45.281
0.864	21.739	45.280
0.863	21.733	45.282
0.862	21.726	45.285
0.861	21.721	45.282
0.860	21.712	45.290
0.860	21.710	45.287
0.858	21.709	45.283
0.857	21.703	45.282
0.857	21.701	45.283
0.856	21.696	45.280
0.855	21.689	45.286
0.854	21.687	45.281
0.853	21.680	45.286
0.852	21.677	45.280
0.851	21.671	45.283
0.850	21.667	45.280
0.849	21.661	45.280
0.848	21.655	45.282
0.847	21.645	45.292
0.846	21.643	45.284
0.845	21.640	45.283
0.844	21.637	45.280
0.843	21.630	45.283
0.842	21.623	45.287
0.842	21.621	45.280
0.841	21.615	45.280
0.840	21.611	45.282
0.839	21.605	45.281
0.838	21.604	45.263
0.837	21.588	45.280
0.835	21.575	45.283
0.834	21.558	45.289
0.833	21.548	45.289
0.832	21.536	45.282
0.831	21.523	45.282
0.830	21.403	45.447
0.829	21.500	45.287
0.828	21.476	45.288
0.827	21.435	45.298
0.826	21.419	45.287
0.826	21.402	45.285
0.825	21.389	45.290
0.824	21.360	45.285
0.823	21.339	45.288
0.823	21.319	45.289
0.822	21.295	45.290
0.821	21.273	45.287
0.820	21.236	45.290
0.818	21.207	45.290
0.817	21.180	45.289
0.816	21.149	45.293
0.815	21.115	45.302
0.814	21.084	45.299
0.813	21.064	45.294
0.812	21.042	45.297
0.812	21.018	45.296
0.811	21.003	45.293
0.811	20.986	45.304
0.810	20.979	45.301
0.810	20.961	45.293
0.809	20.949	45.285
0.808	20.914	45.304
0.807	20.884	45.302
0.806	20.859	45.300
0.805	20.816	45.305
0.803	20.786	45.301
0.803	20.762	45.305
0.802	20.738	45.303
0.801	20.715	45.301
0.800	20.696	45.299
0.799	20.664	45.306
0.799	20.644	45.303
0.798	20.616	45.306
0.797	20.596	45.305
0.796	20.564	45.304
0.795	20.534	45.308
0.794	20.512	45.315
0.793	20.487	45.305
0.792	20.467	45.311
0.791	20.451	45.309
0.791	20.436	45.305
0.790	20.421	45.307
0.789	20.391	45.312
0.788	20.373	45.306
0.788	20.348	45.306
0.787	20.324	45.311
0.786	20.314	45.306
0.786	20.301	45.309
0.785	20.285	45.309
0.785	20.263	45.310
0.784	20.254	45.311
0.784	20.252	45.296
0.783	20.230	45.310
0.783	20.209	45.316
0.782	20.190	45.312
0.781	20.162	45.322
0.781	20.148	45.318
0.780	20.140	45.314
0.780	20.130	45.310
0.779	20.118	45.316
0.779	20.105	45.314
0.778	20.076	45.327
0.777	20.061	45.313
0.777	20.048	45.311
0.776	20.025	45.319
0.775	20.006	45.314
0.774	19.983	45.318
0.773	19.960	45.317
0.773	19.936	45.318
0.772	19.921	45.316
0.771	19.901	45.317
0.770	19.877	45.319
0.769	19.849	45.322
0.768	19.816	45.324
0.767	19.791	45.330
0.767	19.773	45.323
0.766	19.763	45.320
0.765	19.744	45.318
0.765	19.718	45.323
0.764	19.697	45.318
0.763	19.666	45.336
0.762	19.662	45.318
0.762	19.646	45.309
0.761	19.627	45.319
0.760	19.597	45.324
0.760	19.585	45.321
0.759	19.565	45.322
0.758	19.547	45.322
0.758	19.533	45.321
0.757	19.517	45.324
0.756	19.495	45.325
0.756	19.487	45.322
0.756	19.473	45.332
0.755	19.468	45.322
0.755	19.455	45.324
0.754	19.436	45.327
0.754	19.422	45.323
0.753	19.398	45.322
0.752	19.381	45.329
0.752	19.375	45.327
0.752	19.360	45.327
0.751	19.343	45.324
0.750	19.320	45.323
0.749	19.290	45.326
0.749	19.285	45.321
0.749	19.271	45.334
0.748	19.266	45.329
0.748	19.254	45.323
0.748	19.242	45.321
0.747	19.230	45.323
0.747	19.225	45.322
0.747	19.209	45.333
0.746	19.204	45.326
0.746	19.205	45.303
0.746	19.193	45.318
0.745	19.176	45.320
0.744	19.157	45.321
0.744	19.138	45.335
0.743	19.129	45.317
0.743	19.117	45.323
0.742	19.107	45.324
0.742	19.095	45.320
0.741	19.075	45.320
0.740	19.048	45.328
0.739	19.027	45.320
0.738	18.995	45.322
0.737	18.980	45.319
0.736	18.951	45.319
0.735	18.921	45.321
0.735	18.895	45.324
0.734	18.890	45.315
0.734	18.837	45.377
0.733	18.838	45.332
0.731	18.799	45.351
0.730	18.781	45.331
0.730	18.754	45.327
0.729	18.737	45.340
0.728	18.692	45.379
0.726	18.657	45.353
0.725	18.627	45.347
0.724	18.613	45.312
0.724	18.606	45.310
0.724	18.600	45.319
0.723	18.592	45.307
0.723	18.573	45.308
0.722	18.543	45.341
0.721	18.531	45.333
0.721	18.512	45.318
0.720	18.487	45.325
0.719	18.475	45.318
0.719	18.462	45.307
0.718	18.428	45.341
0.718	18.432	45.308
0.717	18.417	45.325
0.717	18.409	45.325
0.717	18.403	45.320
0.716	18.389	45.302
0.715	18.293	45.452
0.699	17.768	45.531
0.698	17.770	45.506
0.698	17.844	45.316
0.697	17.857	45.276
0.697	17.855	45.268
0.697	17.842	45.273
0.696	17.827	45.292
0.696	17.822	45.290
0.696	17.816	45.281
0.695	17.804	45.278
0.695	17.790	45.280
0.694	17.752	45.302
0.691	17.703	45.284
0.691	17.687	45.291
0.690	17.682	45.266
0.690	17.668	45.288
0.690	17.663	45.291
0.690	17.654	45.291
0.690	17.650	45.292
0.689	17.646	45.282
0.689	17.637	45.272
0.689	17.610	45.294
0.688	17.608	45.263
0.686	17.529	45.343
0.685	17.542	45.257
0.685	17.528	45.265
0.684	17.512	45.255
0.684	17.495	45.259
0.683	17.485	45.257
0.683	17.469	45.262
0.682	17.454	45.255
0.682	17.439	45.260
0.681	17.424	45.259
0.680	17.401	45.257
0.679	17.375	45.257
0.678	17.351	45.257
0.678	17.327	45.271
0.677	17.321	45.261
0.677	17.313	45.266
0.677	17.303	45.269
0.676	17.298	45.270
0.676	17.275	45.303
0.676	17.263	45.304
0.675	17.255	45.302
0.675	17.255	45.297
0.675	17.250	45.289
0.675	17.247	45.278
0.674	17.246	45.253
0.674	17.219	45.273
0.673	17.212	45.255
0.673	17.206	45.253
0.673	17.205	45.241
0.673	17.197	45.255
0.673	17.180	45.283
0.672	17.175	45.264
0.672	17.163	45.270
0.672	17.158	45.265
0.671	17.155	45.261
0.671	17.147	45.259
0.670	17.135	45.262
0.670	17.121	45.268
0.670	17.116	45.267
0.670	17.110	45.260
0.669	17.085	45.293
0.669	17.024	45.385
0.668	17.051	45.259
0.667	17.027	45.290
0.667	17.016	45.290
0.666	17.003	45.291
0.666	16.994	45.291
0.666	16.983	45.301
0.665	16.970	45.297
0.665	16.952	45.299
0.664	16.946	45.279
0.663	16.930	45.259
0.662	16.905	45.269
0.661	16.869	45.277
0.660	16.727	45.503
0.659	16.785	45.339
0.659	16.819	45.252
0.658	16.788	45.293
0.658	16.795	45.252
0.658	16.788	45.257
0.657	16.782	45.243
0.657	16.756	45.294
0.656	16.753	45.268
0.656	16.733	45.277
0.656	16.724	45.279
0.655	16.718	45.279
0.655	16.711	45.265
0.655	16.700	45.269
0.654	16.701	45.251
0.654	16.692	45.257
0.654	16.683	45.248
0.653	16.668	45.245
0.653	16.644	45.294
0.653	16.646	45.268
0.652	16.637	45.256
0.652	16.501	45.502
0.651	16.609	45.245
0.651	16.595	45.262
0.650	16.584	45.275
0.650	16.572	45.277
0.650	16.558	45.275
0.649	16.551	45.258
0.649	16.490	45.346
0.647	16.466	45.321
0.647	16.493	45.241
0.647	16.455	45.305
0.646	16.475	45.240
0.646	16.466	45.235
0.645	16.441	45.247
0.644	16.423	45.238
0.644	16.407	45.239
0.643	16.402	45.236
0.643	16.398	45.226
0.643	16.391	45.242
0.643	16.379	45.250
0.642	16.362	45.262
0.642	16.349	45.274
0.642	16.342	45.274
0.641	16.337	45.267
0.641	16.337	45.260
0.641	16.335	45.250
0.641	16.327	45.253
0.641	16.317	45.267
0.640	16.316	45.246
0.640	16.303	45.251
0.640	16.297	45.255
0.639	16.283	45.273
0.639	16.275	45.272
0.639	16.268	45.267
0.638	16.258	45.281
0.638	16.261	45.263
0.638	16.257	45.263
0.638	16.250	45.263
0.638	16.243	45.248
0.637	16.227	45.273
0.637	16.218	45.271
0.637	16.209	45.272
0.637	16.209	45.259
0.637	16.202	45.268
0.636	16.202	45.257
0.636	16.193	45.253
0.635	16.178	45.258
0.635	16.171	45.260
0.635	16.158	45.266
0.635	16.144	45.264
0.634	16.137	45.263
0.634	16.123	45.266
0.633	16.121	45.226
0.633	16.102	45.260
0.632	16.092	45.260
0.632	16.076	45.266
0.632	16.063	45.265
0.631	16.061	45.246
0.631	16.038	45.271
0.630	15.976	45.327
0.629	16.002	45.243
0.629	16.000	45.232
0.628	15.976	45.232
0.627	15.952	45.234
0.627	15.935	45.239
0.626	15.923	45.232
0.626	15.914	45.234
0.625	15.902	45.243
0.625	15.886	45.249
0.624	15.877	45.243
0.624	15.866	45.240
0.623	15.751	45.463
0.616	15.571	45.420
0.615	15.638	45.244
0.615	15.545	45.411
0.615	15.592	45.302
0.615	15.609	45.234
0.614	15.598	45.237
0.614	15.585	45.248
0.614	15.552	45.306
0.612	15.510	45.290
0.611	15.515	45.239
0.610	15.485	45.259
0.609	15.456	45.275
0.609	15.444	45.267
0.608	15.439	45.248
0.608	15.428	45.236
0.607	15.412	45.241
0.607	15.403	45.240
0.607	15.395	45.238
0.606	15.388	45.242
0.606	15.381	45.239
0.606	15.374	45.239
0.605	15.358	45.243
0.605	15.345	45.243
0.604	15.335	45.249
0.604	15.319	45.276
0.604	15.316	45.263
0.604	15.308	45.278
0.603	15.295	45.285
0.603	15.309	45.238
0.603	15.306	45.244
0.603	15.286	45.271
0.603	15.284	45.245
0.602	15.261	45.268
0.602	15.252	45.277
0.602	15.247	45.279
0.602	15.245	45.270
0.601	15.241	45.266
0.601	15.241	45.245
0.601	15.230	45.277
0.601	15.221	45.286
0.600	15.206	45.283
0.600	15.182	45.313
0.600	15.191	45.261
0.599	15.184	45.263
0.599	15.166	45.288
0.599	15.169	45.251
0.598	15.153	45.273
0.598	15.144	45.270
0.597	15.125	45.291
0.597	15.107	45.291
0.596	15.095	45.289
0.596	15.059	45.352
0.596	15.083	45.289
0.596	15.071	45.292
0.595	15.069	45.286
0.595	15.015	45.398
0.595	15.009	45.396
0.592	14.971	45.297
0.592	14.971	45.295
0.592	14.969	45.283
0.591	14.962	45.272
0.591	14.947	45.307
0.591	14.950	45.274
0.590	14.932	45.284
0.590	14.915	45.290
0.589	14.898	45.284
0.589	14.891	45.286
0.589	14.881	45.291
0.588	14.823	45.444
0.587	14.848	45.293
0.587	14.844	45.281
0.586	14.839	45.280
0.586	14.831	45.282
0.586	14.824	45.281
0.586	14.817	45.284
0.586	14.809	45.290
0.586	14.805	45.282
0.586	14.800	45.282
0.586	14.797	45.288
0.585	14.792	45.290
0.585	14.781	45.293
0.584	14.769	45.305
0.584	14.755	45.288
0.583	14.740	45.288
0.583	14.725	45.289
0.582	14.718	45.291
0.582	14.704	45.300
0.581	14.687	45.297
0.581	14.677	45.296
0.580	14.662	45.300
0.580	14.642	45.302
0.579	14.626	45.304
0.579	14.610	45.317
0.578	14.595	45.315
0.578	14.591	45.305
0.578	14.583	45.306
0.577	14.571	45.318
0.577	14.568	45.307
0.577	14.563	45.310
0.577	14.559	45.307
0.576	14.553	45.316
0.576	14.545	45.314
0.576	14.531	45.316
0.575	14.508	45.318
0.575	14.503	45.313
0.574	14.493	45.318
0.574	14.479	45.322
0.574	14.467	45.316
0.573	14.456	45.322
0.573	14.451	45.321
0.572	14.442	45.324
0.572	14.431	45.326
0.572	14.414	45.341
0.571	14.406	45.330
0.571	14.397	45.312
0.571	14.388	45.329
0.570	14.380	45.331
0.570	14.370	45.332
0.569	14.355	45.350
0.569	14.349	45.335
0.569	14.342	45.341
0.569	14.339	45.338
0.569	14.334	45.338
0.569	14.330	45.337
0.568	14.320	45.340
0.568	14.311	45.343
0.567	14.296	45.340
0.567	14.280	45.343
0.566	14.272	45.345
0.566	14.261	45.346
0.566	14.245	45.356
0.565	14.233	45.360
0.565	14.225	45.345
0.564	14.209	45.348
0.564	14.189	45.352
0.563	14.163	45.351
0.561	14.129	45.367
0.560	14.108	45.358
0.560	14.091	45.356
0.559	14.065	45.357
0.557	14.016	45.365
0.556	13.997	45.365
0.554	13.955	45.375
0.553	13.928	45.366
0.552	13.905	45.359
0.552	13.892	45.362
0.551	13.876	45.368
0.550	13.854	45.368
0.550	13.844	45.370
0.550	13.835	45.377
0.549	13.823	45.376
0.549	13.798	45.378
0.548	13.786	45.379
0.548	13.773	45.371
0.547	13.739	45.378
0.546	13.722	45.387
0.546	13.712	45.381
0.545	13.692	45.382
0.545	13.682	45.381
0.544	13.672	45.381
0.544	13.661	45.381
0.544	13.651	45.391
0.543	13.636	45.383
0.543	13.622	45.386
0.542	13.609	45.388
0.542	13.598	45.389
0.541	13.586	45.387
0.541	13.571	45.386
0.540	13.554	45.391
0.540	13.543	45.392
0.540	13.535	45.391
0.539	13.517	45.392
0.538	13.504	45.393
0.538	13.496	45.391
0.538	13.481	45.404
0.537	13.472	45.377
0.536	13.455	45.395
0.536	13.448	45.397
0.536	13.438	45.392
0.535	13.430	45.393
0.535	13.415	45.408
0.534	13.405	45.398
0.534	13.386	45.402
0.533	13.368	45.398
0.532	13.352	45.398
0.532	13.328	45.404
0.531	13.318	45.402
0.531	13.304	45.401
0.530	13.286	45.400
0.530	13.271	45.402
0.530	13.262	45.406
0.529	13.258	45.404
0.529	13.250	45.403
0.528	13.232	45.413
0.528	13.216	45.405
0.527	13.191	45.409
0.526	13.178	45.409
0.526	13.165	45.411
0.526	13.152	45.410
0.525	13.144	45.413
0.525	13.138	45.407
0.524	13.123	45.410
0.524	13.097	45.409
0.523	13.079	45.412
0.523	13.072	45.409
0.522	13.060	45.408
0.522	13.055	45.414
0.522	13.051	45.388
0.521	13.046	45.378
0.521	13.031	45.411
0.521	13.019	45.412
0.521	13.014	45.410
0.520	13.002	45.423
0.520	12.995	45.416
0.519	12.984	45.411
0.519	12.968	45.413
0.518	12.956	45.414
0.518	12.951	45.409
0.518	12.943	45.420
0.517	12.934	45.416
0.517	12.929	45.413
0.517	12.917	45.412
0.516	12.902	45.412
0.516	12.887	45.413
0.515	12.870	45.425
0.514	12.849	45.419
0.513	12.829	45.418
0.513	12.816	45.418
0.513	12.803	45.419
0.512	12.785	45.417
0.511	12.774	45.415
0.511	12.761	45.417
0.510	12.743	45.420
0.510	12.731	45.418
0.510	12.721	45.417
0.509	12.707	45.415
0.509	12.689	45.415
0.508	12.677	45.400
0.507	12.661	45.419
0.507	12.650	45.419
0.507	12.638	45.418
0.506	12.630	45.417
0.506	12.620	45.417
0.506	12.611	45.424
0.506	12.602	45.420
0.506	12.597	45.419
0.505	12.592	45.416
0.505	12.586	45.417
0.505	12.577	45.417
0.504	12.562	45.430
0.504	12.556	45.417
0.504	12.545	45.418
0.503	12.537	45.420
0.503	12.531	45.419
0.503	12.523	45.417
0.502	12.512	45.419
0.502	12.502	45.420
0.502	12.495	45.425
0.501	12.489	45.426
0.501	12.476	45.423
0.500	12.462	45.424
0.500	12.448	45.426
0.499	12.436	45.435
0.499	12.422	45.426
0.498	12.411	45.421
0.498	12.393	45.426
0.497	12.380	45.425
0.496	12.355	45.422
0.495	12.324	45.419
0.494	12.294	45.431
0.493	12.276	45.425
0.493	12.264	45.425
0.492	12.249	45.425
0.492	12.234	45.423
0.491	12.213	45.438
0.491	12.203	45.423
0.491	12.196	45.426
0.490	12.189	45.422
0.490	12.185	45.421
0.490	12.177	45.424
0.490	12.168	45.421
0.490	12.161	45.423
0.489	12.148	45.421
0.489	12.131	45.421
0.488	12.123	45.422
0.488	12.118	45.418
0.488	12.109	45.420
0.487	12.093	45.440
0.487	12.088	45.424
0.487	12.082	45.424
0.486	12.071	45.424
0.486	12.062	45.425
0.486	12.056	45.419
0.485	12.040	45.431
0.485	12.030	45.428
0.484	12.025	45.423
0.484	12.014	45.421
0.483	12.005	45.421
0.483	11.999	45.417
0.483	11.992	45.404
0.482	11.980	45.419
0.482	11.967	45.417
0.481	11.955	45.416
0.481	11.942	45.418
0.480	11.923	45.419
0.479	11.904	45.416
0.479	11.885	45.420
0.478	11.862	45.414
0.477	11.838	45.418
0.477	11.824	45.416
0.476	11.815	45.413
0.476	11.803	45.424
0.476	11.798	45.413
0.475	11.785	45.411
0.475	11.775	45.413
0.475	11.759	45.415
0.474	11.748	45.412
0.474	11.740	45.411
0.474	11.728	45.421
0.473	11.720	45.413
0.473	11.711	45.416
0.472	11.698	45.415
0.472	11.682	45.413
0.471	11.673	45.413
0.471	11.655	45.415
0.470	11.644	45.414
0.470	11.629	45.418
0.469	11.616	45.416
0.469	11.611	45.410
0.469	11.603	45.399
0.468	11.588	45.420
0.468	11.585	45.409
0.468	11.576	45.412
0.467	11.563	45.413
0.467	11.553	45.407
0.466	11.540	45.409
0.466	11.526	45.418
0.466	11.521	45.409
0.465	11.513	45.405
0.465	11.505	45.406
0.464	11.494	45.405
0.464	11.485	45.401
0.464	11.479	45.402
0.464	11.472	45.410
0.463	11.462	45.405
0.463	11.453	45.405
0.463	11.446	45.402
0.463	11.439	45.399
0.462	11.431	45.398
0.461	11.411	45.401
0.460	11.387	45.397
0.460	11.363	45.399
0.459	11.342	45.399
0.458	11.326	45.400
0.458	11.316	45.398
0.457	11.300	45.409
0.457	11.285	45.400
0.456	11.264	45.398
0.456	11.249	45.397
0.455	11.237	45.399
0.455	11.228	45.382
0.454	11.207	45.411
0.454	11.193	45.396
0.453	11.171	45.396
0.452	11.152	45.398
0.452	11.143	45.396
0.452	11.133	45.397
0.451	11.122	45.406
0.451	11.091	45.494
0.450	11.089	45.396
0.449	11.072	45.395
0.448	11.053	45.398
0.448	11.043	45.394
0.447	11.020	45.407
0.446	11.005	45.395
0.446	10.985	45.395
0.444	10.961	45.394
0.444	10.939	45.393
0.443	10.925	45.395
0.442	10.909	45.396
0.442	10.892	45.399
0.442	10.877	45.394
0.441	10.860	45.392
0.441	10.844	45.394
0.440	10.832	45.393
0.440	10.817	45.392
0.439	10.794	45.401
0.438	10.777	45.395
0.438	10.759	45.393
0.437	10.746	45.391
0.437	10.739	45.390
0.437	10.738	45.377
0.437	10.724	45.400
0.436	10.711	45.405
0.436	10.703	45.391
0.435	10.693	45.384
0.435	10.670	45.392
0.433	10.643	45.390
0.433	10.632	45.385
0.432	10.613	45.393
0.432	10.601	45.387
0.431	10.589	45.383
0.431	10.580	45.387
0.431	10.572	45.382
0.430	10.562	45.395
0.430	10.552	45.384
0.430	10.544	45.384
0.429	10.534	45.383
0.429	10.522	45.380
0.428	10.508	45.381
0.428	10.487	45.385
0.427	10.475	45.387
0.427	10.466	45.383
0.426	10.453	45.378
0.426	10.442	45.379
0.426	10.435	45.378
0.425	10.425	45.385
0.425	10.411	45.384
0.425	10.402	45.377
0.424	10.394	45.376
0.424	10.383	45.380
0.424	10.378	45.359
0.423	10.366	45.372
0.423	10.350	45.376
0.422	10.335	45.377
0.422	10.315	45.373
0.421	10.300	45.372
0.421	10.288	45.372
0.420	10.266	45.381
0.419	10.247	45.388
0.418	10.234	45.371
0.418	10.215	45.370
0.417	10.187	45.371
0.416	10.176	45.369
0.416	10.170	45.365
0.416	10.159	45.371
0.416	10.150	45.369
0.415	10.142	45.366
0.415	10.130	45.368
0.414	10.110	45.368
0.413	10.094	45.369
0.413	10.081	45.385
0.412	10.072	45.371
0.411	10.052	45.365
0.411	10.031	45.367
0.410	10.018	45.364
0.410	10.011	45.366
0.410	10.000	45.379
0.410	9.996	45.360
0.409	9.987	45.365
0.409	9.977	45.359
0.409	9.972	45.349
0.409	9.965	45.360
0.408	9.957	45.362
0.408	9.945	45.358
0.408	9.935	45.357
0.408	9.929	45.359
0.407	9.923	45.361
0.407	9.915	45.359
0.406	9.903	45.357
0.406	9.890	45.361
0.406	9.882	45.353
0.405	9.873	45.355
0.405	9.861	45.351
0.405	9.846	45.356
0.404	9.832	45.356
0.403	9.809	45.364
0.403	9.789	45.352
0.402	9.769	45.350
0.401	9.751	45.357
0.400	9.734	45.358
0.400	9.715	45.355
0.399	9.696	45.367
0.398	9.686	45.356
0.398	9.667	45.358
0.397	9.649	45.350
0.396	9.625	45.351
0.395	9.603	45.357
0.394	9.584	45.355
0.394	9.558	45.351
0.393	9.543	45.358
0.393	9.536	45.338
0.392	9.525	45.352
0.391	9.503	45.350
0.391	9.486	45.353
0.391	9.478	45.356
0.390	9.467	45.349
0.390	9.449	45.351
0.389	9.421	45.358
0.388	9.409	45.355
0.388	9.396	45.353
0.387	9.381	45.353
0.387	9.365	45.354
0.387	9.352	45.355
0.386	9.339	45.351
0.386	9.329	45.354
0.386	9.320	45.354
0.385	9.307	45.352
0.384	9.289	45.354
0.383	9.263	45.350
0.382	9.242	45.350
0.382	9.225	45.361
0.381	9.212	45.357
0.381	9.199	45.350
0.380	9.173	45.354
0.379	9.158	45.351
0.378	9.138	45.357
0.378	9.126	45.357
0.377	9.109	45.352
0.377	9.095	45.351
0.376	9.079	45.350
0.375	9.054	45.354
0.374	9.036	45.354
0.374	9.023	45.351
0.373	9.002	45.358
0.372	8.980	45.355
0.372	8.966	45.353
0.372	8.953	45.362
0.371	8.936	45.356
0.371	8.922	45.365
0.370	8.913	45.355
0.370	8.902	45.355
0.370	8.891	45.355
0.369	8.875	45.356
0.369	8.860	45.356
0.368	8.840	45.358
0.367	8.814	45.358
0.366	8.787	45.353
0.365	8.772	45.359
0.365	8.765	45.358
0.364	8.742	45.359
0.363	8.725	45.368
0.363	8.720	45.353
0.363	8.710	45.357
0.363	8.703	45.354
0.362	8.683	45.358
0.361	8.664	45.357
0.360	8.641	45.369
0.360	8.632	45.357
0.359	8.619	45.353
0.359	8.602	45.342
0.358	8.588	45.357
0.358	8.577	45.362
0.357	8.566	45.360
0.357	8.548	45.360
0.357	8.534	45.360
0.356	8.528	45.361
0.356	8.523	45.357
0.356	8.514	45.359
0.356	8.503	45.361
0.355	8.491	45.366
0.355	8.477	45.361
0.354	8.463	45.360
0.354	8.456	45.358
0.353	8.441	45.360
0.353	8.417	45.365
0.352	8.396	45.364
0.352	8.382	45.359
0.351	8.365	45.361
0.350	8.350	45.357
0.350	8.326	45.358
0.349	8.314	45.361
0.349	8.302	45.362
0.348	8.286	45.357
0.347	8.273	45.361
0.347	8.251	45.361
0.346	8.236	45.363
0.346	8.226	45.357
0.345	8.212	45.363
0.345	8.194	45.362
0.344	8.183	45.341
0.344	8.175	45.344
0.343	8.158	45.362
0.343	8.141	45.364
0.342	8.126	45.371
0.342	8.113	45.357
0.341	8.096	45.357
0.340	8.079	45.358
0.340	8.057	45.363
0.339	8.047	45.358
0.339	8.042	45.364
0.339	8.037	45.357
0.339	8.027	45.357
0.338	8.016	45.358
0.338	8.011	45.354
0.338	7.999	45.362
0.337	7.982	45.369
0.337	7.960	45.355
0.336	7.944	45.356
0.336	7.935	45.357
0.335	7.925	45.357
0.335	7.911	45.356
0.334	7.895	45.366
0.334	7.885	45.355
0.334	7.877	45.354
0.333	7.865	45.351
0.333	7.848	45.352
0.332	7.836	45.356
0.332	7.829	45.353
0.331	7.816	45.356
0.331	7.802	45.353
0.331	7.791	45.356
0.330	7.780	45.362
0.330	7.768	45.356
0.329	7.760	45.357
0.329	7.753	45.367
0.329	7.747	45.356
0.328	7.737	45.354
0.328	7.723	45.355
0.327	7.709	45.359
0.327	7.697	45.356
0.326	7.681	45.363
0.326	7.666	45.359
0.325	7.657	45.354
0.325	7.646	45.357
0.325	7.637	45.355
0.324	7.623	45.355
0.324	7.611	45.362
0.323	7.603	45.355
0.323	7.588	45.356
0.323	7.581	45.353
0.322	7.574	45.355
0.322	7.569	45.356
0.322	7.558	45.364
0.322	7.541	45.352
0.321	7.523	45.353
0.321	7.516	45.355
0.320	7.510	45.352
0.320	7.495	45.354
0.319	7.480	45.362
0.319	7.465	45.354
0.319	7.458	45.338
0.318	7.448	45.358
0.318	7.434	45.351
0.317	7.412	45.362
0.317	7.403	45.364
0.317	7.398	45.359
0.316	7.385	45.359
0.316	7.375	45.355
0.315	7.364	45.359
0.315	7.353	45.356
0.314	7.334	45.354
0.314	7.322	45.354
0.313	7.309	45.360
0.313	7.293	45.356
0.312	7.281	45.358
0.312	7.270	45.362
0.311	7.259	45.358
0.311	7.248	45.356
0.310	7.237	45.353
0.310	7.221	45.356
0.309	7.210	45.358
0.309	7.207	45.358
0.309	7.199	45.358
0.308	7.188	45.369
0.308	7.182	45.359
0.308	7.174	45.359
0.308	7.164	45.360
0.307	7.154	45.357
0.307	7.141	45.361
0.306	7.125	45.367
0.306	7.110	45.351
0.305	7.099	45.359
0.305	7.093	45.361
0.305	7.085	45.357
0.304	7.074	45.358
0.304	7.056	45.369
0.304	7.048	45.362
0.303	7.041	45.358
0.303	7.037	45.355
0.303	7.028	45.359
0.302	7.016	45.366
0.302	7.004	45.377
0.302	6.998	45.358
0.302	6.992	45.362
0.301	6.984	45.366
0.301	6.972	45.364
0.301	6.965	45.362
0.300	6.953	45.363
0.300	6.941	45.362
0.300	6.930	45.364
0.299	6.913	45.364
0.299	6.901	45.364
0.298	6.883	45.364
0.297	6.876	45.363
0.297	6.867	45.362
0.297	6.855	45.360
0.296	6.843	45.363
0.296	6.832	45.362
0.295	6.816	45.364
0.295	6.804	45.374
0.294	6.794	45.348
0.294	6.784	45.362
0.294	6.778	45.366
0.294	6.772	45.364
0.293	6.765	45.366
0.293	6.758	45.372
0.292	6.746	45.364
0.292	6.728	45.366
0.291	6.716	45.365
0.291	6.707	45.362
0.291	6.699	45.366
0.290	6.688	45.367
0.290	6.679	45.367
0.290	6.671	45.363
0.290	6.663	45.363
0.289	6.652	45.366
0.288	6.637	45.368
0.288	6.614	45.366
0.287	6.603	45.375
0.287	6.587	45.365
0.286	6.574	45.370
0.286	6.561	45.373
0.286	6.554	45.368
0.285	6.547	45.366
0.285	6.532	45.372
0.285	6.524	45.369
0.284	6.514	45.369
0.284	6.501	45.371
0.284	6.493	45.374
0.283	6.483	45.369
0.283	6.470	45.372
0.282	6.451	45.369
0.282	6.442	45.368
0.281	6.431	45.367
0.281	6.414	45.374
0.280	6.394	45.367
0.279	6.368	45.371
0.278	6.347	45.371
0.277	6.329	45.482
0.277	6.316	45.414
0.276	6.300	45.372
0.276	6.287	45.378
0.275	6.268	45.368
0.274	6.251	45.371
0.274	6.233	45.381
0.273	6.219	45.374
0.272	6.202	45.378
0.271	6.173	45.379
0.270	6.149	45.377
0.270	6.136	45.379
0.269	6.117	45.375
0.268	6.086	45.382
0.268	6.074	45.380
0.267	6.051	45.384
0.266	6.025	45.383
0.266	6.012	45.382
0.266	5.998	45.376
0.266	5.986	45.376
0.266	5.976	45.376
0.266	5.969	45.369
0.266	5.962	45.372
0.266	5.954	45.379
0.266	5.950	45.378
0.266	5.942	45.386
0.266	5.939	45.379
0.266	5.935	45.390
0.266	5.931	45.375
0.266	5.927	45.375
0.266	5.918	45.375
0.266	5.914	45.374
0.266	5.909	45.378
0.266	5.907	45.376
0.266	5.905	45.382
0.266	5.902	45.374
0.266	5.898	45.376
0.266	5.894	45.373
0.266	5.889	45.376
0.266	5.885	45.372
0.266	5.882	45.386
0.266	5.879	45.372
0.266	5.876	45.376
0.266	5.871	45.375
0.266	5.868	45.372
0.266	5.865	45.374
0.266	5.864	45.379
0.266	5.861	45.379
0.266	5.857	45.377
0.266	5.853	45.374
0.266	5.848	45.377
0.266	5.846	45.379
0.266	5.844	45.376
0.266	5.841	45.377
0.266	5.839	45.377
0.266	5.835	45.378
0.266	5.831	45.379
0.266	5.830	45.379
0.266	5.829	45.378
0.266	5.825	45.389
0.266	5.822	45.382
0.266	5.822	45.378
0.266	5.819	45.377
0.266	5.817	45.384
0.266	5.815	45.381
0.266	5.815	45.385
0.266	5.811	45.379
0.266	5.808	45.379
0.266	5.804	45.380
0.266	5.802	45.379
0.266	5.799	45.377
0.266	5.796	45.379
0.266	5.793	45.381
0.266	5.792	45.384
0.266	5.790	45.382
0.266	5.788	45.383
0.266	5.784	45.384
0.266	5.782	45.385
0.266	5.780	45.395
0.266	5.776	45.386
0.266	5.773	45.387
0.266	5.770	45.383
0.266	5.768	45.383
0.266	5.766	45.380
0.266	5.763	45.381
0.266	5.760	45.385
0.266	5.757	45.385
0.266	5.755	45.388
0.266	5.753	45.388
0.266	5.749	45.388
0.266	5.747	45.385
0.266	5.745	45.392
0.266	5.746	45.386
0.266	5.745	45.389
0.266	5.746	45.386
0.266	5.746	45.388
0.266	5.745	45.392
0.266	5.745	45.401
0.266	5.745	45.392
0.266	5.745	45.390
0.266	5.745	45.395
0.266	5.746	45.392
0.266	5.745	45.393
0.266	5.745	45.404
0.266	5.746	45.392
0.266	5.745	45.396
0.266	5.745	45.396
0.266	5.745	45.399
0.266	5.745	45.396
0.266	5.745	45.396
0.266	5.745	45.404
0.266	5.746	45.397
0.266	5.745	45.397
0.266	5.745	45.403
0.266	5.745	45.402
0.266	5.746	45.384
0.266	5.745	45.412
0.266	5.746	45.402
0.266	5.745	45.403
0.266	5.745	45.401
0.266	5.745	45.402
0.266	5.745	45.404
0.266	5.745	45.415
0.266	5.745	45.408
0.266	5.745	45.406
0.266	5.745	45.407
0.266	5.745	45.411
0.266	5.745	45.406
0.266	5.745	45.409
0.266	5.745	45.414
0.266	5.745	45.409
0.266	5.745	45.406
0.266	5.745	45.410
0.266	5.745	45.406
0.266	5.745	45.410
0.266	5.745	45.422
0.266	5.745	45.411
0.266	5.745	45.410
0.266	5.745	45.412
0.266	5.745	45.415
0.266	5.745	45.409
0.266	5.745	45.420
0.266	5.746	45.411
0.266	5.745	45.412
0.266	5.745	45.413
0.266	5.745	45.416
0.266	5.746	45.400
0.266	5.745	45.413
0.266	5.745	45.419
0.266	5.746	45.413
0.266	5.745	45.416
0.266	5.745	45.422
0.266	5.745	45.416
0.266	5.745	45.417
0.266	5.745	45.426
0.266	5.745	45.417
0.266	5.745	45.418
0.266	5.745	45.418
0.266	5.745	45.416
0.266	5.745	45.415
0.266	5.746	45.417
0.266	5.746	45.420
0.266	5.745	45.417
0.266	5.745	45.418
0.266	5.746	45.421
0.266	5.745	45.418
0.266	5.745	45.417
0.266	5.745	45.431
0.266	5.746	45.419
0.266	5.745	45.420
0.266	5.745	45.419
0.266	5.745	45.419
0.266	5.745	45.423
0.266	5.745	45.435
0.266	5.745	45.419
0.266	5.745	45.418
0.266	5.745	45.421
0.266	5.745	45.420
0.266	5.745	45.406
0.266	5.745	45.420
0.266	5.745	45.420
0.266	5.745	45.417
0.266	5.745	45.420
0.266	5.745	45.420
0.266	5.745	45.418
0.266	5.745	45.418
0.266	5.746	45.422
0.266	5.746	45.417
0.266	5.745	45.417
0.266	5.746	45.426
0.266	5.746	45.419
0.266	5.745	45.421
0.266	5.745	45.433
0.266	5.745	45.418
0.266	5.745	45.417
0.266	5.745	45.422
0.266	5.745	45.420
0.266	5.745	45.421
0.266	5.745	45.420
0.266	5.745	45.419
0.266	5.745	45.419
0.266	5.746	45.420
0.266	5.745	45.420
0.266	5.745	45.422
0.266	5.745	45.422
0.266	5.745	45.425
0.266	5.745	45.420
0.266	5.746	45.418
0.266	5.745	45.422
0.266	5.746	45.398
0.266	5.745	45.403
0.266	5.746	45.431
0.266	5.746	45.416
0.266	5.745	45.418
0.266	5.745	45.424
0.266	5.745	45.421
0.266	5.745	45.419
0.266	5.745	45.420
0.266	5.745	45.418
0.266	5.746	45.414
0.266	5.745	45.418
0.266	5.745	45.416
0.266	5.747	45.419
0.266	5.749	45.415
0.266	5.752	45.425
0.266	5.756	45.413
0.266	5.757	45.416
0.266	5.758	45.418
0.266	5.761	45.412
0.266	5.763	45.415
0.266	5.765	45.425
0.266	5.767	45.413
0.266	5.769	45.415
0.266	5.771	45.416
0.266	5.773	45.414
0.266	5.776	45.413
0.266	5.778	45.415
0.266	5.780	45.413
0.266	5.782	45.413
0.266	5.784	45.412
0.266	5.785	45.405
0.266	5.789	45.408
0.266	5.791	45.412
0.266	5.793	45.416
0.266	5.794	45.410
0.266	5.795	45.411
0.266	5.798	45.409
0.266	5.799	45.412
0.266	5.801	45.409
0.266	5.805	45.420
0.266	5.805	45.409
0.266	5.806	45.406
0.266	5.807	45.409
0.266	5.808	45.408
0.266	5.810	45.408
0.266	5.814	45.406
0.266	5.817	45.406
0.266	5.818	45.405
0.266	5.821	45.406
0.266	5.823	45.407
0.266	5.829	45.401
0.266	5.829	45.405
0.266	5.831	45.413
0.266	5.833	45.403
0.266	5.834	45.404
0.266	5.836	45.405
0.266	5.839	45.405
0.266	5.840	45.404
0.266	5.843	45.415
0.266	5.844	45.404
0.266	5.846	45.400
0.266	5.848	45.400
0.266	5.848	45.386
0.266	5.850	45.402
0.266	5.853	45.399
0.266	5.855	45.403
0.266	5.857	45.395
0.266	5.859	45.402
0.266	5.861	45.397
0.266	5.862	45.393
0.266	5.863	45.396
0.266	5.868	45.403
0.266	5.870	45.392
0.266	5.872	45.396
0.266	5.877	45.392
0.266	5.877	45.392
0.266	5.878	45.392
0.266	5.880	45.404
0.266	5.884	45.392
0.266	5.885	45.391
0.266	5.888	45.392
0.266	5.890	45.393
0.266	5.891	45.391
0.266	5.892	45.388
0.266	5.893	45.387
0.266	5.893	45.392
0.266	5.898	45.390
0.266	5.902	45.391
0.266	5.908	45.386
0.266	5.912	45.388
0.266	5.915	45.389
0.266	5.918	45.385
0.266	5.925	45.386
0.266	5.928	45.369
0.266	5.933	45.383
0.266	5.938	45.386
0.266	5.942	45.397
0.266	5.947	45.383
0.266	5.950	45.386
0.266	5.955	45.386
0.266	5.959	45.383
0.266	5.963	45.383
0.266	5.967	45.378
0.266	5.972	45.380
0.266	5.981	45.380
0.266	5.989	45.384
0.267	5.995	45.377
0.267	6.005	45.377
0.267	6.014	45.379
0.268	6.027	45.381
0.269	6.034	45.380
0.269	6.042	45.376
0.269	6.059	45.374
0.270	6.074	45.372
0.270	6.092	45.385
0.271	6.111	45.375
0.271	6.122	45.373
0.271	6.128	45.373
0.272	6.138	45.371
0.272	6.153	45.373
0.273	6.161	45.381
0.273	6.173	45.367
0.274	6.184	45.370
0.274	6.199	45.349
0.274	6.207	45.366
0.275	6.215	45.364
0.275	6.228	45.366
0.276	6.239	45.366
0.276	6.251	45.360
0.277	6.263	45.355
0.277	6.277	45.354
0.277	6.287	45.357
0.278	6.295	45.363
0.278	6.307	45.354
0.278	6.315	45.349
0.279	6.333	45.355
0.280	6.348	45.350
0.280	6.363	45.350
0.281	6.378	45.361
0.281	6.392	45.353
0.282	6.402	45.346
0.282	6.417	45.344
0.283	6.428	45.348
0.283	6.442	45.346
0.284	6.449	45.353
0.284	6.462	45.342
0.284	6.473	45.342
0.285	6.479	45.343
0.285	6.485	45.341
0.285	6.494	45.340
0.285	6.504	45.350
0.286	6.516	45.337
0.286	6.525	45.338
0.286	6.533	45.335
0.287	6.546	45.335
0.287	6.553	45.331
0.287	6.558	45.455
0.288	6.570	45.372
0.288	6.576	45.335
0.288	6.583	45.334
0.288	6.593	45.332
0.289	6.604	45.333
0.289	6.617	45.344
0.290	6.631	45.337
0.290	6.636	45.333
0.290	6.648	45.325
0.291	6.661	45.328
0.292	6.676	45.327
0.292	6.685	45.336
0.292	6.692	45.327
0.292	6.698	45.326
0.292	6.706	45.323
0.293	6.713	45.324
0.293	6.722	45.328
0.293	6.733	45.333
0.294	6.743	45.323
0.294	6.750	45.319
0.294	6.760	45.327
0.295	6.766	45.322
0.295	6.776	45.322
0.295	6.782	45.329
0.296	6.791	45.326
0.296	6.800	45.326
0.296	6.805	45.305
0.296	6.809	45.320
0.296	6.815	45.321
0.297	6.828	45.319
0.298	6.841	45.326
0.298	6.849	45.321
0.298	6.863	45.320
0.299	6.871	45.321
0.299	6.880	45.320
0.299	6.887	45.321
0.300	6.891	45.320
0.300	6.897	45.318
0.300	6.904	45.317
0.300	6.910	45.319
0.300	6.917	45.319
0.301	6.926	45.317
0.301	6.929	45.321
0.301	6.933	45.315
0.301	6.938	45.320
0.301	6.943	45.316
0.301	6.947	45.318
0.301	6.952	45.316
0.302	6.956	45.329
0.302	6.964	45.317
0.302	6.975	45.317
0.303	6.987	45.322
0.303	7.001	45.316
0.303	7.006	45.318
0.304	7.011	45.328
0.304	7.019	45.315
0.304	7.026	45.296
0.304	7.033	45.314
0.305	7.038	45.314
0.305	7.044	45.315
0.305	7.049	45.320
0.305	7.059	45.310
0.306	7.071	45.314
0.306	7.075	45.312
0.306	7.078	45.312
0.306	7.082	45.308
0.306	7.084	45.319
0.307	7.095	45.310
0.307	7.100	45.313
0.307	7.108	45.309
0.307	7.111	45.310
0.308	7.115	45.310
0.308	7.126	45.310
0.308	7.139	45.306
0.309	7.148	45.306
0.309	7.166	45.311
0.310	7.187	45.310
0.310	7.193	45.309
0.310	7.194	45.306
0.310	7.195	45.314
0.311	7.208	45.305
0.312	7.227	45.310
0.312	7.238	45.306
0.313	7.249	45.305
0.313	7.260	45.300
0.313	7.265	45.314
0.313	7.268	45.303
0.313	7.271	45.296
0.313	7.272	45.299
0.314	7.280	45.300
0.314	7.286	45.301
0.314	7.291	45.307
0.314	7.302	45.297
0.315	7.308	45.300
0.315	7.318	45.295
0.315	7.329	45.296
0.316	7.342	45.296
0.317	7.353	45.292
0.317	7.366	45.295
0.318	7.383	45.293
0.319	7.407	45.296
0.319	7.418	45.288
0.319	7.435	45.284
0.320	7.445	45.298
0.320	7.455	45.282
0.321	7.464	45.290
0.321	7.476	45.286
0.321	7.488	45.280
0.322	7.496	45.277
0.322	7.510	45.277
0.323	7.524	45.281
0.323	7.533	45.280
0.323	7.542	45.280
0.323	7.550	45.273
0.324	7.556	45.274
0.324	7.563	45.274
0.324	7.567	45.274
0.324	7.578	45.255
0.325	7.587	45.273
0.325	7.597	45.268
0.325	7.603	45.264
0.325	7.607	45.266
0.326	7.614	45.277
0.326	7.635	45.263
0.326	7.638	45.261
0.327	7.644	45.262
0.327	7.652	45.261
0.327	7.663	45.260
0.328	7.671	45.269
0.328	7.683	45.261
0.329	7.695	45.260
0.329	7.702	45.257
0.330	7.721	45.253
0.330	7.734	45.258
0.331	7.744	45.263
0.331	7.750	45.255
0.331	7.759	45.253
0.332	7.768	45.253
0.332	7.777	45.249
0.332	7.786	45.245
0.333	7.797	45.247
0.333	7.821	45.245
0.334	7.840	45.244
0.336	7.874	45.241
0.337	7.902	45.238
0.337	7.920	45.232
0.338	7.934	45.241
0.338	7.946	45.216
0.339	7.958	45.234
0.339	7.973	45.228
0.339	7.985	45.230
0.340	8.001	45.229
0.341	8.018	45.239
0.341	8.026	45.223
0.341	8.031	45.228
0.342	8.048	45.227
0.342	8.063	45.226
0.343	8.088	45.222
0.343	8.097	45.233
0.344	8.116	45.223
0.345	8.136	45.220
0.345	8.147	45.220
0.346	8.167	45.220
0.347	8.186	45.213
0.347	8.199	45.227
0.348	8.213	45.214
0.348	8.224	45.213
0.349	8.241	45.208
0.349	8.255	45.209
0.350	8.270	45.211
0.350	8.281	45.217
0.351	8.300	45.207
0.352	8.327	45.209
0.353	8.365	45.208
0.354	8.386	45.199
0.355	8.420	45.204
0.355	8.435	45.213
0.356	8.455	45.195
0.357	8.474	45.198
0.358	8.497	45.198
0.358	8.514	45.195
0.359	8.530	45.195
0.359	8.538	45.207
0.360	8.553	45.193
0.360	8.570	45.191
0.361	8.587	45.190
0.362	8.606	45.186
0.362	8.628	45.183
0.363	8.641	45.197
0.364	8.659	45.187
0.364	8.677	45.186
0.365	8.691	45.183
0.365	8.704	45.180
0.366	8.711	45.180
0.366	8.731	45.188
0.367	8.749	45.178
0.367	8.764	45.182
0.368	8.783	45.176
0.370	8.821	45.180
0.371	8.860	45.176
0.372	8.879	45.173
0.372	8.892	45.177
0.372	8.903	45.179
0.373	8.914	45.171
0.373	8.923	45.168
0.373	8.934	45.167
0.374	8.942	45.153
0.374	8.949	45.159
0.374	8.955	45.164
0.374	8.962	45.166
0.374	8.969	45.164
0.375	8.985	45.160
0.376	9.007	45.167
0.376	9.020	45.155
0.376	9.022	45.162
0.376	9.024	45.157
0.376	9.025	45.157
0.377	9.034	45.159
0.378	9.050	45.166
0.378	9.073	45.154
0.379	9.086	45.151
0.380	9.101	45.157
0.380	9.119	45.153
0.380	9.128	45.147
0.381	9.135	45.157
0.381	9.148	45.147
0.382	9.160	45.150
0.383	9.175	45.146
0.383	9.197	45.143
0.384	9.212	45.148
0.384	9.220	45.153
0.385	9.231	45.141
0.385	9.237	45.142
0.385	9.252	45.139
0.386	9.276	45.140
0.387	9.299	45.144
0.388	9.320	45.130
0.389	9.357	45.137
0.390	9.386	45.137
0.391	9.407	45.134
0.392	9.425	45.128
0.392	9.436	45.131
0.393	9.451	45.141
0.393	9.469	45.127
0.393	9.480	45.134
0.394	9.489	45.125
0.394	9.500	45.126
0.395	9.518	45.128
0.396	9.541	45.137
0.396	9.548	45.126
0.396	9.553	45.128
0.397	9.564	45.121
0.397	9.573	45.123
0.397	9.580	45.125
0.397	9.587	45.130
0.397	9.597	45.119
0.398	9.601	45.125
0.398	9.604	45.117
0.398	9.610	45.120
0.399	9.619	45.119
0.399	9.626	45.129
0.399	9.633	45.119
0.399	9.640	45.125
0.400	9.648	45.121
0.400	9.658	45.120
0.400	9.662	45.119
0.400	9.664	45.107
0.400	9.663	45.121
0.400	9.672	45.121
0.401	9.689	45.119
0.402	9.704	45.118
0.402	9.710	45.118
0.402	9.726	45.118
0.403	9.732	45.128
0.403	9.738	45.120
0.403	9.746	45.119
0.403	9.755	45.115
0.404	9.764	45.114
0.404	9.780	45.113
0.405	9.798	45.123
0.406	9.817	45.114
0.406	9.834	45.115
0.407	9.848	45.108
0.407	9.866	45.109
0.408	9.877	45.110
0.408	9.883	45.124
0.408	9.893	45.112
0.409	9.901	45.112
0.409	9.914	45.108
0.409	9.922	45.107
0.410	9.930	45.110
0.410	9.945	45.112
0.411	9.960	45.111
0.411	9.968	45.110
0.411	9.972	45.103
0.411	9.977	45.105
0.412	9.990	45.104
0.413	10.013	45.099
0.413	10.017	45.108
0.413	10.020	45.107
0.413	10.027	45.104
0.413	10.035	45.110
0.414	10.044	45.106
0.414	10.055	45.103
0.415	10.067	45.108
0.415	10.079	45.105
0.415	10.083	45.104
0.416	10.090	45.109
0.416	10.100	45.105
0.416	10.108	45.102
0.417	10.120	45.113
0.417	10.137	45.108
0.418	10.147	45.101
0.418	10.150	45.099
0.418	10.152	45.097
0.418	10.156	45.099
0.418	10.160	45.111
0.418	10.170	45.097
0.419	10.177	45.097
0.419	10.185	45.099
0.420	10.202	45.091
0.420	10.218	45.097
0.421	10.236	45.092
0.422	10.249	45.098
0.422	10.258	45.093
0.423	10.285	45.092
0.424	10.302	45.095
0.424	10.319	45.078
0.425	10.336	45.092
0.425	10.347	45.098
0.425	10.359	45.090
0.426	10.370	45.089
0.426	10.379	45.089
0.427	10.391	45.089
0.427	10.404	45.088
0.428	10.425	45.089
0.429	10.438	45.094
0.429	10.461	45.086
0.430	10.474	45.089
0.430	10.480	45.089
0.431	10.497	45.086
0.432	10.516	45.094
0.432	10.541	45.091
0.433	10.549	45.081
0.433	10.563	45.081
0.434	10.577	45.084
0.435	10.595	45.077
0.435	10.605	45.089
0.436	10.625	45.080
0.436	10.637	45.078
0.436	10.647	45.080
0.437	10.658	45.076
0.437	10.672	45.078
0.438	10.682	45.081
0.438	10.701	45.072
0.439	10.716	45.073
0.440	10.747	45.076
0.441	10.776	45.073
0.442	10.793	45.073
0.442	10.807	45.085
0.443	10.818	45.076
0.443	10.821	45.072
0.443	10.819	45.086
0.443	10.829	45.119
0.444	10.859	45.068
0.445	10.888	45.077
0.447	10.931	45.070
0.448	10.971	45.063
0.449	10.980	45.064
0.449	10.999	45.064
0.450	11.009	45.062
0.451	11.025	45.070
0.451	11.040	45.062
0.452	11.050	45.059
0.452	11.062	45.058
0.452	11.075	45.056
0.453	11.093	45.058
0.453	11.113	45.067
0.454	11.131	45.053
0.454	11.141	45.051
0.455	11.151	45.051
0.455	11.167	45.054
0.457	11.208	45.050
0.458	11.232	45.056
0.459	11.250	45.051
0.459	11.276	45.048
0.460	11.298	45.060
0.461	11.325	45.018
0.462	11.350	45.040
0.463	11.382	45.044
0.465	11.418	45.041
0.465	11.433	45.042
0.466	11.448	45.039
0.467	11.469	45.039
0.468	11.489	45.051
0.468	11.500	45.043
0.468	11.506	45.034
0.468	11.509	45.037
0.468	11.514	45.035
0.469	11.521	45.033
0.469	11.537	45.035
0.469	11.551	45.038
0.470	11.564	45.035
0.470	11.575	45.035
0.471	11.589	45.030
0.471	11.599	45.036
0.472	11.614	45.036
0.472	11.626	45.043
0.473	11.653	45.030
0.474	11.673	45.034
0.474	11.679	45.033
0.475	11.699	45.033
0.476	11.728	45.029
0.477	11.748	45.042
0.478	11.775	45.028
0.478	11.798	45.032
0.479	11.807	45.031
0.479	11.822	45.023
0.480	11.829	45.030
0.480	11.838	45.038
0.480	11.851	45.027
0.481	11.860	45.025
0.481	11.866	45.029
0.481	11.872	45.028
0.481	11.885	45.028
0.482	11.898	45.040
0.482	11.910	45.026
0.483	11.925	45.023
0.484	11.942	45.027
0.484	11.949	45.032
0.484	11.956	45.024
0.485	11.963	45.036
0.485	11.987	45.027
0.486	12.001	45.026
0.486	12.014	45.027
0.487	12.026	45.024
0.487	12.035	45.027
0.488	12.043	45.036
0.488	12.061	45.024
0.488	12.071	45.025
0.489	12.084	45.026
0.489	12.089	45.025
0.489	12.099	45.027
0.490	12.120	45.023
0.491	12.140	45.027
0.492	12.162	45.019
0.493	12.186	45.021
0.493	12.208	45.009
0.494	12.227	45.023
0.495	12.246	45.023
0.495	12.256	45.028
0.496	12.264	45.026
0.496	12.272	45.022
0.496	12.282	45.023
0.497	12.303	45.023
0.498	12.325	45.021
0.498	12.334	45.028
0.498	12.339	45.021
0.498	12.339	45.023
0.498	12.342	45.019
0.498	12.346	45.022
0.499	12.360	45.019
0.500	12.380	45.025
0.500	12.390	45.020
0.501	12.397	45.023
0.501	12.411	45.025
0.501	12.421	45.024
0.502	12.429	45.026
0.502	12.436	45.041
0.502	12.444	45.021
0.502	12.446	45.024
0.502	12.450	45.024
0.502	12.455	45.022
0.503	12.460	45.028
0.503	12.465	45.033
0.503	12.476	45.023
0.504	12.492	45.024
0.504	12.500	45.022
0.505	12.514	45.017
0.505	12.526	45.015
0.505	12.536	45.018
0.506	12.548	45.023
0.507	12.571	45.017
0.507	12.588	45.018
0.508	12.596	45.018
0.509	12.619	45.023
0.509	12.640	45.021
0.510	12.651	45.030
0.510	12.674	45.017
0.511	12.689	45.017
0.512	12.704	45.015
0.512	12.721	45.021
0.513	12.735	45.021
0.513	12.744	45.028
0.514	12.761	45.015
0.514	12.780	45.016
0.515	12.793	45.015
0.515	12.803	45.020
0.516	12.816	45.018
0.516	12.823	45.019
0.516	12.834	45.014
0.517	12.843	45.017
0.518	12.864	45.018
0.519	12.898	45.016
0.520	12.932	45.019
0.521	12.950	45.014
0.522	12.956	45.020
0.522	12.966	45.018
0.522	12.987	45.010
0.522	12.995	45.008
0.523	13.011	45.016
0.524	13.043	45.014
0.525	13.055	45.017
0.525	13.059	45.016
0.525	13.075	45.016
0.526	13.107	45.013
0.528	13.137	45.017
0.528	13.150	45.014
0.528	13.162	45.027
0.529	13.179	45.014
0.529	13.186	45.015
0.530	13.201	45.013
0.530	13.216	45.016
0.531	13.234	45.017
0.532	13.249	45.022
0.532	13.265	45.014
0.533	13.289	45.012
0.534	13.307	45.007
0.534	13.315	45.009
0.534	13.318	45.005
0.534	13.320	45.006
0.534	13.325	45.013
0.535	13.345	45.006
0.536	13.361	45.007
0.536	13.375	45.011
0.536	13.382	45.006
0.537	13.390	45.008
0.537	13.399	45.007
0.537	13.411	45.006
0.538	13.423	44.988
0.538	13.426	45.007
0.538	13.430	45.005
0.538	13.434	45.007
0.538	13.435	45.018
0.539	13.443	45.003
0.539	13.450	45.007
0.539	13.456	45.005
0.539	13.464	45.003
0.540	13.473	45.002
0.540	13.482	45.014
0.540	13.496	45.004
0.541	13.502	44.999
0.541	13.508	45.002
0.541	13.521	45.001
0.542	13.533	45.001
0.542	13.544	45.002
0.543	13.573	45.002
0.544	13.595	44.997
0.545	13.614	44.997
0.546	13.639	44.998
0.546	13.655	44.996
0.547	13.661	44.994
0.547	13.680	44.993
0.548	13.695	44.993
0.549	13.718	44.992
0.549	13.735	44.990
0.550	13.750	44.990
0.551	13.778	44.987
0.552	13.802	44.991
0.553	13.826	44.988
0.554	13.849	44.960
0.554	13.860	44.986
0.555	13.880	44.986
0.555	13.895	44.983
0.556	13.916	44.983
0.557	13.931	44.986
0.557	13.949	44.984
0.558	13.970	44.982
0.558	13.981	44.982
0.558	13.981	44.982
0.559	13.986	44.983
0.559	13.999	44.980
0.559	14.010	44.982
0.560	14.018	44.980
0.560	14.029	44.978
0.560	14.038	44.976
0.561	14.052	44.986
0.561	14.072	44.974
0.562	14.091	44.969
0.563	14.101	44.973
0.563	14.117	44.971
0.564	14.129	44.972
0.564	14.136	44.982
0.565	14.155	44.968
0.565	14.167	44.965
0.566	14.183	44.970
0.566	14.199	44.967
0.567	14.211	44.975
0.568	14.235	44.967
0.568	14.259	44.967
0.569	14.283	44.949
0.570	14.305	44.968
0.571	14.323	44.965
0.571	14.336	44.966
0.572	14.344	44.966
0.572	14.359	44.970
0.573	14.376	44.964
0.573	14.386	44.968
0.574	14.399	44.963
0.574	14.412	44.964
0.575	14.429	44.965
0.575	14.439	44.973
0.575	14.451	44.960
0.576	14.462	44.961
0.576	14.473	44.963
0.576	14.481	44.960
0.576	14.489	44.961
0.577	14.494	44.971
0.577	14.507	44.959
0.577	14.511	44.962
0.578	14.517	44.961
0.578	14.532	44.959
0.578	14.550	44.960
0.579	14.563	44.956
0.579	14.577	44.960
0.580	14.591	44.954
0.581	14.601	44.958
0.581	14.622	44.961
0.582	14.641	44.963
0.583	14.658	44.956
0.583	14.665	44.961
0.583	14.683	44.940
0.584	14.689	44.960
0.585	14.714	44.957
0.585	14.728	44.954
0.586	14.737	44.957
0.586	14.739	44.970
0.586	14.759	44.954
0.586	14.773	44.959
0.587	14.782	44.957
0.587	14.790	44.956
0.587	14.792	44.961
0.588	14.795	44.967
0.588	14.814	44.955
0.589	14.838	44.956
0.589	14.847	44.954
0.590	14.856	44.954
0.590	14.863	44.954
0.590	14.871	44.955
0.590	14.877	44.956
0.591	14.887	44.955
0.591	14.898	44.952
0.592	14.903	44.958
0.592	14.923	44.959
0.592	14.935	44.964
0.593	14.954	44.951
0.593	14.956	44.958
0.593	14.959	44.955
0.593	14.961	44.955
0.593	14.967	44.958
0.593	14.972	44.957
0.594	14.978	44.959
0.594	14.991	44.956
0.595	15.014	44.956
0.596	15.032	44.957
0.596	15.043	44.958
0.597	15.063	44.956
0.597	15.067	44.965
0.598	15.085	44.953
0.598	15.099	44.957
0.599	15.111	44.956
0.599	15.129	44.958
0.600	15.148	44.954
0.601	15.171	44.962
0.602	15.197	44.957
0.603	15.214	44.956
0.604	15.237	44.951
0.605	15.273	44.949
0.606	15.296	44.956
0.606	15.308	44.964
0.607	15.323	44.954
0.607	15.331	44.952
0.607	15.336	44.955
0.608	15.348	44.950
0.608	15.358	44.951
0.608	15.368	44.959
0.609	15.385	44.952
0.609	15.393	44.955
0.609	15.405	44.951
0.610	15.410	44.956
0.610	15.414	44.955
0.610	15.426	44.950
0.610	15.441	44.938
0.611	15.447	44.959
0.611	15.451	44.956
0.611	15.459	44.954
0.612	15.482	44.951
0.613	15.500	44.952
0.613	15.514	44.952
0.614	15.525	44.949
0.614	15.542	44.949
0.614	15.551	44.947
0.615	15.554	44.952
0.615	15.557	44.953
0.615	15.562	44.951
0.615	15.568	44.951
0.615	15.574	44.951
0.616	15.583	44.949
0.616	15.590	44.951
0.616	15.599	44.950
0.617	15.605	44.959
0.617	15.619	44.946
0.617	15.634	44.949
0.618	15.650	44.946
0.619	15.669	44.944
0.620	15.701	44.947
0.621	15.728	44.946
0.622	15.742	44.945
0.622	15.762	44.944
0.623	15.771	44.947
0.623	15.783	44.944
0.624	15.794	44.941
0.624	15.800	44.936
0.624	15.808	44.941
0.624	15.815	44.945
0.624	15.826	44.943
0.625	15.835	44.940
0.625	15.840	44.945
0.625	15.773	45.105
0.625	15.854	44.944
0.626	15.864	44.941
0.626	15.874	44.941
0.626	15.880	44.942
0.627	15.885	44.942
0.627	15.891	44.942
0.627	15.906	44.946
0.627	15.916	44.940
0.628	15.920	44.944
0.628	15.924	44.942
0.628	15.932	44.946
0.629	15.941	44.942
0.629	15.944	44.952
0.629	15.962	44.941
0.630	15.983	44.941
0.631	15.998	44.944
0.631	16.009	44.944
0.632	16.028	44.939
0.632	16.037	44.949
0.632	16.053	44.938
0.633	16.065	44.939
0.634	16.084	44.936
0.634	16.096	44.935
0.635	16.118	44.940
0.636	16.133	44.943
0.636	16.148	44.936
0.637	16.156	44.938
0.637	16.175	44.934
0.638	16.195	44.937
0.638	16.211	44.934
0.639	16.231	44.936
0.640	16.250	44.934
0.641	16.268	44.932
0.642	16.287	44.937
0.643	16.318	44.931
0.643	16.338	44.935
0.644	16.349	44.940
0.644	16.365	44.930
0.645	16.388	44.932
0.646	16.415	44.924
0.647	16.439	44.927
0.648	16.458	44.926
0.648	16.480	44.921
0.649	16.499	44.927
0.650	16.523	44.925
0.651	16.541	44.922
0.651	16.552	44.923
0.651	16.555	44.928
0.651	16.563	44.921
0.652	16.568	44.933
0.652	16.585	44.920
0.653	16.602	44.923
0.653	16.616	44.919
0.654	16.641	44.920
0.656	16.679	44.903
0.656	16.701	44.922
0.657	16.711	44.918
0.658	16.727	44.917
0.658	16.740	44.914
0.659	16.756	44.919
0.659	16.771	44.916
0.660	16.777	44.929
0.660	16.792	44.916
0.660	16.809	44.913
0.661	16.820	44.915
0.661	16.827	44.916
0.661	16.834	44.916
0.662	16.839	44.923
0.662	16.861	44.909
0.663	16.880	44.917
0.664	16.899	44.914
0.664	16.916	44.911
0.665	16.927	44.912
0.665	16.947	44.909
0.666	16.960	44.909
0.666	16.975	44.912
0.667	16.996	44.912
0.668	17.011	44.908
0.668	17.027	44.908
0.669	17.043	44.911
0.670	17.057	44.913
0.670	17.076	44.912
0.671	17.088	44.908
0.672	17.109	44.914
0.672	17.125	44.914
0.673	17.148	44.894
0.673	17.152	44.919
0.674	17.165	44.913
0.674	17.184	44.904
0.675	17.199	44.900
0.676	17.213	44.903
0.676	17.233	44.902
0.677	17.246	44.917
0.677	17.259	44.901
0.677	17.269	44.900
0.678	17.284	44.901
0.678	17.299	44.899
0.679	17.306	44.898
0.679	17.314	44.897
0.679	17.320	44.901
0.679	17.327	44.902
0.680	17.335	44.898
0.680	17.340	44.903
0.680	17.344	44.897
0.680	17.349	44.897
0.680	17.355	44.900
0.680	17.361	44.899
0.680	17.364	44.902
0.681	17.367	44.897
0.681	17.368	44.898
0.681	17.372	44.895
0.681	17.367	44.910
0.681	17.373	44.896
0.681	17.374	44.893
0.681	17.374	44.897
0.681	17.374	44.897
0.681	17.377	44.884
0.680	17.375	44.892
0.680	17.374	44.895
0.681	17.374	44.897
0.680	17.374	44.897
0.680	17.374	44.897
0.680	17.374	44.895
0.680	17.374	44.894
0.680	17.369	44.905
0.680	17.373	44.897
0.680	17.373	44.897
0.680	17.373	44.898
0.680	17.373	44.898
0.680	17.374	44.897
0.681	17.369	44.906
0.680	17.374	44.898
0.680	17.374	44.897
0.680	17.375	44.898
0.680	17.374	44.899
0.680	17.376	44.896
0.680	17.377	44.897
0.680	17.376	44.901
0.681	17.377	44.897
0.680	17.378	44.898
0.680	17.378	44.897
0.680	17.378	44.899
0.680	17.378	44.897
0.680	17.379	44.895
0.680	17.378	44.899
0.680	17.379	44.895
0.680	17.380	44.895
0.680	17.378	44.901
0.680	17.380	44.893
0.681	17.375	44.907
0.680	17.380	44.898
0.680	17.380	44.896
0.680	17.380	44.897
0.680	17.381	44.895
0.680	17.380	44.897
0.680	17.380	44.896
0.680	17.379	44.900
0.680	17.379	44.899
0.680	17.380	44.897
0.680	17.380	44.898
0.680	17.379	44.900
0.680	17.380	44.895
0.680	17.376	44.907
0.680	17.381	44.894
0.680	17.379	44.900
0.680	17.380	44.899
0.680	17.380	44.899
0.680	17.381	44.897
0.680	17.375	44.909
0.680	17.381	44.896
0.680	17.382	44.897
0.680	17.382	44.897
0.680	17.381	44.900
0.680	17.381	44.899
0.680	17.382	44.895
0.680	17.381	44.902
0.680	17.382	44.898
0.680	17.382	44.898
0.680	17.382	44.897
0.680	17.385	44.882
0.680	17.380	44.900
0.680	17.379	44.900
0.680	17.380	44.899
0.680	17.381	44.897
0.680	17.381	44.894
0.680	17.380	44.898
0.680	17.379	44.901
0.680	17.375	44.910
0.680	17.380	44.898
0.680	17.381	44.896
0.680	17.381	44.896
0.680	17.382	44.896
0.680	17.382	44.895
0.680	17.383	44.895
0.680	17.382	44.900
0.680	17.381	44.900
0.680	17.382	44.895
0.680	17.381	44.898
0.680	17.381	44.895
0.680	17.381	44.897
0.680	17.376	44.908
0.680	17.381	44.898
0.680	17.382	44.895
0.680	17.381	44.897
0.680	17.381	44.897
0.680	17.380	44.900
0.680	17.377	44.906
0.680	17.381	44.897
0.680	17.382	44.895
0.680	17.382	44.894
0.680	17.381	44.896
0.680	17.387	44.871
0.680	17.379	44.898
0.680	17.382	44.896
0.680	17.382	44.897
0.680	17.382	44.897
0.680	17.382	44.899
0.680	17.382	44.898
0.680	17.382	44.898
0.680	17.384	44.897
0.681	17.395	44.900
0.682	17.412	44.896
0.691	17.605	44.893
0.694	17.707	44.892
0.694	17.710	44.902
0.694	17.718	44.890
0.694	17.718	44.896
0.693	17.719	44.891
0.693	17.720	44.891
0.693	17.719	44.894
0.693	17.718	44.889
0.693	17.719	44.893
0.693	17.719	44.896
0.693	17.720	44.890
0.693	17.718	44.899
0.693	17.718	44.898
0.693	17.720	44.891
0.693	17.718	44.897
0.693	17.720	44.891
0.693	17.720	44.893
0.693	17.722	44.889
0.693	17.729	44.890
0.693	17.733	44.893
0.694	17.742	44.903
0.694	17.760	44.889
0.695	17.775	44.894
0.696	17.791	44.892
0.696	17.804	44.895
0.696	17.816	44.893
0.697	17.828	44.901
0.698	17.846	44.894
0.698	17.862	44.892
0.699	17.880	44.891
0.699	17.901	44.889
0.700	17.912	44.894
0.700	17.919	44.900
0.701	17.937	44.891
0.701	17.949	44.890
0.702	17.965	44.891
0.702	17.977	44.893
0.703	17.991	44.887
0.703	18.003	44.886
0.704	18.011	44.887
0.704	18.019	44.884
0.704	18.028	44.887
0.704	18.034	44.890
0.705	18.046	44.889
0.705	18.055	44.889
0.706	18.062	44.897
0.706	18.081	44.891
0.706	18.092	44.890
0.707	18.110	44.881
0.707	18.120	44.885
0.708	18.133	44.888
0.708	18.140	44.899
0.709	18.162	44.891
0.709	18.177	44.892
0.710	18.190	44.888
0.711	18.204	44.891
0.711	18.220	44.893
0.712	18.239	44.891
0.713	18.267	44.893
0.714	18.294	44.889
0.715	18.329	44.888
0.717	18.362	44.887
0.717	18.387	44.883
0.718	18.405	44.884
0.719	18.417	44.884
0.719	18.427	44.884
0.719	18.443	44.885
0.720	18.464	44.882
0.721	18.481	44.884
0.722	18.495	44.883
0.722	18.515	44.890
0.723	18.549	44.883
0.724	18.572	44.883
0.725	18.587	44.882
0.726	18.608	44.883
0.726	18.631	44.883
0.727	18.649	44.884
0.728	18.671	44.880
0.728	18.682	44.881
0.728	18.692	44.872
0.729	18.704	44.881
0.729	18.709	44.887
0.729	18.717	44.892
0.730	18.738	44.881
0.731	18.758	44.879
0.732	18.788	44.878
0.733	18.812	44.871
0.734	18.854	44.874
0.736	18.877	44.884
0.737	18.909	44.869
0.737	18.928	44.876
0.739	18.969	44.876
0.739	18.988	44.874
0.740	19.000	44.869
0.740	19.008	44.872
0.740	19.017	44.870
0.741	19.031	44.869
0.741	19.042	44.873
0.742	19.059	44.869
0.742	19.082	44.870
0.743	19.093	44.879
0.744	19.115	44.871
0.744	19.133	44.867
0.745	19.149	44.864
0.745	19.164	44.867
0.746	19.180	44.866
0.747	19.194	44.880
0.748	19.226	44.864
0.749	19.264	44.855
0.750	19.289	44.866
0.752	19.329	44.863
0.753	19.355	44.860
0.753	19.365	44.871
0.754	19.388	44.862
0.755	19.410	44.861
0.756	19.442	44.868
0.756	19.461	44.862
0.757	19.476	44.864
0.758	19.485	44.876
0.758	19.513	44.865
0.759	19.535	44.858
0.760	19.555	44.856
0.760	19.575	44.854
0.761	19.594	44.856
0.762	19.605	44.868
0.762	19.630	44.856
0.763	19.644	44.856
0.764	19.665	44.861
0.765	19.687	44.854
0.765	19.706	44.857
0.766	19.719	44.866
0.766	19.739	44.851
0.767	19.756	44.852
0.768	19.766	44.857
0.769	19.790	44.858
0.769	19.816	44.851
0.770	19.834	44.860
0.771	19.855	44.852
0.771	19.872	44.854
0.772	19.886	44.850
0.773	19.903	44.855
0.773	19.924	44.846
0.774	19.931	44.858
0.774	19.952	44.850
0.775	19.964	44.846
0.775	19.885	44.997
0.775	19.989	44.848
0.776	20.005	44.846
0.777	20.021	44.858
0.777	20.048	44.846
0.778	20.063	44.846
0.779	20.085	44.845
0.779	20.095	44.843
0.780	20.108	44.843
0.780	20.109	44.855
0.780	20.127	44.842
0.781	20.140	44.843
0.781	20.147	44.844
0.782	20.160	44.843
0.782	20.180	44.842
0.783	20.198	44.853
0.784	20.222	44.839
0.785	20.240	44.843
0.785	20.259	44.841
0.786	20.278	44.841
0.787	20.297	44.839
0.787	20.308	44.846
0.788	20.329	44.839
0.789	20.353	44.831
0.789	20.361	44.848
0.790	20.384	44.835
0.791	20.401	44.832
0.791	20.420	44.833
0.792	20.429	44.834
0.792	20.444	44.831
0.792	20.456	44.834
0.793	20.468	44.836
0.794	20.484	44.832
0.794	20.507	44.834
0.795	20.523	44.835
0.795	20.533	44.830
0.796	20.544	44.834
0.796	20.558	44.828
0.796	20.562	44.832
0.797	20.569	44.828
0.797	20.571	44.843
0.797	20.595	44.827
0.798	20.608	44.831
0.799	20.623	44.830
0.800	20.646	44.833
0.800	20.662	44.829
0.801	20.669	44.837
0.801	20.690	44.826
0.802	20.708	44.821
0.803	20.734	44.826
0.803	20.755	44.822
0.804	20.772	44.824
0.805	20.790	44.822
0.805	20.808	44.824
0.806	20.828	44.807
0.807	20.847	44.817
0.807	20.867	44.822
0.808	20.897	44.817
0.809	20.921	44.821
0.810	20.944	44.825
0.811	20.972	44.816
0.811	20.982	44.821
0.812	21.003	44.819
0.813	21.032	44.815
0.814	21.052	44.816
0.814	21.062	44.829
0.815	21.086	44.812
0.816	21.101	44.808
0.816	21.113	44.810
0.816	21.124	44.811
0.817	21.138	44.810
0.818	21.156	44.809
0.818	21.176	44.809
0.819	21.191	44.807
0.819	21.200	44.809
0.820	21.213	44.810
0.820	21.228	44.808
0.821	21.249	44.808
0.822	21.263	44.808
0.822	21.275	44.806
0.822	21.288	44.811
0.823	21.304	44.809
0.824	21.326	44.805
0.824	21.342	44.805
0.825	21.351	44.813
0.825	21.376	44.791
0.826	21.396	44.805
0.826	21.406	44.807
0.827	21.429	44.803
0.828	21.463	44.803
0.829	21.475	44.803
0.829	21.490	44.796
0.830	21.499	44.801
0.830	21.504	44.799
0.831	21.515	44.797
0.832	21.524	44.799
0.833	21.525	44.813
0.834	21.544	44.796
0.835	21.550	44.807
0.835	21.561	44.796
0.836	21.565	44.795
0.836	21.569	44.796
0.837	21.570	44.804
0.837	21.580	44.795
0.837	21.583	44.794
0.838	21.588	44.793
0.839	21.596	44.793
0.840	21.602	44.797
0.841	21.610	44.795
0.842	21.613	44.799
0.842	21.615	44.795
0.842	21.618	44.795
0.843	21.622	44.793
0.843	21.625	44.794
0.843	21.626	44.794
0.844	21.623	44.804
0.844	21.637	44.778
0.844	21.633	44.793
0.845	21.635	44.796
0.845	21.639	44.791
0.846	21.640	44.796
0.846	21.638	44.804
0.847	21.649	44.791
0.848	21.649	44.799
0.848	21.654	44.793
0.849	21.657	44.792
0.849	21.658	44.795
0.849	21.658	44.796
0.850	21.661	44.794
0.850	21.663	44.792
0.851	21.667	44.790
0.852	21.670	44.790
0.852	21.675	44.790
0.854	21.679	44.788

