1.022	21.783	-0.278
1.022	21.782	-0.272
1.022	21.782	-0.270
1.022	21.781	-0.271
1.022	21.782	-0.269
1.022	21.782	-0.275
1.022	21.776	-0.240
1.022	21.783	-0.271
1.022	21.782	-0.266
1.022	21.782	-0.268
1.022	21.782	-0.262
1.022	21.781	-0.259
1.022	21.780	-0.255
1.022	21.775	-0.222
1.023	21.782	-0.272
1.023	21.783	-0.272
1.023	21.777	-0.233
1.022	21.782	-0.270
1.022	21.779	-0.245
1.022	21.781	-0.255
1.022	21.776	-0.230
1.022	21.782	-0.262
1.023	21.782	-0.268
1.023	21.778	-0.233
1.023	21.783	-0.266
1.023	21.779	-0.247
1.023	21.775	-0.224
1.022	21.780	-0.249
1.022	21.781	-0.260
1.022	21.782	-0.263
1.021	21.780	-0.253
1.021	21.782	-0.268
1.021	21.782	-0.263
1.021	21.775	-0.223
1.022	21.782	-0.258
1.022	21.781	-0.253
1.022	21.782	-0.259
1.021	21.781	-0.255
1.021	21.779	-0.245
1.022	21.782	-0.263
1.022	21.780	-0.245
1.022	21.782	-0.263
1.021	21.782	-0.260
1.021	21.780	-0.244
1.021	21.782	-0.263
1.021	21.782	-0.256
1.021	21.782	-0.260
1.021	21.780	-0.253
1.020	21.781	-0.252
1.021	21.794	-0.400
1.021	21.781	-0.251
1.021	21.781	-0.252
1.021	21.781	-0.259
1.021	21.775	-0.219
1.021	21.780	-0.249
1.021	21.781	-0.252
1.021	21.781	-0.251
1.021	21.781	-0.254
1.021	21.781	-0.253
1.021	21.780	-0.254
1.021	21.779	-0.243
1.021	21.781	-0.250
1.021	21.781	-0.255
1.021	21.780	-0.243
1.021	21.782	-0.257
1.021	21.779	-0.239
1.021	21.782	-0.259
1.021	21.779	-0.235
1.020	21.781	-0.246
1.020	21.781	-0.257
1.020	21.781	-0.258
1.020	21.781	-0.250
1.020	21.781	-0.255
1.021	21.773	-0.212
1.020	21.781	-0.258
1.020	21.781	-0.254
1.020	21.781	-0.258
1.020	21.781	-0.252
1.020	21.780	-0.245
1.020	21.780	-0.256
1.020	21.774	-0.213
1.020	21.781	-0.260
1.020	21.787	-0.306
1.020	21.781	-0.251
1.021	21.782	-0.262
1.020	21.781	-0.256
1.020	21.781	-0.255
1.020	21.775	-0.223
1.020	21.781	-0.250
1.020	21.781	-0.256
1.021	21.781	-0.257
1.021	21.781	-0.252
1.020	21.778	-0.232
1.021	21.781	-0.258
1.021	21.774	-0.214
1.020	21.782	-0.260
1.020	21.781	-0.253
1.021	21.781	-0.257
1.020	21.780	-0.250
1.020	21.781	-0.248
1.021	21.781	-0.253
1.020	21.779	-0.237
1.020	21.780	-0.246
1.021	21.781	-0.255
1.021	21.781	-0.253
1.021	21.781	-0.256
1.021	21.782	-0.261
1.021	21.775	-0.226
1.020	21.780	-0.250
1.020	21.781	-0.252
1.020	21.782	-0.257
1.020	21.780	-0.254
1.020	21.780	-0.251
1.020	21.781	-0.254
1.020	21.775	-0.222
1.020	21.783	-0.266
1.020	21.782	-0.260
1.020	21.781	-0.256
1.020	21.780	-0.243
1.020	21.778	-0.233
1.020	21.781	-0.257
1.020	21.775	-0.215
1.020	21.782	-0.258
1.021	21.781	-0.249
1.021	21.781	-0.251
1.020	21.781	-0.256
1.020	21.782	-0.257
1.020	21.780	-0.250
1.020	21.780	-0.244
1.020	21.781	-0.247
1.020	21.780	-0.245
1.020	21.780	-0.247
1.020	21.780	-0.248
1.021	21.781	-0.257
1.021	21.774	-0.214
1.020	21.781	-0.253
1.020	21.780	-0.243
1.020	21.781	-0.254
1.020	21.781	-0.251
1.021	21.781	-0.252
1.020	21.779	-0.234
1.020	21.774	-0.206
1.020	21.781	-0.251
1.020	21.780	-0.250
1.020	21.781	-0.256
1.020	21.781	-0.254
1.020	21.781	-0.255
1.018	21.781	-0.247
1.017	21.781	-0.245
1.015	21.780	-0.247
1.013	21.781	-0.256
1.012	21.781	-0.253
1.011	21.781	-0.256
1.010	21.782	-0.261
1.010	21.781	-0.256
1.010	21.781	-0.252
1.008	21.781	-0.256
1.007	21.780	-0.249
1.006	21.780	-0.247
1.005	21.777	-0.225
1.004	21.780	-0.244
1.004	21.774	-0.212
1.003	21.780	-0.246
1.002	21.777	-0.247
1.001	21.770	-0.253
0.999	21.765	-0.239
0.999	21.763	-0.253
0.998	21.760	-0.244
0.997	21.749	-0.209
0.997	21.751	-0.242
0.996	21.748	-0.240
0.995	21.747	-0.243
0.995	21.744	-0.246
0.994	21.738	-0.230
0.993	21.734	-0.231
0.992	21.728	-0.208
0.991	21.728	-0.241
0.989	21.722	-0.240
0.988	21.718	-0.251
0.987	21.714	-0.252
0.986	21.709	-0.245
0.985	21.703	-0.231
0.985	21.704	-0.274
0.984	21.698	-0.239
0.983	21.694	-0.247
0.981	21.688	-0.242
0.981	21.683	-0.213
0.981	21.684	-0.243
0.980	21.674	-0.203
0.978	21.676	-0.242
0.977	21.670	-0.237
0.976	21.665	-0.241
0.975	21.660	-0.242
0.973	21.655	-0.239
0.972	21.646	-0.212
0.971	21.636	-0.182
0.971	21.640	-0.225
0.971	21.640	-0.241
0.970	21.635	-0.234
0.969	21.628	-0.230
0.967	21.621	-0.231
0.966	21.614	-0.235
0.964	21.598	-0.198
0.963	21.595	-0.231
0.962	21.591	-0.241
0.962	21.589	-0.231
0.962	21.589	-0.233
0.962	21.585	-0.231
0.961	21.578	-0.239
0.958	21.556	-0.219
0.957	21.542	-0.220
0.955	21.530	-0.234
0.954	21.518	-0.224
0.954	21.503	-0.203
0.952	21.493	-0.227
0.952	21.478	-0.229
0.951	21.451	-0.222
0.950	21.419	-0.210
0.949	21.403	-0.222
0.949	21.385	-0.199
0.948	21.360	-0.199
0.946	21.341	-0.207
0.946	21.309	-0.150
0.945	21.294	-0.204
0.944	21.277	-0.207
0.944	21.262	-0.196
0.943	21.241	-0.198
0.942	21.225	-0.200
0.941	21.203	-0.201
0.940	21.186	-0.169
0.940	21.183	-0.188
0.939	21.153	-0.204
0.937	21.122	-0.184
0.936	21.097	-0.197
0.934	21.054	-0.183
0.933	21.007	-0.137
0.931	20.991	-0.168
0.930	20.955	-0.144
0.930	20.935	-0.165
0.930	20.927	-0.151
0.929	20.921	-0.175
0.929	20.914	-0.177
0.928	20.895	-0.135
0.927	20.878	-0.160
0.926	20.849	-0.141
0.925	20.820	-0.164
0.924	20.792	-0.146
0.923	20.781	-0.153
0.923	20.767	-0.156
0.922	20.744	-0.152
0.920	20.709	-0.148
0.920	20.697	-0.155
0.920	20.687	-0.135
0.919	20.675	-0.131
0.919	20.667	-0.142
0.919	20.651	-0.105
0.918	20.649	-0.142
0.917	20.627	-0.136
0.916	20.603	-0.118
0.915	20.573	-0.133
0.913	20.533	-0.123
0.912	20.515	-0.095
0.910	20.466	-0.121
0.908	20.418	-0.104
0.906	20.384	-0.129
0.904	20.335	-0.088
0.902	20.281	-0.085
0.900	20.253	-0.099
0.899	20.232	-0.094
0.898	20.207	-0.095
0.897	20.175	-0.080
0.897	20.153	-0.096
0.895	20.134	-0.095
0.894	20.102	-0.096
0.892	20.053	-0.075
0.891	20.037	-0.081
0.891	20.027	-0.073
0.890	19.999	-0.066
0.888	19.962	-0.088
0.886	19.917	-0.108
0.884	19.881	-0.063
0.883	19.854	-0.067
0.882	19.822	-0.064
0.882	19.815	-0.066
0.882	19.811	-0.065
0.881	19.796	-0.067
0.880	19.768	-0.041
0.879	19.742	-0.055
0.879	19.731	-0.049
0.878	19.725	-0.063
0.878	19.705	-0.050
0.878	19.700	-0.063
0.878	19.691	-0.028
0.878	19.690	-0.041
0.877	19.687	-0.064
0.877	19.678	-0.069
0.877	19.671	-0.059
0.877	19.668	-0.064
0.877	19.668	-0.073
0.877	19.659	-0.014
0.876	19.663	-0.076
0.876	19.661	-0.070
0.876	19.653	-0.076
0.875	19.639	-0.052
0.875	19.637	-0.071
0.875	19.636	-0.075
0.875	19.633	-0.074
0.875	19.627	-0.074
0.874	19.609	-0.081
0.874	19.602	-0.086
0.874	19.601	-0.092
0.873	19.596	-0.109
0.872	19.574	-0.093
0.871	19.557	-0.088
0.871	19.540	-0.097
0.870	19.524	-0.093
0.870	19.509	-0.082
0.869	19.490	-0.080
0.868	19.487	-0.093
0.868	19.474	-0.063
0.868	19.467	-0.100
0.867	19.458	-0.092
0.867	19.454	-0.098
0.867	19.450	-0.109
0.867	19.445	-0.100
0.867	19.439	-0.122
0.866	19.418	-0.055
0.866	19.409	-0.111
0.865	19.399	-0.111
0.865	19.392	-0.104
0.864	19.390	-0.121
0.864	19.387	-0.124
0.864	19.374	-0.123
0.864	19.366	-0.109
0.863	19.364	-0.116
0.864	19.362	-0.128
0.863	19.347	-0.131
0.862	19.329	-0.129
0.862	19.314	-0.107
0.861	19.303	-0.085
0.861	19.306	-0.132
0.861	19.297	-0.142
0.860	19.283	-0.130
0.859	19.263	-0.109
0.858	19.252	-0.170
0.858	19.239	-0.147
0.858	19.231	-0.131
0.857	19.215	-0.135
0.857	19.205	-0.132
0.856	19.197	-0.141
0.856	19.185	-0.140
0.856	19.179	-0.144
0.855	19.172	-0.148
0.855	19.164	-0.138
0.854	19.154	-0.146
0.854	19.146	-0.153
0.854	19.135	-0.121
0.853	19.126	-0.144
0.853	19.120	-0.147
0.853	19.101	-0.106
0.852	19.095	-0.144
0.852	19.087	-0.150
0.851	19.075	-0.152
0.850	19.060	-0.147
0.849	19.034	-0.154
0.848	19.013	-0.134
0.848	19.008	-0.148
0.848	18.998	-0.163
0.847	18.982	-0.156
0.846	18.960	-0.150
0.846	18.957	-0.162
0.845	18.943	-0.151
0.845	18.923	-0.152
0.844	18.910	-0.134
0.843	18.894	-0.145
0.842	18.872	-0.142
0.842	18.859	-0.204
0.841	18.831	-0.132
0.840	18.810	-0.093
0.839	18.802	-0.141
0.839	18.791	-0.138
0.837	18.760	-0.119
0.836	18.731	-0.129
0.835	18.657	0.226
0.834	18.687	-0.064
0.833	18.680	-0.123
0.833	18.660	-0.122
0.832	18.645	-0.101
0.832	18.626	-0.111
0.831	18.602	-0.111
0.829	18.572	-0.111
0.828	18.547	-0.104
0.828	18.542	-0.113
0.828	18.539	-0.105
0.828	18.535	-0.102
0.827	18.518	-0.113
0.827	18.499	-0.105
0.826	18.484	-0.068
0.825	18.474	-0.107
0.824	18.452	-0.101
0.824	18.429	-0.090
0.823	18.416	-0.104
0.822	18.398	-0.101
0.821	18.373	-0.061
0.820	18.366	-0.083
0.820	18.350	-0.085
0.819	18.327	-0.092
0.818	18.303	-0.084
0.816	18.280	-0.085
0.815	18.240	-0.046
0.813	18.209	-0.077
0.813	18.189	-0.069
0.812	18.174	-0.074
0.811	18.156	-0.068
0.810	18.131	-0.048
0.809	18.113	-0.073
0.808	18.074	-0.027
0.806	18.038	-0.057
0.805	18.002	-0.023
0.805	17.991	-0.060
0.804	17.977	-0.056
0.803	17.940	-0.042
0.802	17.921	-0.041
0.801	17.895	-0.047
0.800	17.875	-0.036
0.799	17.856	-0.040
0.798	17.831	-0.026
0.797	17.805	-0.033
0.796	17.786	0.003
0.795	17.767	-0.029
0.794	17.752	-0.035
0.793	17.728	-0.031
0.792	17.708	-0.017
0.791	17.677	-0.029
0.789	17.634	0.031
0.788	17.609	-0.021
0.786	17.570	-0.005
0.786	17.551	-0.019
0.785	17.541	-0.083
0.784	17.497	-0.008
0.782	17.465	0.046
0.781	17.449	-0.015
0.781	17.428	0.006
0.780	17.402	0.002
0.778	17.374	0.005
0.776	17.331	0.015
0.774	17.289	0.049
0.774	17.267	0.004
0.773	17.256	0.041
0.773	17.252	0.011
0.772	17.238	0.001
0.772	17.221	0.013
0.772	17.212	0.008
0.771	17.204	0.021
0.771	17.193	0.025
0.770	17.172	0.047
0.770	17.163	0.021
0.769	17.158	0.031
0.769	17.152	0.024
0.769	17.140	0.061
0.768	17.130	0.029
0.767	17.110	0.021
0.767	17.094	0.031
0.766	17.082	0.024
0.765	17.053	0.035
0.765	17.044	0.022
0.764	17.033	0.037
0.763	17.013	0.027
0.762	16.988	0.061
0.763	16.964	-0.016
0.759	16.923	0.049
0.758	16.911	0.040
0.757	16.871	0.051
0.755	16.825	0.048
0.754	16.816	0.065
0.754	16.802	0.038
0.753	16.789	0.051
0.752	16.769	0.062
0.752	16.752	0.063
0.751	16.729	0.054
0.750	16.709	0.078
0.749	16.697	0.049
0.748	16.664	0.065
0.746	16.628	0.067
0.745	16.601	0.101
0.743	16.565	0.084
0.742	16.541	0.068
0.742	16.516	0.089
0.741	16.502	0.077
0.740	16.487	0.067
0.740	16.468	0.116
0.739	16.461	0.081
0.739	16.436	0.083
0.738	16.414	0.100
0.737	16.407	0.070
0.737	16.405	0.083
0.737	16.405	0.088
0.737	16.402	0.108
0.737	16.404	0.077
0.737	16.397	0.087
0.735	16.361	0.055
0.734	16.332	0.111
0.733	16.309	0.086
0.732	16.290	0.137
0.731	16.283	0.091
0.730	16.267	0.093
0.730	16.245	0.093
0.728	16.214	0.103
0.728	16.199	0.091
0.728	16.192	0.105
0.727	16.177	0.102
0.726	16.148	0.111
0.725	16.126	0.102
0.724	16.095	0.117
0.723	16.075	0.109
0.722	16.048	0.130
0.721	16.016	0.143
0.720	16.003	0.133
0.719	15.985	0.144
0.718	15.962	0.114
0.717	15.941	0.124
0.716	15.921	0.127
0.716	15.906	0.162
0.715	15.892	0.133
0.714	15.881	0.123
0.713	15.853	0.120
0.712	15.829	0.126
0.710	15.779	0.152
0.708	15.741	0.171
0.708	15.727	0.133
0.706	15.692	0.176
0.704	15.657	0.131
0.704	15.648	0.160
0.703	15.611	0.164
0.701	15.570	0.206
0.700	15.530	0.177
0.699	15.517	0.166
0.698	15.497	0.170
0.697	15.473	0.172
0.695	15.432	0.183
0.694	15.407	0.222
0.693	15.395	0.181
0.692	15.366	0.176
0.690	15.319	0.187
0.688	15.274	0.177
0.685	15.222	0.194
0.683	15.171	0.210
0.683	15.150	0.195
0.682	15.134	0.195
0.682	15.108	0.221
0.681	15.086	0.196
0.680	15.066	0.197
0.679	15.045	0.219
0.679	15.037	0.206
0.678	15.009	0.213
0.677	14.985	0.226
0.676	14.977	0.211
0.676	14.967	0.224
0.676	14.961	0.226
0.675	14.955	0.207
0.675	14.950	0.165
0.674	14.923	0.220
0.672	14.886	0.213
0.671	14.861	0.237
0.670	14.840	0.250
0.669	14.804	0.228
0.668	14.787	0.247
0.667	14.759	0.243
0.666	14.731	0.235
0.666	14.721	0.241
0.665	14.712	0.274
0.664	14.688	0.226
0.662	14.650	0.243
0.661	14.616	0.251
0.660	14.592	0.262
0.660	14.582	0.245
0.659	14.566	0.277
0.659	14.553	0.243
0.658	14.534	0.266
0.658	14.516	0.275
0.657	14.506	0.249
0.656	14.496	0.254
0.655	14.468	0.290
0.655	14.457	0.262
0.654	14.451	0.256
0.654	14.435	0.268
0.653	14.406	0.280
0.651	14.373	0.272
0.650	14.346	0.278
0.649	14.326	0.279
0.648	14.307	0.269
0.646	14.274	0.273
0.644	14.211	0.286
0.642	14.162	0.279
0.640	14.106	0.343
0.638	14.084	0.291
0.638	14.066	0.290
0.637	14.038	0.307
0.635	14.006	0.302
0.634	13.976	0.310
0.633	13.949	0.340
0.631	13.919	0.321
0.630	13.894	0.324
0.629	13.874	0.307
0.629	13.855	0.323
0.628	13.840	0.314
0.627	13.812	0.315
0.626	13.783	0.319
0.625	13.775	0.315
0.625	13.754	0.317
0.624	13.729	0.331
0.622	13.686	0.337
0.620	13.633	0.390
0.619	13.616	0.354
0.618	13.594	0.355
0.618	13.581	0.345
0.617	13.573	0.342
0.616	13.550	0.351
0.616	13.543	0.341
0.615	13.530	0.338
0.614	13.504	0.279
0.613	13.483	0.342
0.613	13.464	0.347
0.611	13.439	0.361
0.610	13.422	0.348
0.609	13.395	0.354
0.608	13.371	0.356
0.608	13.352	0.361
0.607	13.325	0.366
0.606	13.308	0.357
0.604	13.281	0.359
0.603	13.243	0.384
0.602	13.226	0.367
0.601	13.202	0.388
0.601	13.185	0.372
0.600	13.160	0.379
0.598	13.128	0.426
0.597	13.106	0.378
0.596	13.077	0.416
0.595	13.062	0.390
0.595	13.049	0.400
0.594	13.038	0.382
0.593	13.016	0.384
0.593	13.002	0.386
0.592	12.983	0.388
0.591	12.955	0.391
0.589	12.932	0.393
0.588	12.890	0.407
0.587	12.871	0.408
0.586	12.848	0.407
0.585	12.833	0.381
0.585	12.812	0.414
0.582	12.760	0.428
0.580	12.708	0.429
0.579	12.684	0.411
0.579	12.670	0.460
0.578	12.660	0.417
0.577	12.638	0.419
0.577	12.622	0.424
0.577	12.612	0.419
0.577	12.611	0.417
0.577	12.609	0.433
0.576	12.600	0.412
0.576	12.592	0.423
0.575	12.584	0.426
0.575	12.578	0.424
0.574	12.558	0.424
0.574	12.546	0.417
0.573	12.531	0.463
0.572	12.508	0.424
0.571	12.488	0.446
0.570	12.460	0.441
0.569	12.437	0.445
0.568	12.428	0.443
0.568	12.419	0.477
0.568	12.412	0.443
0.567	12.396	0.446
0.567	12.390	0.460
0.567	12.384	0.451
0.566	12.376	0.446
0.566	12.364	0.447
0.565	12.350	0.398
0.565	12.337	0.451
0.564	12.328	0.443
0.564	12.316	0.449
0.563	12.305	0.449
0.563	12.288	0.451
0.562	12.273	0.485
0.562	12.259	0.476
0.562	12.253	0.448
0.561	12.247	0.452
0.561	12.235	0.457
0.561	12.224	0.463
0.560	12.208	0.518
0.560	12.201	0.457
0.559	12.193	0.459
0.559	12.186	0.466
0.559	12.181	0.466
0.559	12.173	0.459
0.558	12.163	0.484
0.558	12.160	0.460
0.558	12.149	0.479
0.557	12.139	0.460
0.557	12.126	0.469
0.556	12.119	0.465
0.556	12.116	0.467
0.556	12.105	0.500
0.555	12.099	0.469
0.555	12.090	0.478
0.554	12.072	0.478
0.553	12.047	0.492
0.552	12.032	0.482
0.552	12.027	0.502
0.552	12.025	0.429
0.552	12.022	0.486
0.552	12.022	0.480
0.552	12.022	0.472
0.552	12.022	0.476
0.552	12.022	0.479
0.552	12.019	0.514
0.552	12.019	0.471
0.551	12.009	0.475
0.550	11.991	0.481
0.549	11.963	0.492
0.548	11.950	0.491
0.547	11.927	0.522
0.547	11.913	0.510
0.547	11.910	0.497
0.547	11.909	0.486
0.547	11.906	0.486
0.546	11.899	0.490
0.546	11.884	0.523
0.545	11.868	0.494
0.545	11.855	0.501
0.544	11.852	0.483
0.544	11.844	0.497
0.543	11.825	0.495
0.542	11.803	0.493
0.541	11.776	0.527
0.540	11.760	0.502
0.540	11.748	0.502
0.540	11.740	0.510
0.540	11.734	0.497
0.540	11.730	0.497
0.540	11.728	0.471
0.539	11.720	0.503
0.539	11.710	0.504
0.538	11.698	0.508
0.538	11.684	0.521
0.537	11.677	0.518
0.537	11.664	0.549
0.536	11.643	0.670
0.536	11.619	0.896
0.535	11.628	0.512
0.535	11.619	0.518
0.534	11.613	0.524
0.534	11.597	0.555
0.533	11.590	0.520
0.533	11.585	0.510
0.533	11.577	0.515
0.533	11.571	0.536
0.532	11.568	0.522
0.532	11.565	0.509
0.532	11.557	0.522
0.532	11.549	0.545
0.531	11.540	0.522
0.531	11.528	0.523
0.530	11.517	0.523
0.530	11.507	0.542
0.529	11.498	0.569
0.529	11.492	0.519
0.529	11.482	0.527
0.528	11.478	0.520
0.528	11.473	0.533
0.528	11.470	0.522
0.528	11.467	0.531
0.528	11.462	0.521
0.527	11.455	0.530
0.527	11.446	0.566
0.527	11.445	0.522
0.527	11.443	0.522
0.527	11.441	0.524
0.527	11.433	0.561
0.526	11.425	0.531
0.526	11.407	0.518
0.525	11.395	0.529
0.525	11.388	0.545
0.524	11.383	0.535
0.524	11.378	0.545
0.524	11.369	0.536
0.523	11.352	0.543
0.522	11.332	0.524
0.521	11.317	0.543
0.521	11.304	0.550
0.520	11.288	0.548
0.520	11.269	0.577
0.519	11.256	0.546
0.519	11.247	0.548
0.518	11.237	0.547
0.518	11.219	0.550
0.516	11.192	0.556
0.516	11.171	0.585
0.515	11.160	0.564
0.515	11.153	0.550
0.515	11.148	0.552
0.514	11.139	0.553
0.514	11.135	0.547
0.514	11.130	0.453
0.513	11.125	0.550
0.513	11.117	0.556
0.513	11.103	0.553
0.512	11.089	0.562
0.512	11.086	0.562
0.512	11.075	0.553
0.511	11.066	0.569
0.511	11.059	0.564
0.511	11.053	0.572
0.511	11.052	0.558
0.511	11.050	0.564
0.510	11.045	0.569
0.510	11.030	0.620
0.509	11.021	0.564
0.509	11.011	0.558
0.508	11.004	0.569
0.508	11.002	0.558
0.508	10.999	0.557
0.508	10.994	0.566
0.508	10.987	0.594
0.507	10.980	0.562
0.507	10.978	0.553
0.507	10.973	0.564
0.507	10.961	0.571
0.505	10.937	0.568
0.504	10.909	0.591
0.503	10.881	0.585
0.502	10.863	0.589
0.501	10.842	0.601
0.501	10.826	0.604
0.500	10.816	0.581
0.499	10.798	0.612
0.499	10.778	0.590
0.498	10.765	0.586
0.497	10.742	0.602
0.496	10.720	0.608
0.495	10.705	0.595
0.494	10.675	0.645
0.493	10.657	0.618
0.493	10.649	0.597
0.492	10.639	0.599
0.492	10.634	0.607
0.492	10.623	0.621
0.492	10.610	0.637
0.491	10.605	0.596
0.491	10.593	0.612
0.490	10.584	0.600
0.490	10.577	0.599
0.490	10.570	0.601
0.489	10.557	0.642
0.488	10.547	0.627
0.488	10.533	0.601
0.487	10.518	0.618
0.487	10.500	0.614
0.486	10.492	0.625
0.486	10.489	0.613
0.486	10.483	0.643
0.486	10.481	0.611
0.486	10.477	0.619
0.486	10.475	0.612
0.485	10.469	0.615
0.485	10.460	0.586
0.484	10.440	0.653
0.484	10.431	0.627
0.483	10.420	0.621
0.483	10.401	0.627
0.482	10.394	0.620
0.482	10.382	0.624
0.481	10.374	0.622
0.481	10.363	0.628
0.480	10.351	0.618
0.480	10.333	0.622
0.479	10.316	0.647
0.479	10.308	0.624
0.478	10.298	0.629
0.478	10.289	0.670
0.478	10.283	0.625
0.477	10.273	0.639
0.477	10.262	0.636
0.476	10.251	0.632
0.476	10.244	0.625
0.476	10.237	0.632
0.475	10.223	0.627
0.474	10.205	0.636
0.473	10.187	0.638
0.473	10.184	0.636
0.473	10.182	0.636
0.473	10.177	0.638
0.473	10.165	0.653
0.472	10.153	0.639
0.472	10.144	0.661
0.471	10.137	0.651
0.471	10.130	0.589
0.470	10.115	0.660
0.470	10.105	0.700
0.470	10.102	0.649
0.470	10.099	0.651
0.470	10.095	0.668
0.469	10.092	0.652
0.469	10.088	0.650
0.469	10.084	0.688
0.469	10.082	0.657
0.469	10.076	0.649
0.468	10.064	0.664
0.468	10.061	0.645
0.468	10.051	0.653
0.467	10.042	0.663
0.467	10.039	0.658
0.467	10.037	0.663
0.467	10.034	0.653
0.467	10.029	0.657
0.466	10.024	0.658
0.466	10.015	0.656
0.466	10.012	0.668
0.466	10.007	0.653
0.466	10.004	0.659
0.466	10.003	0.649
0.466	10.002	0.656
0.466	10.001	0.658
0.466	9.992	0.712
0.464	9.964	0.660
0.463	9.932	0.676
0.462	9.917	0.658
0.461	9.905	0.637
0.461	9.894	0.663
0.461	9.885	0.694
0.461	9.882	0.664
0.460	9.872	0.661
0.460	9.862	0.668
0.459	9.851	0.677
0.459	9.842	0.665
0.458	9.828	0.668
0.458	9.814	0.712
0.458	9.809	0.664
0.457	9.801	0.675
0.457	9.788	0.673
0.457	9.783	0.675
0.457	9.780	0.671
0.457	9.772	0.705
0.456	9.763	0.680
0.455	9.750	0.680
0.455	9.745	0.689
0.455	9.735	0.691
0.454	9.728	0.687
0.454	9.723	0.702
0.454	9.715	0.686
0.454	9.709	0.690
0.453	9.700	0.684
0.453	9.689	0.689
0.452	9.679	0.691
0.452	9.671	0.688
0.452	9.666	0.684
0.451	9.660	0.690
0.451	9.647	0.695
0.450	9.640	0.649
0.450	9.631	0.692
0.450	9.626	0.681
0.450	9.619	0.719
0.449	9.614	0.698
0.449	9.608	0.700
0.449	9.601	0.702
0.448	9.595	0.689
0.448	9.586	0.701
0.448	9.577	0.700
0.448	9.570	0.694
0.447	9.563	0.691
0.447	9.557	0.721
0.447	9.554	0.701
0.447	9.548	0.706
0.446	9.545	0.705
0.446	9.540	0.746
0.446	9.537	0.702
0.446	9.533	0.705
0.446	9.531	0.701
0.446	9.529	0.695
0.446	9.524	0.707
0.446	9.519	0.702
0.445	9.516	0.704
0.445	9.514	0.700
0.445	9.510	0.702
0.445	9.503	0.710
0.444	9.490	0.708
0.444	9.481	0.699
0.444	9.471	0.745
0.443	9.467	0.702
0.443	9.455	0.713
0.442	9.440	0.668
0.442	9.428	0.713
0.441	9.416	0.714
0.441	9.406	0.741
0.441	9.401	0.710
0.440	9.388	0.713
0.440	9.376	0.716
0.439	9.368	0.715
0.439	9.362	0.733
0.439	9.356	0.731
0.439	9.349	0.728
0.439	9.342	0.725
0.438	9.336	0.727
0.438	9.331	0.724
0.438	9.324	0.726
0.437	9.306	0.737
0.437	9.300	0.754
0.437	9.298	0.725
0.436	9.292	0.721
0.436	9.287	0.728
0.436	9.284	0.738
0.436	9.281	0.727
0.436	9.276	0.766
0.435	9.272	0.738
0.435	9.259	0.737
0.434	9.244	0.742
0.434	9.238	0.732
0.434	9.233	0.730
0.433	9.228	0.749
0.433	9.220	0.748
0.432	9.211	0.748
0.432	9.202	0.764
0.431	9.189	0.739
0.431	9.184	0.741
0.431	9.180	0.753
0.431	9.177	0.770
0.431	9.176	0.733
0.431	9.174	0.740
0.431	9.173	0.738
0.431	9.172	0.748
0.431	9.169	0.741
0.431	9.165	0.772
0.431	9.164	0.743
0.431	9.162	0.741
0.430	9.158	0.736
0.430	9.152	0.743
0.430	9.141	0.742
0.429	9.135	0.743
0.429	9.130	0.740
0.429	9.123	0.751
0.428	9.116	0.746
0.428	9.105	0.751
0.428	9.100	0.745
0.428	9.095	0.754
0.427	9.090	0.753
0.427	9.087	0.748
0.427	9.085	0.741
0.427	9.083	0.749
0.427	9.081	0.740
0.427	9.078	0.762
0.427	9.074	0.782
0.427	9.072	0.748
0.427	9.071	0.745
0.427	9.070	0.703
0.427	9.064	0.758
0.426	9.060	0.759
0.426	9.053	0.749
0.426	9.045	0.763
0.426	9.042	0.748
0.425	9.037	0.747
0.425	9.033	0.753
0.425	9.029	0.755
0.425	9.027	0.759
0.425	9.022	0.785
0.425	9.019	0.752
0.424	9.017	0.748
0.424	9.015	0.754
0.424	9.014	0.750
0.424	9.009	0.748
0.424	9.000	0.780
0.423	8.991	0.752
0.423	8.984	0.750
0.423	8.981	0.759
0.423	8.979	0.763
0.423	8.972	0.762
0.422	8.964	0.762
0.422	8.957	0.762
0.421	8.944	0.764
0.421	8.939	0.769
0.421	8.933	0.766
0.421	8.930	0.762
0.421	8.928	0.757
0.421	8.923	0.797
0.421	8.920	0.765
0.420	8.914	0.743
0.420	8.909	0.759
0.420	8.904	0.764
0.420	8.900	0.763
0.419	8.895	0.757
0.419	8.880	0.775
0.419	8.876	0.765
0.419	8.875	0.763
0.418	8.868	0.762
0.418	8.860	0.765
0.418	8.856	0.762
0.418	8.846	0.777
0.417	8.838	0.776
0.417	8.829	0.764
0.417	8.825	0.768
0.417	8.821	0.763
0.416	8.817	0.784
0.416	8.809	0.807
0.416	8.804	0.766
0.416	8.797	0.768
0.415	8.787	0.785
0.415	8.782	0.781
0.415	8.778	0.776
0.414	8.773	0.772
0.414	8.767	0.785
0.414	8.760	0.777
0.413	8.756	0.768
0.413	8.753	0.768
0.413	8.741	0.784
0.412	8.733	0.796
0.412	8.726	0.826
0.412	8.722	0.778
0.412	8.713	0.742
0.411	8.708	0.784
0.411	8.687	1.196
0.411	8.693	0.981
0.410	8.693	0.786
0.410	8.689	0.778
0.410	8.687	0.787
0.410	8.666	1.360
0.410	8.653	1.662
0.410	8.651	1.661
0.410	8.648	1.664
0.410	8.648	1.661
0.410	8.677	0.805
0.410	8.677	0.788
0.410	8.676	0.791
0.410	8.675	0.783
0.410	8.674	0.786
0.410	8.672	0.789
0.410	8.672	0.781
0.410	8.669	0.784
0.410	8.666	0.780
0.410	8.660	0.782
0.409	8.654	0.816
0.409	8.652	0.774
0.409	8.648	0.788
0.409	8.643	0.789
0.408	8.638	0.779
0.408	8.633	0.816
0.408	8.630	0.789
0.408	8.627	0.799
0.408	8.621	0.767
0.407	8.610	0.790
0.407	8.605	0.804
0.407	8.604	0.801
0.407	8.601	0.786
0.407	8.596	0.781
0.406	8.589	0.790
0.406	8.586	0.795
0.406	8.582	0.793
0.406	8.576	0.790
0.405	8.568	0.799
0.405	8.547	0.839
0.403	8.520	0.807
0.403	8.515	0.797
0.403	8.512	0.793
0.403	8.508	0.803
0.403	8.504	0.802
0.402	8.495	0.837
0.402	8.482	0.803
0.402	8.471	0.810
0.401	8.463	0.802
0.401	8.456	0.804
0.400	8.446	0.798
0.400	8.437	0.840
0.400	8.429	0.822
0.399	8.414	0.805
0.399	8.392	0.832
0.398	8.380	0.824
0.398	8.373	0.834
0.398	8.369	0.854
0.397	8.365	0.802
0.397	8.361	0.815
0.397	8.358	0.809
0.397	8.346	0.817
0.396	8.333	0.830
0.396	8.326	0.814
0.395	8.311	0.823
0.394	8.289	0.820
0.394	8.284	0.827
0.394	8.282	0.822
0.394	8.280	0.836
0.394	8.279	0.822
0.393	8.271	0.819
0.393	8.258	0.812
0.393	8.255	0.829
0.393	8.256	0.817
0.393	8.255	0.829
0.393	8.256	0.811
0.393	8.252	0.836
0.392	8.244	0.820
0.392	8.228	0.825
0.391	8.215	0.816
0.391	8.209	0.843
0.391	8.208	0.816
0.389	8.184	0.871
0.388	8.146	0.841
0.387	8.132	0.836
0.387	8.117	0.844
0.386	8.107	0.846
0.386	8.101	0.844
0.386	8.099	0.858
0.386	8.100	0.756
0.386	8.092	0.838
0.385	8.081	0.839
0.385	8.073	0.850
0.385	8.071	0.836
0.384	8.065	0.848
0.384	8.057	0.853
0.384	8.053	0.839
0.384	8.050	0.843
0.384	8.042	0.838
0.383	8.026	0.850
0.383	8.021	0.883
0.382	8.011	0.855
0.382	7.995	0.875
0.381	7.988	0.854
0.381	7.979	0.858
0.380	7.956	0.850
0.379	7.938	0.882
0.379	7.925	0.869
0.378	7.905	0.863
0.377	7.889	0.867
0.377	7.877	0.857
0.376	7.865	0.863
0.376	7.847	0.896
0.375	7.833	0.868
0.375	7.823	0.864
0.375	7.822	0.860
0.374	7.820	0.878
0.374	7.816	0.870
0.374	7.804	0.876
0.373	7.795	0.881
0.373	7.783	0.884
0.373	7.772	0.882
0.372	7.767	0.867
0.371	7.749	0.880
0.370	7.732	0.925
0.370	7.725	0.874
0.369	7.707	0.880
0.369	7.691	0.896
0.368	7.674	0.901
0.367	7.661	0.898
0.367	7.654	0.929
0.367	7.650	0.887
0.367	7.642	0.888
0.366	7.631	0.885
0.366	7.620	0.893
0.366	7.614	0.886
0.366	7.612	0.924
0.365	7.606	0.909
0.365	7.597	0.896
0.364	7.584	0.890
0.364	7.576	0.917
0.363	7.564	0.899
0.363	7.553	0.923
0.363	7.548	0.902
0.363	7.543	0.894
0.363	7.541	0.895
0.363	7.536	0.901
0.362	7.533	0.890
0.362	7.527	0.898
0.362	7.522	0.896
0.362	7.515	0.897
0.361	7.504	0.895
0.361	7.494	0.889
0.360	7.485	0.920
0.360	7.471	0.899
0.359	7.455	0.942
0.359	7.449	0.901
0.359	7.443	0.895
0.358	7.436	0.908
0.358	7.423	0.908
0.358	7.413	0.908
0.357	7.403	0.951
0.357	7.400	0.915
0.357	7.388	0.913
0.356	7.379	0.915
0.356	7.369	0.928
0.355	7.361	0.913
0.355	7.353	0.918
0.354	7.343	0.927
0.354	7.331	0.921
0.354	7.327	0.920
0.354	7.321	0.916
0.353	7.311	0.928
0.353	7.302	0.922
0.352	7.294	0.929
0.352	7.284	0.920
0.351	7.265	0.928
0.350	7.254	0.916
0.350	7.242	0.917
0.349	7.220	0.935
0.349	7.210	0.962
0.348	7.207	0.924
0.348	7.199	0.928
0.347	7.187	0.928
0.347	7.180	0.944
0.347	7.175	0.925
0.346	7.156	0.972
0.346	7.143	0.937
0.345	7.135	0.932
0.345	7.128	0.939
0.345	7.123	0.930
0.345	7.116	0.936
0.344	7.109	0.969
0.344	7.106	0.942
0.344	7.104	0.942
0.344	7.102	0.923
0.344	7.097	0.936
0.343	7.086	0.939
0.343	7.076	0.977
0.342	7.066	0.944
0.342	7.048	0.942
0.341	7.038	0.937
0.341	7.029	0.963
0.340	7.009	0.953
0.339	6.992	0.953
0.339	6.976	0.953
0.338	6.956	0.949
0.337	6.937	0.955
0.337	6.931	0.945
0.336	6.922	0.953
0.336	6.905	0.926
0.335	6.894	0.959
0.335	6.883	0.956
0.334	6.872	0.967
0.334	6.864	0.955
0.334	6.854	0.952
0.333	6.836	0.958
0.332	6.819	1.007
0.331	6.812	0.964
0.331	6.794	0.964
0.330	6.777	0.965
0.328	6.753	0.980
0.327	6.721	0.979
0.326	6.687	1.025
0.325	6.672	0.990
0.325	6.660	0.982
0.324	6.650	0.964
0.323	6.626	1.004
0.321	6.588	0.977
0.321	6.563	1.035
0.320	6.558	0.981
0.319	6.537	0.985
0.318	6.495	0.989
0.316	6.458	0.983
0.315	6.440	1.008
0.315	6.428	1.007
0.314	6.414	1.000
0.314	6.398	0.995
0.313	6.376	1.000
0.312	6.367	1.002
0.312	6.350	0.975
0.310	6.327	1.032
0.309	6.295	0.995
0.308	6.265	1.000
0.307	6.245	1.020
0.306	6.229	1.023
0.305	6.202	1.023
0.304	6.169	1.026
0.302	6.148	1.020
0.300	6.099	1.036
0.298	6.044	1.053
0.296	6.013	1.036
0.295	5.989	1.075
0.293	5.971	1.041
0.292	5.965	1.036
0.292	5.960	1.037
0.291	5.950	1.044
0.289	5.939	1.049
0.288	5.930	1.036
0.287	5.921	1.039
0.286	5.915	1.038
0.285	5.908	1.068
0.284	5.903	1.036
0.283	5.899	1.053
0.283	5.897	1.047
0.282	5.892	1.040
0.281	5.886	1.051
0.280	5.882	1.045
0.279	5.875	1.003
0.277	5.866	1.059
0.275	5.860	1.047
0.274	5.856	1.055
0.274	5.854	1.052
0.274	5.851	1.057
0.273	5.848	1.048
0.272	5.844	1.048
0.271	5.842	1.056
0.271	5.840	1.051
0.271	5.838	1.058
0.270	5.836	1.073
0.270	5.834	1.061
0.269	5.831	1.091
0.268	5.829	1.056
0.268	5.827	1.055
0.267	5.823	1.051
0.267	5.820	1.066
0.266	5.818	1.064
0.266	5.816	1.085
0.266	5.812	1.052
0.266	5.809	1.049
0.266	5.808	1.056
0.266	5.808	1.056
0.266	5.806	1.047
0.266	5.803	1.059
0.266	5.799	1.092
0.266	5.794	1.055
0.266	5.791	1.061
0.266	5.787	1.054
0.266	5.782	1.049
0.266	5.780	1.017
0.266	5.777	1.060
0.266	5.773	1.063
0.266	5.772	1.059
0.266	5.770	1.056
0.266	5.767	1.058
0.266	5.762	1.059
0.266	5.760	1.054
0.266	5.757	1.082
0.266	5.755	1.055
0.266	5.753	1.045
0.266	5.749	1.054
0.266	5.747	1.057
0.266	5.745	1.062
0.266	5.745	1.098
0.266	5.745	1.059
0.266	5.746	1.052
0.266	5.745	1.050
0.266	5.745	1.069
0.266	5.746	1.056
0.266	5.745	1.058
0.266	5.745	1.087
0.266	5.745	1.059
0.266	5.745	1.057
0.266	5.746	1.058
0.266	5.745	1.060
0.266	5.745	1.064
0.266	5.746	1.058
0.266	5.746	1.051
0.266	5.745	1.057
0.266	5.745	1.052
0.266	5.745	1.057
0.266	5.746	1.015
0.266	5.745	1.071
0.266	5.746	1.093
0.266	5.745	1.059
0.266	5.746	1.056
0.266	5.746	1.052
0.266	5.745	1.065
0.266	5.746	1.052
0.266	5.745	1.055
0.266	5.745	1.062
0.266	5.746	1.056
0.266	5.745	1.063
0.266	5.745	1.061
0.266	5.745	1.055
0.266	5.745	1.059
0.266	5.745	1.087
0.266	5.745	1.054
0.266	5.745	1.062
0.266	5.746	1.058
0.266	5.745	1.058
0.266	5.745	1.066
0.266	5.745	1.061
0.266	5.745	1.051
0.266	5.746	1.047
0.266	5.745	1.056
0.266	5.745	1.055
0.266	5.745	1.061
0.266	5.745	1.055
0.266	5.745	1.089
0.266	5.745	1.053
0.266	5.745	1.053
0.266	5.745	1.067
0.266	5.745	1.020
0.266	5.745	1.072
0.266	5.745	1.053
0.266	5.746	1.051
0.267	5.745	1.367
0.266	5.745	1.049
0.266	5.746	1.056
0.266	5.745	1.055
0.266	5.745	1.057
0.266	5.745	1.096
0.266	5.745	1.058
0.266	5.745	1.057
0.266	5.745	1.067
0.266	5.745	1.059
0.266	5.745	1.050
0.266	5.745	1.096
0.266	5.745	1.060
0.266	5.745	1.055
0.266	5.745	1.053
0.266	5.745	1.059
0.266	5.745	1.060
0.266	5.745	1.053
0.266	5.745	1.055
0.266	5.745	1.055
0.266	5.745	1.056
0.266	5.745	1.064
0.266	5.745	1.059
0.266	5.746	1.049
0.266	5.745	1.093
0.266	5.746	1.054
0.266	5.745	1.053
0.266	5.745	1.055
0.266	5.745	1.054
0.266	5.745	1.061
0.266	5.745	1.054
0.266	5.745	1.064
0.266	5.746	1.053
0.266	5.745	1.052
0.266	5.746	1.051
0.266	5.745	1.058
0.266	5.745	1.055
0.266	5.746	1.089
0.266	5.746	1.047
0.266	5.745	1.069
0.266	5.745	1.051
0.266	5.745	1.068
0.266	5.745	1.062
0.266	5.745	1.088
0.266	5.745	1.047
0.266	5.745	1.058
0.266	5.745	1.075
0.266	5.745	1.053
0.266	5.745	1.053
0.266	5.745	1.057
0.266	5.747	1.089
0.266	5.751	1.045
0.266	5.754	1.051
0.266	5.757	1.054
0.266	5.757	1.054
0.266	5.758	1.039
0.266	5.759	1.052
0.266	5.762	1.060
0.266	5.767	1.046
0.266	5.771	1.067
0.266	5.773	0.957
0.266	5.775	1.027
0.266	5.777	1.041
0.266	5.782	1.094
0.266	5.792	1.053
0.266	5.802	1.039
0.266	5.808	1.038
0.267	5.811	1.054
0.267	5.812	1.053
0.267	5.813	1.077
0.268	5.815	1.047
0.268	5.818	1.052
0.268	5.820	1.060
0.269	5.822	1.054
0.270	5.825	1.048
0.270	5.829	1.043
0.271	5.831	1.045
0.272	5.834	1.053
0.272	5.834	1.050
0.272	5.835	1.049
0.273	5.838	1.040
0.272	5.839	1.075
0.273	5.840	1.055
0.273	5.842	1.044
0.273	5.842	1.059
0.274	5.844	1.049
0.275	5.849	1.039
0.277	5.855	1.049
0.279	5.861	1.042
0.280	5.866	1.037
0.281	5.870	1.002
0.282	5.875	1.060
0.283	5.879	1.036
0.284	5.886	1.032
0.286	5.893	1.047
0.287	5.899	1.036
0.287	5.902	1.041
0.288	5.909	1.039
0.290	5.917	1.043
0.291	5.926	1.022
0.291	5.931	1.047
0.292	5.936	1.042
0.294	5.947	1.045
0.295	5.956	1.029
0.297	5.974	1.037
0.298	5.987	1.066
0.299	5.995	1.043
0.300	6.008	1.031
0.300	6.017	1.038
0.301	6.026	1.030
0.301	6.036	1.040
0.302	6.058	1.024
0.303	6.079	1.024
0.305	6.121	1.032
0.305	6.142	1.028
0.307	6.169	1.021
0.308	6.200	1.010
0.309	6.218	1.026
0.309	6.230	1.015
0.310	6.241	0.995
0.310	6.255	1.008
0.311	6.280	0.992
0.312	6.300	0.989
0.314	6.330	0.991
0.315	6.355	0.991
0.316	6.389	0.983
0.318	6.426	0.991
0.319	6.445	0.976
0.319	6.457	0.978
0.320	6.477	0.980
0.320	6.489	0.977
0.321	6.501	0.994
0.321	6.516	0.971
0.322	6.530	0.977
0.323	6.551	0.972
0.323	6.565	0.977
0.324	6.589	0.990
0.324	6.595	0.982
0.325	6.608	0.979
0.326	6.633	0.977
0.327	6.654	0.973
0.328	6.670	0.957
0.328	6.684	0.969
0.329	6.703	0.986
0.330	6.725	0.961
0.331	6.753	0.961
0.333	6.775	0.968
0.334	6.808	0.965
0.336	6.842	0.934
0.337	6.876	0.955
0.339	6.905	0.946
0.339	6.930	0.962
0.339	6.934	0.975
0.340	6.953	0.941
0.341	6.972	0.935
0.342	6.999	0.943
0.342	7.014	0.940
0.343	7.027	0.932
0.344	7.045	0.960
0.345	7.071	0.921
0.346	7.093	0.934
0.347	7.112	0.938
0.347	7.122	0.923
0.348	7.139	0.914
0.349	7.163	0.954
0.350	7.189	0.923
0.351	7.205	0.931
0.352	7.230	0.910
0.353	7.259	0.914
0.355	7.295	0.911
0.357	7.328	0.948
0.358	7.359	0.909
0.359	7.376	0.915
0.360	7.398	0.910
0.361	7.435	0.896
0.361	7.453	0.897
0.362	7.470	0.891
0.363	7.491	0.837
0.363	7.499	0.895
0.364	7.518	0.887
0.365	7.539	0.888
0.366	7.578	0.890
0.367	7.597	0.890
0.367	7.606	0.881
0.368	7.611	0.890
0.368	7.619	0.883
0.368	7.636	0.881
0.369	7.648	0.884
0.369	7.662	0.870
0.370	7.673	0.864
0.371	7.686	0.889
0.371	7.695	0.876
0.371	7.705	0.876
0.372	7.723	0.869
0.373	7.734	0.870
0.373	7.749	0.873
0.374	7.763	0.873
0.375	7.781	0.877
0.376	7.806	0.864
0.377	7.831	0.854
0.379	7.861	0.861
0.381	7.916	0.863
0.382	7.951	0.851
0.382	7.953	0.841
0.383	7.973	0.854
0.383	7.986	0.872
0.384	8.000	0.792
0.384	8.011	0.845
0.385	8.028	0.846
0.387	8.061	0.845
0.388	8.092	0.832
0.389	8.119	0.840
0.390	8.139	0.854
0.391	8.168	0.838
0.392	8.187	0.831
0.393	8.205	0.826
0.394	8.225	0.857
0.395	8.258	0.817
0.396	8.284	0.826
0.398	8.324	0.816
0.400	8.366	0.816
0.401	8.390	0.817
0.402	8.423	0.803
0.403	8.449	0.834
0.404	8.474	0.808
0.404	8.493	0.807
0.405	8.512	0.803
0.407	8.548	0.835
0.408	8.578	0.790
0.409	8.591	0.797
0.409	8.601	0.789
0.409	8.613	0.777
0.410	8.636	0.779
0.411	8.658	0.827
0.412	8.674	0.778
0.412	8.686	0.790
0.413	8.705	0.781
0.414	8.726	0.783
0.416	8.759	0.771
0.418	8.793	0.795
0.418	8.816	0.769
0.419	8.838	0.784
0.420	8.856	0.784
0.421	8.873	0.768
0.421	8.895	0.782
0.422	8.905	0.779
0.422	8.913	0.783
0.422	8.922	0.768
0.423	8.934	0.773
0.423	8.946	0.762
0.424	8.964	0.763
0.425	8.987	0.783
0.426	9.010	0.767
0.427	9.035	0.759
0.429	9.066	0.743
0.430	9.086	0.752
0.430	9.102	0.740
0.431	9.125	0.799
0.432	9.141	0.769
0.433	9.159	0.753
0.434	9.179	0.749
0.436	9.219	0.737
0.438	9.269	0.752
0.439	9.297	0.727
0.440	9.318	0.743
0.440	9.331	0.723
0.441	9.344	0.734
0.441	9.358	0.729
0.442	9.372	0.721
0.442	9.385	0.746
0.442	9.398	0.729
0.443	9.407	0.733
0.443	9.416	0.701
0.444	9.434	0.709
0.444	9.450	0.718
0.446	9.480	0.756
0.447	9.502	0.715
0.447	9.516	0.714
0.448	9.528	0.713
0.448	9.535	0.700
0.448	9.544	0.711
0.449	9.552	0.738
0.449	9.560	0.715
0.449	9.569	0.698
0.450	9.583	0.698
0.451	9.598	0.700
0.451	9.610	0.695
0.452	9.623	0.727
0.453	9.639	0.710
0.454	9.662	0.704
0.455	9.683	0.704
0.456	9.707	0.697
0.458	9.743	0.694
0.458	9.759	0.693
0.459	9.779	0.693
0.459	9.793	0.679
0.460	9.811	0.672
0.461	9.828	0.676
0.461	9.843	0.678
0.462	9.859	0.687
0.462	9.874	0.671
0.463	9.884	0.688
0.463	9.895	0.666
0.464	9.905	0.677
0.464	9.913	0.680
0.464	9.921	0.703
0.465	9.929	0.685
0.465	9.940	0.679
0.466	9.956	0.681
0.467	9.982	0.664
0.468	10.002	0.669
0.468	10.016	0.720
0.469	10.028	0.668
0.469	10.038	0.660
0.470	10.054	0.667
0.471	10.072	0.667
0.471	10.084	0.646
0.472	10.094	0.660
0.472	10.103	0.658
0.473	10.112	0.669
0.473	10.119	0.648
0.473	10.133	0.651
0.474	10.144	0.655
0.474	10.153	0.646
0.475	10.161	0.631
0.476	10.183	0.658
0.477	10.200	0.648
0.477	10.217	0.636
0.477	10.227	0.638
0.479	10.248	0.659
0.480	10.267	0.657
0.480	10.290	0.637
0.481	10.304	0.642
0.481	10.316	0.640
0.482	10.333	0.638
0.483	10.350	0.636
0.483	10.363	0.673
0.484	10.376	0.631
0.484	10.391	0.634
0.485	10.409	0.622
0.486	10.421	0.636
0.486	10.431	0.618
0.486	10.439	0.669
0.487	10.460	0.649
0.488	10.477	0.630
0.489	10.487	0.625
0.489	10.498	0.623
0.489	10.507	0.625
0.490	10.518	0.661
0.491	10.541	0.624
0.492	10.556	0.615
0.493	10.576	0.610
0.494	10.596	0.612
0.494	10.608	0.615
0.495	10.628	0.632
0.496	10.651	0.616
0.498	10.677	0.622
0.498	10.686	0.611
0.499	10.692	0.900
0.500	10.725	0.603
0.501	10.744	0.641
0.501	10.768	0.603
0.502	10.781	0.595
0.502	10.796	0.606
0.502	10.808	0.599
0.503	10.816	0.595
0.503	10.827	0.604
0.504	10.843	0.619
0.505	10.871	0.591
0.506	10.902	0.606
0.508	10.939	0.598
0.510	10.978	0.579
0.510	10.989	0.573
0.511	10.999	0.585
0.511	11.006	0.586
0.512	11.015	0.570
0.512	11.028	0.584
0.512	11.035	0.569
0.513	11.047	0.574
0.513	11.049	0.610
0.514	11.059	0.578
0.514	11.069	0.564
0.515	11.081	0.566
0.516	11.104	0.612
0.516	11.125	0.528
0.517	11.133	0.616
0.518	11.158	0.562
0.520	11.197	0.565
0.521	11.222	0.566
0.521	11.239	0.553
0.522	11.257	0.555
0.523	11.273	0.607
0.523	11.290	0.563
0.524	11.307	0.555
0.524	11.318	0.548
0.525	11.331	0.552
0.525	11.347	0.540
0.526	11.360	0.578
0.526	11.368	0.547
0.526	11.373	0.549
0.527	11.385	0.536
0.528	11.407	0.536
0.529	11.427	0.548
0.529	11.438	0.580
0.530	11.457	0.553
0.530	11.469	0.535
0.531	11.480	0.528
0.531	11.490	0.527
0.532	11.501	0.541
0.532	11.508	0.534
0.533	11.514	0.537
0.534	11.530	0.532
0.534	11.550	0.540
0.535	11.566	0.517
0.536	11.579	0.524
0.536	11.587	0.523
0.536	11.590	0.583
0.537	11.607	0.514
0.537	11.619	0.525
0.538	11.633	0.522
0.538	11.648	0.516
0.539	11.656	0.539
0.539	11.663	0.565
0.539	11.675	0.527
0.540	11.683	0.514
0.540	11.693	0.518
0.541	11.705	0.520
0.541	11.718	0.523
0.541	11.725	0.505
0.542	11.733	0.532
0.542	11.743	0.508
0.543	11.752	0.504
0.543	11.760	0.502
0.543	11.770	0.508
0.543	11.778	0.505
0.543	11.778	0.542
0.544	11.788	0.499
0.544	11.794	0.512
0.544	11.801	0.510
0.544	11.805	0.504
0.545	11.812	0.498
0.545	11.824	0.540
0.546	11.848	0.516
0.547	11.863	0.502
0.548	11.878	0.502
0.549	11.900	0.514
0.550	11.926	0.382
0.551	11.943	0.498
0.553	11.984	0.489
0.556	12.028	0.490
0.557	12.068	0.494
0.558	12.086	0.480
0.558	12.096	0.486
0.558	12.093	0.539
0.559	12.113	0.475
0.560	12.133	0.466
0.560	12.155	0.481
0.561	12.166	0.468
0.561	12.172	0.478
0.561	12.181	0.503
0.561	12.192	0.473
0.562	12.197	0.471
0.562	12.200	0.467
0.562	12.206	0.461
0.562	12.213	0.475
0.562	12.216	0.520
0.563	12.227	0.460
0.563	12.232	0.475
0.563	12.243	0.462
0.564	12.253	0.467
0.564	12.260	0.466
0.565	12.269	0.491
0.565	12.273	0.477
0.565	12.284	0.463
0.566	12.298	0.463
0.567	12.320	0.451
0.568	12.340	0.435
0.569	12.368	0.454
0.570	12.383	0.468
0.570	12.390	0.463
0.570	12.395	0.466
0.571	12.411	0.454
0.571	12.420	0.455
0.572	12.433	0.461
0.572	12.443	0.468
0.572	12.448	0.460
0.573	12.461	0.459
0.574	12.474	0.443
0.574	12.491	0.460
0.574	12.496	0.450
0.575	12.500	0.496
0.575	12.516	0.433
0.576	12.529	0.432
0.576	12.538	0.432
0.577	12.554	0.443
0.578	12.575	0.439
0.579	12.590	0.464
0.579	12.599	0.445
0.580	12.610	0.422
0.580	12.629	0.418
0.581	12.651	0.432
0.582	12.676	0.436
0.583	12.683	0.476
0.583	12.694	0.420
0.583	12.701	0.418
0.584	12.716	0.417
0.584	12.722	0.414
0.584	12.733	0.420
0.585	12.744	0.454
0.585	12.756	0.428
0.586	12.767	0.416
0.586	12.775	0.429
0.586	12.781	0.414
0.587	12.789	0.420
0.587	12.793	0.441
0.588	12.810	0.418
0.588	12.825	0.411
0.589	12.841	0.415
0.590	12.853	0.422
0.590	12.862	0.411
0.590	12.869	0.409
0.590	12.876	0.425
0.591	12.881	0.406
0.591	12.890	0.398
0.591	12.894	0.415
0.592	12.907	0.393
0.592	12.921	0.402
0.593	12.927	0.460
0.593	12.944	0.385
0.593	12.946	0.396
0.594	12.950	0.402
0.594	12.955	0.392
0.595	12.963	0.391
0.595	12.981	0.396
0.596	12.996	0.393
0.596	13.004	0.394
0.597	13.018	0.400
0.597	13.037	0.346
0.598	13.046	0.387
0.598	13.056	0.396
0.599	13.063	0.401
0.599	13.074	0.390
0.600	13.081	0.384
0.600	13.093	0.392
0.601	13.123	0.388
0.602	13.139	0.376
0.602	13.146	0.412
0.603	13.160	0.388
0.603	13.175	0.382
0.604	13.187	0.370
0.605	13.201	0.396
0.605	13.215	0.377
0.606	13.234	0.418
0.607	13.259	0.373
0.608	13.267	0.383
0.608	13.280	0.365
0.608	13.293	0.365
0.609	13.303	0.358
0.609	13.313	0.399
0.610	13.325	0.367
0.611	13.343	0.365
0.611	13.356	0.373
0.612	13.377	0.364
0.613	13.388	0.373
0.613	13.399	0.380
0.614	13.423	0.366
0.615	13.436	0.368
0.616	13.449	0.351
0.616	13.465	0.309
0.617	13.487	0.353
0.618	13.508	0.358
0.618	13.516	0.356
0.618	13.524	0.352
0.619	13.533	0.351
0.619	13.539	0.354
0.620	13.555	0.353
0.620	13.569	0.361
0.621	13.577	0.355
0.621	13.588	0.354
0.622	13.603	0.342
0.622	13.618	0.353
0.623	13.639	0.351
0.624	13.656	0.336
0.624	13.659	0.381
0.624	13.668	0.351
0.624	13.674	0.335
0.625	13.682	0.338
0.625	13.687	0.324
0.625	13.694	0.328
0.626	13.713	0.362
0.627	13.735	0.320
0.628	13.749	0.333
0.629	13.766	0.328
0.629	13.781	0.333
0.630	13.793	0.327
0.630	13.807	0.331
0.631	13.817	0.342
0.631	13.823	0.321
0.631	13.835	0.280
0.632	13.839	0.331
0.632	13.846	0.325
0.632	13.855	0.342
0.633	13.870	0.362
0.634	13.889	0.320
0.634	13.897	0.327
0.634	13.905	0.328
0.635	13.913	0.322
0.635	13.919	0.311
0.635	13.918	0.322
0.635	13.924	0.317
0.636	13.934	0.313
0.636	13.941	0.322
0.636	13.950	0.316
0.636	13.955	0.327
0.637	13.959	0.351
0.637	13.975	0.314
0.638	13.985	0.328
0.638	14.000	0.314
0.639	14.011	0.309
0.639	14.017	0.314
0.640	14.026	0.354
0.640	14.044	0.312
0.641	14.069	0.308
0.642	14.089	0.295
0.642	14.097	0.313
0.643	14.103	0.291
0.643	14.108	0.306
0.643	14.115	0.303
0.644	14.124	0.301
0.644	14.129	0.261
0.644	14.128	0.291
0.644	14.127	0.297
0.644	14.127	0.300
0.644	14.124	0.326
0.644	14.129	0.295
0.644	14.149	0.295
0.645	14.164	0.301
0.644	14.141	0.290
0.642	14.086	0.306
0.640	14.031	0.357
0.640	14.034	0.325
0.641	14.067	0.304
0.642	14.102	0.300
0.643	14.119	0.300
0.644	14.128	0.291
0.644	14.140	0.329
0.645	14.161	0.304
0.647	14.190	0.282
0.649	14.235	0.290
0.650	14.270	0.295
0.651	14.294	0.299
0.652	14.312	0.314
0.652	14.320	0.287
0.653	14.329	0.282
0.653	14.343	0.281
0.654	14.360	0.275
0.655	14.379	0.284
0.656	14.393	0.316
0.656	14.407	0.268
0.656	14.415	0.235
0.656	14.424	0.276
0.656	14.433	0.273
0.657	14.446	0.286
0.657	14.453	0.297
0.658	14.465	0.272
0.658	14.477	0.263
0.659	14.493	0.267
0.660	14.505	0.271
0.660	14.517	0.259
0.661	14.548	0.256
0.663	14.578	0.266
0.663	14.595	0.258
0.664	14.606	0.256
0.665	14.622	0.253
0.665	14.631	0.268
0.666	14.642	0.276
0.666	14.663	0.251
0.667	14.680	0.258
0.667	14.691	0.244
0.668	14.705	0.242
0.668	14.717	0.250
0.669	14.724	0.239
0.669	14.730	0.250
0.669	14.741	0.245
0.670	14.750	0.253
0.670	14.762	0.243
0.670	14.770	0.244
0.670	14.776	0.248
0.671	14.782	0.251
0.671	14.788	0.235
0.671	14.795	0.231
0.672	14.798	0.241
0.672	14.809	0.245
0.673	14.836	0.229
0.674	14.849	0.266
0.675	14.872	0.230
0.675	14.878	0.239
0.676	14.888	0.230
0.676	14.902	0.232
0.678	14.939	0.230
0.679	14.958	0.260
0.680	14.982	0.211
0.681	15.013	0.230
0.681	15.029	0.211
0.681	15.036	0.221
0.682	15.042	0.212
0.682	15.055	0.228
0.683	15.067	0.212
0.683	15.072	0.214
0.683	15.082	0.207
0.684	15.090	0.223
0.684	15.099	0.228
0.685	15.109	0.246
0.685	15.132	0.216
0.686	15.142	0.205
0.687	15.149	0.222
0.687	15.167	0.215
0.688	15.194	0.206
0.689	15.211	0.238
0.691	15.240	0.209
0.691	15.263	0.134
0.692	15.284	0.196
0.693	15.308	0.190
0.694	15.324	0.206
0.695	15.338	0.199
0.695	15.281	0.793
0.696	15.366	0.183
0.697	15.389	0.191
0.697	15.402	0.197
0.698	15.414	0.192
0.698	15.431	0.177
0.699	15.449	0.179
0.700	15.467	0.189
0.701	15.488	0.181
0.701	15.505	0.170
0.702	15.521	0.197
0.703	15.547	0.190
0.704	15.562	0.187
0.705	15.581	0.190
0.705	15.594	0.163
0.706	15.608	0.169
0.706	15.620	0.172
0.706	15.628	0.163
0.707	15.641	0.172
0.708	15.657	0.156
0.708	15.667	0.153
0.709	15.689	0.154
0.710	15.713	0.151
0.711	15.733	0.142
0.712	15.745	0.190
0.713	15.766	0.115
0.713	15.778	0.151
0.714	15.794	0.155
0.715	15.813	0.154
0.716	15.836	0.133
0.716	15.845	0.179
0.717	15.859	0.139
0.718	15.880	0.142
0.719	15.902	0.125
0.720	15.924	0.137
0.720	15.941	0.159
0.721	15.960	0.141
0.722	15.984	0.127
0.723	16.012	0.138
0.724	16.038	0.116
0.726	16.069	0.119
0.727	16.093	0.120
0.728	16.109	0.155
0.729	16.139	0.119
0.730	16.158	0.125
0.731	16.191	0.112
0.732	16.216	0.103
0.733	16.237	0.137
0.733	16.242	0.107
0.733	16.242	0.116
0.733	16.244	0.109
0.733	16.244	0.106
0.733	16.245	0.097
0.732	16.244	0.105
0.732	16.244	0.114
0.732	16.244	0.112
0.732	16.246	0.089
0.732	16.246	0.102
0.732	16.246	0.104
0.732	16.245	0.105
0.732	16.246	0.092
0.732	16.241	0.150
0.732	16.246	0.104
0.732	16.245	0.106
0.732	16.246	0.099
0.732	16.246	0.107
0.732	16.247	0.099
0.732	16.246	0.104
0.732	16.247	0.103
0.732	16.247	0.106
0.732	16.247	0.104
0.732	16.247	0.096
0.732	16.246	0.117
0.732	16.247	0.103
0.732	16.243	0.143
0.732	16.247	0.111
0.732	16.247	0.104
0.732	16.247	0.105
0.732	16.247	0.102
0.732	16.248	0.097
0.732	16.243	0.136
0.732	16.247	0.098
0.732	16.247	0.101
0.732	16.246	0.112
0.732	16.247	0.106
0.732	16.247	0.102
0.732	16.248	0.103
0.732	16.255	0.012
0.732	16.249	0.106
0.732	16.250	0.098
0.732	16.250	0.096
0.732	16.250	0.101
0.732	16.250	0.103
0.732	16.249	0.108
0.732	16.250	0.104
0.732	16.250	0.103
0.732	16.250	0.096
0.732	16.248	0.137
0.732	16.249	0.108
0.732	16.245	0.142
0.732	16.251	0.107
0.732	16.251	0.107
0.732	16.252	0.107
0.732	16.253	0.098
0.732	16.253	0.097
0.732	16.252	0.109
0.732	16.253	0.106
0.732	16.254	0.105
0.732	16.254	0.103
0.732	16.254	0.093
0.732	16.252	0.123
0.732	16.253	0.110
0.732	16.249	0.140
0.732	16.253	0.111
0.732	16.254	0.110
0.732	16.255	0.105
0.732	16.255	0.111
0.732	16.255	0.108
0.732	16.253	0.109
0.732	16.255	0.109
0.732	16.256	0.103
0.732	16.256	0.098
0.732	16.256	0.097
0.732	16.256	0.105
0.732	16.256	0.102
0.732	16.256	0.102
0.732	16.256	0.108
0.732	16.255	0.107
0.732	16.255	0.104
0.732	16.255	0.108
0.732	16.255	0.108
0.732	16.254	0.121
0.732	16.253	0.126
0.732	16.254	0.119
0.732	16.255	0.104
0.732	16.254	0.120
0.732	16.270	0.097
0.733	16.272	0.138
0.733	16.283	0.102
0.745	16.500	0.087
0.761	16.800	0.067
0.769	16.986	0.054
0.775	17.117	0.077
0.778	17.204	0.029
0.777	17.207	0.012
0.776	17.205	0.036
0.776	17.207	0.014
0.775	17.211	-0.044
0.775	17.207	0.021
0.774	17.207	0.012
0.774	17.208	0.006
0.774	17.208	0.013
0.774	17.208	0.015
0.774	17.203	0.048
0.774	17.207	0.013
0.774	17.207	0.016
0.774	17.208	0.010
0.774	17.208	0.013
0.773	17.206	0.035
0.774	17.207	0.017
0.773	17.206	0.031
0.773	17.207	0.015
0.773	17.207	0.020
0.773	17.208	0.013
0.773	17.207	0.008
0.773	17.207	0.015
0.773	17.203	0.054
0.773	17.207	0.024
0.773	17.207	0.018
0.773	17.208	0.013
0.773	17.206	0.027
0.773	17.207	0.023
0.773	17.203	0.052
0.773	17.207	0.022
0.773	17.207	0.018
0.773	17.207	0.016
0.773	17.207	0.019
0.773	17.208	0.015
0.773	17.211	-0.034
0.773	17.206	0.028
0.773	17.207	0.013
0.773	17.208	0.016
0.773	17.207	0.020
0.773	17.207	0.016
0.773	17.207	0.011
0.773	17.203	0.057
0.773	17.208	0.014
0.773	17.208	0.011
0.773	17.208	0.011
0.773	17.207	0.020
0.773	17.208	0.014
0.773	17.203	0.050
0.773	17.205	0.038
0.773	17.208	0.012
0.773	17.208	0.013
0.773	17.207	0.037
0.773	17.209	0.009
0.773	17.209	0.017
0.773	17.208	0.035
0.773	17.209	0.014
0.773	17.209	0.007
0.773	17.209	0.012
0.773	17.209	0.016
0.773	17.209	0.012
0.773	17.204	0.059
0.773	17.209	0.018
0.773	17.210	0.017
0.773	17.209	0.019
0.773	17.208	0.022
0.773	17.212	-0.020
0.773	17.203	0.067
0.773	17.209	0.015
0.773	17.210	0.014
0.773	17.210	0.006
0.773	17.209	0.018
0.773	17.208	0.029
0.773	17.209	0.015
0.773	17.209	0.021
0.773	17.210	0.010
0.773	17.209	0.018
0.773	17.206	0.055
0.773	17.208	0.025
0.773	17.209	0.020
0.773	17.203	0.071
0.773	17.209	0.023
0.773	17.209	0.021
0.773	17.209	0.015
0.773	17.210	0.010
0.773	17.209	0.025
0.773	17.207	0.045
0.774	17.217	0.018
0.774	17.224	0.019
0.774	17.234	0.018
0.774	17.245	0.020
0.774	17.253	0.011
0.774	17.260	0.015
0.776	17.279	0.026
0.783	17.406	0.017
0.788	17.518	0.014
0.789	17.549	-0.043
0.789	17.545	0.007
0.788	17.546	0.002
0.788	17.547	-0.008
0.788	17.546	0.002
0.788	17.545	0.017
0.788	17.547	-0.005
0.787	17.546	-0.010
0.787	17.546	0.001
0.787	17.546	-0.006
0.787	17.546	-0.001
0.787	17.546	-0.006
0.787	17.546	-0.007
0.787	17.546	-0.009
0.787	17.541	0.035
0.787	17.545	-0.003
0.788	17.552	-0.013
0.787	17.552	0.004
0.788	17.560	-0.010
0.788	17.562	-0.007
0.788	17.563	0.024
0.788	17.573	-0.016
0.788	17.573	-0.003
0.788	17.573	-0.008
0.788	17.574	-0.013
0.788	17.579	-0.014
0.788	17.588	-0.014
0.789	17.598	-0.000
0.790	17.624	-0.020
0.791	17.637	-0.011
0.791	17.645	-0.014
0.791	17.653	-0.074
0.791	17.652	-0.016
0.792	17.650	0.011
0.792	17.658	-0.021
0.792	17.666	-0.020
0.792	17.672	-0.022
0.793	17.678	-0.016
0.794	17.688	-0.023
0.794	17.684	0.031
0.794	17.691	-0.017
0.794	17.693	-0.028
0.794	17.696	-0.024
0.794	17.702	-0.017
0.794	17.709	-0.024
0.794	17.712	-0.006
0.794	17.715	-0.007
0.794	17.717	-0.026
0.794	17.719	-0.022
0.794	17.723	-0.022
0.794	17.725	-0.020
0.795	17.733	-0.021
0.796	17.741	0.002
0.796	17.745	-0.022
0.796	17.745	-0.019
0.796	17.746	-0.004
0.796	17.751	-0.022
0.796	17.753	-0.014
0.796	17.752	0.019
0.796	17.760	-0.014
0.797	17.771	-0.027
0.797	17.777	-0.021
0.797	17.784	-0.067
0.797	17.786	-0.023
0.797	17.789	-0.032
0.798	17.793	-0.032
0.797	17.798	-0.029
0.798	17.808	-0.029
0.799	17.825	-0.021
0.799	17.828	-0.017
0.799	17.825	0.004
0.799	17.830	-0.031
0.799	17.833	-0.028
0.799	17.835	-0.017
0.800	17.841	-0.029
0.801	17.857	-0.032
0.802	17.878	-0.019
0.802	17.885	-0.024
0.802	17.889	-0.032
0.802	17.891	-0.040
0.802	17.892	-0.023
0.802	17.898	-0.035
0.802	17.902	-0.025
0.802	17.905	-0.007
0.804	17.931	-0.026
0.804	17.938	-0.031
0.804	17.942	-0.033
0.804	17.944	-0.031
0.804	17.949	-0.034
0.805	17.967	-0.012
0.805	17.973	-0.038
0.805	17.980	-0.044
0.805	17.982	-0.031
0.806	17.995	-0.072
0.807	18.009	-0.047
0.807	18.012	-0.050
0.807	18.017	-0.047
0.807	18.020	-0.047
0.808	18.042	-0.055
0.810	18.082	-0.054
0.811	18.095	-0.044
0.811	18.098	-0.047
0.810	18.097	-0.009
0.810	18.106	-0.047
0.810	18.110	-0.051
0.810	18.110	-0.037
0.810	18.115	-0.058
0.810	18.116	-0.042
0.811	18.115	-0.027
0.811	18.122	-0.056
0.812	18.135	-0.056
0.812	18.141	-0.056
0.812	18.142	-0.052
0.812	18.144	-0.058
0.812	18.145	-0.054
0.812	18.147	-0.066
0.812	18.150	-0.064
0.812	18.152	-0.062
0.812	18.156	-0.070
0.812	18.160	-0.056
0.813	18.166	-0.040
0.814	18.180	-0.052
0.814	18.184	-0.063
0.814	18.185	-0.054
0.814	18.192	-0.102
0.814	18.193	-0.050
0.814	18.199	-0.067
0.815	18.206	-0.016
0.815	18.218	-0.066
0.815	18.218	-0.058
0.815	18.219	-0.041
0.816	18.164	0.374
0.817	18.247	-0.051
0.817	18.251	-0.010
0.817	18.267	-0.063
0.818	18.283	-0.060
0.818	18.287	-0.062
0.819	18.301	-0.067
0.820	18.324	-0.058
0.820	18.326	-0.029
0.821	18.334	-0.069
0.820	18.336	-0.071
0.820	18.335	-0.038
0.820	18.339	-0.057
0.821	18.354	-0.072
0.822	18.372	-0.071
0.822	18.374	-0.070
0.822	18.376	-0.077
0.822	18.377	-0.068
0.822	18.380	-0.072
0.823	18.395	-0.080
0.824	18.407	-0.084
0.824	18.406	-0.042
0.824	18.420	-0.084
0.825	18.431	-0.077
0.825	18.439	-0.158
0.825	18.437	-0.040
0.825	18.449	-0.079
0.826	18.458	-0.057
0.827	18.476	-0.075
0.827	18.483	-0.097
0.827	18.486	-0.087
0.827	18.488	-0.077
0.827	18.494	-0.087
0.828	18.494	-0.056
0.828	18.504	-0.087
0.828	18.514	-0.086
0.829	18.532	-0.091
0.829	18.536	-0.088
0.829	18.539	-0.098
0.829	18.534	-0.071
0.829	18.545	-0.092
0.831	18.572	-0.094
0.832	18.592	-0.099
0.832	18.596	-0.074
0.832	18.600	-0.093
0.832	18.602	-0.091
0.832	18.603	-0.089
0.832	18.607	-0.099
0.832	18.608	-0.080
0.832	18.615	-0.106
0.832	18.624	-0.094
0.833	18.633	-0.086
0.833	18.632	-0.044
0.833	18.647	-0.101
0.833	18.652	-0.098
0.835	18.672	-0.158
0.835	18.677	-0.085
0.835	18.688	-0.095
0.836	18.700	-0.066
0.837	18.720	-0.102
0.838	18.732	-0.108
0.838	18.738	-0.108
0.839	18.752	-0.115
0.839	18.760	-0.111
0.840	18.782	-0.117
0.841	18.800	-0.102
0.842	18.824	-0.111
0.842	18.833	-0.125
0.842	18.836	-0.128
0.842	18.839	-0.124
0.842	18.847	-0.132
0.843	18.856	-0.105
0.844	18.874	-0.123
0.844	18.883	-0.100
0.845	18.901	-0.125
0.846	18.917	-0.131
0.846	18.928	-0.138
0.847	18.933	-0.084
0.847	18.950	-0.127
0.847	18.962	-0.139
0.848	18.985	-0.140
0.848	18.989	-0.134
0.850	19.012	-0.131
0.851	19.040	-0.151
0.851	19.047	-0.139
0.851	19.052	-0.138
0.852	19.069	-0.241
0.852	19.075	-0.151
0.852	19.079	-0.143
0.852	19.083	-0.146
0.852	19.084	-0.133
0.852	19.088	-0.145
0.852	19.093	-0.159
0.853	19.099	-0.144
0.854	19.109	-0.146
0.854	19.112	-0.143
0.853	19.116	-0.120
0.854	19.126	-0.140
0.855	19.135	-0.138
0.855	19.146	-0.153
0.855	19.151	-0.145
0.855	19.157	-0.153
0.856	19.164	-0.155
0.856	19.169	-0.160
0.856	19.173	-0.152
0.856	19.179	-0.167
0.857	19.188	-0.151
0.857	19.195	-0.158
0.857	19.196	-0.154
0.857	19.199	-0.155
0.857	19.202	-0.157
0.858	19.208	-0.142
0.858	19.220	-0.157
0.858	19.223	-0.160
0.858	19.225	-0.151
0.858	19.224	-0.111
0.859	19.237	-0.153
0.860	19.276	-0.208
0.860	19.276	-0.161
0.861	19.277	-0.151
0.861	19.281	-0.160
0.861	19.284	-0.171
0.861	19.288	-0.164
0.862	19.303	-0.163
0.862	19.311	-0.168
0.862	19.320	-0.164
0.863	19.334	-0.165
0.863	19.345	-0.170
0.864	19.357	-0.170
0.864	19.373	-0.169
0.864	19.382	-0.178
0.865	19.387	-0.163
0.865	19.397	-0.173
0.866	19.401	-0.170
0.866	19.402	-0.136
0.867	19.430	-0.169
0.868	19.446	-0.165
0.868	19.462	-0.171
0.869	19.477	-0.178
0.871	19.509	-0.196
0.871	19.519	-0.152
0.871	19.528	-0.186
0.871	19.534	-0.180
0.872	19.550	-0.189
0.872	19.558	-0.185
0.872	19.568	-0.196
0.873	19.578	-0.193
0.873	19.585	-0.185
0.873	19.596	-0.236
0.873	19.598	-0.190
0.874	19.603	-0.185
0.875	19.617	-0.203
0.875	19.622	-0.206
0.875	19.619	-0.159
0.875	19.630	-0.189
0.875	19.636	-0.199
0.876	19.644	-0.196
0.877	19.661	-0.191
0.877	19.667	-0.195
0.877	19.670	-0.165
0.878	19.682	-0.200
0.878	19.688	-0.190
0.878	19.701	-0.195
0.879	19.708	-0.192
0.879	19.718	-0.208
0.880	19.740	-0.206
0.881	19.757	-0.191
0.881	19.764	-0.197
0.881	19.767	-0.194
0.881	19.768	-0.204
0.881	19.773	-0.206
0.882	19.782	-0.203
0.883	19.794	-0.174
0.883	19.820	-0.210
0.884	19.825	-0.183
0.884	19.836	-0.203
0.884	19.846	-0.204
0.885	19.863	-0.206
0.886	19.862	-0.180
0.886	19.870	-0.203
0.886	19.874	-0.213
0.886	19.877	-0.210
0.887	19.886	-0.208
0.887	19.894	-0.214
0.887	19.898	-0.211
0.887	19.905	-0.210
0.888	19.924	-0.215
0.888	19.936	-0.221
0.888	19.942	-0.226
0.888	19.948	-0.221
0.889	19.964	-0.231
0.889	19.966	-0.180
0.889	19.974	-0.227
0.889	19.977	-0.227
0.889	19.979	-0.222
0.890	19.984	-0.226
0.891	19.999	-0.238
0.891	20.003	-0.191
0.891	20.012	-0.226
0.891	20.014	-0.210
0.891	20.025	-0.230
0.892	20.039	-0.232
0.893	20.051	-0.232
0.893	20.060	-0.239
0.894	20.069	-0.235
0.894	20.080	-0.239
0.895	20.090	-0.234
0.895	20.098	-0.239
0.895	20.108	-0.239
0.896	20.116	-0.241
0.896	20.112	-0.192
0.896	20.122	-0.231
0.897	20.137	-0.239
0.897	20.145	-0.233
0.897	20.151	-0.245
0.898	20.163	-0.242
0.898	20.164	-0.209
0.898	20.174	-0.245
0.899	20.192	-0.242
0.900	20.208	-0.245
0.900	20.216	-0.244
0.901	20.231	-0.244
0.901	20.245	-0.245
0.902	20.256	-0.251
0.902	20.266	-0.233
0.903	20.283	-0.252
0.903	20.288	-0.254
0.903	20.291	-0.251
0.903	20.298	-0.251
0.904	20.301	-0.223
0.904	20.317	-0.266
0.905	20.328	-0.261
0.906	20.338	-0.260
0.905	20.343	-0.260
0.906	20.349	-0.255
0.906	20.359	-0.227
0.907	20.373	-0.261
0.907	20.380	-0.250
0.907	20.385	-0.246
0.907	20.392	-0.259
0.908	20.399	-0.265
0.908	20.408	-0.264
0.908	20.416	-0.307
0.908	20.419	-0.256
0.909	20.428	-0.266
0.910	20.441	-0.267
0.910	20.445	-0.271
0.909	20.447	-0.261
0.910	20.448	-0.260
0.910	20.450	-0.250
0.910	20.453	-0.261
0.910	20.456	-0.272
0.910	20.457	-0.275
0.910	20.459	-0.267
0.910	20.455	-0.223
0.910	20.462	-0.258
0.910	20.469	-0.265
0.912	20.490	-0.257
0.912	20.500	-0.275
0.912	20.503	-0.277
0.912	20.508	-0.278
0.912	20.513	-0.280
0.912	20.516	-0.268
0.912	20.521	-0.275
0.913	20.531	-0.276
0.913	20.534	-0.274
0.913	20.538	-0.273
0.913	20.533	-0.238
0.913	20.541	-0.273
0.913	20.542	-0.266
0.913	20.546	-0.280
0.913	20.548	-0.277
0.913	20.549	-0.270
0.914	20.549	-0.290
0.914	20.550	-0.268
0.914	20.554	-0.278
0.914	20.558	-0.282
0.914	20.560	-0.280
0.914	20.564	-0.275
0.914	20.567	-0.285
0.915	20.569	-0.269
0.915	20.579	-0.268
0.915	20.585	-0.275
0.915	20.590	-0.269
0.916	20.597	-0.285
0.916	20.603	-0.281
0.916	20.605	-0.245
0.916	20.611	-0.266
0.916	20.614	-0.271
0.916	20.617	-0.283
0.917	20.620	-0.283
0.917	20.624	-0.279
0.917	20.624	-0.239
0.918	20.636	-0.279
0.918	20.641	-0.279
0.918	20.647	-0.278
0.918	20.650	-0.285
0.918	20.652	-0.276
0.919	20.658	-0.279
0.919	20.664	-0.279
0.919	20.667	-0.273
0.919	20.674	-0.279
0.920	20.686	-0.288
0.920	20.691	-0.279
0.920	20.694	-0.290
0.920	20.698	-0.299
0.920	20.700	-0.278
0.920	20.707	-0.302
0.921	20.716	-0.298
0.921	20.722	-0.292
0.921	20.727	-0.299
0.921	20.729	-0.256
0.922	20.746	-0.276
0.923	20.758	-0.295
0.923	20.767	-0.301
0.923	20.771	-0.288
0.923	20.777	-0.297
0.923	20.782	-0.301
0.924	20.794	-0.293
0.925	20.803	-0.300
0.925	20.811	-0.297
0.926	20.825	-0.302
0.926	20.835	-0.293
0.926	20.843	-0.298
0.927	20.851	-0.265
0.927	20.864	-0.297
0.927	20.868	-0.309
0.927	20.872	-0.300
0.927	20.878	-0.305
0.928	20.887	-0.308
0.928	20.888	-0.273
0.928	20.898	-0.310
0.928	20.899	-0.280
0.928	20.906	-0.295
0.929	20.916	-0.314
0.929	20.923	-0.308
0.929	20.938	-0.357
0.930	20.947	-0.294
0.931	20.957	-0.305
0.931	20.969	-0.315
0.932	20.981	-0.305
0.932	20.987	-0.317
0.932	20.997	-0.315
0.933	20.998	-0.272
0.933	21.019	-0.315
0.934	21.033	-0.312
0.934	21.043	-0.319
0.935	21.051	-0.313
0.935	21.057	-0.320
0.935	21.053	-0.279
0.935	21.060	-0.291
0.935	21.065	-0.320
0.935	21.069	-0.320
0.935	21.071	-0.319
0.935	21.074	-0.319
0.935	21.077	-0.316
0.936	21.088	-0.324
0.936	21.093	-0.329
0.936	21.099	-0.324
0.937	21.108	-0.329
0.937	21.114	-0.330
0.937	21.117	-0.328
0.937	21.114	-0.297
0.938	21.124	-0.333
0.938	21.137	-0.324
0.938	21.145	-0.329
0.939	21.148	-0.333
0.939	21.159	-0.363
0.939	21.162	-0.303
0.940	21.173	-0.327
0.940	21.177	-0.326
0.940	21.181	-0.334
0.940	21.181	-0.320
0.940	21.186	-0.337
0.941	21.193	-0.330
0.941	21.104	0.191
0.941	21.202	-0.328
0.941	21.204	-0.336
0.941	21.206	-0.334
0.941	21.208	-0.344
0.941	21.209	-0.339
0.941	21.204	-0.297
0.941	21.215	-0.335
0.941	21.217	-0.325
0.942	21.226	-0.339
0.942	21.235	-0.341
0.943	21.238	-0.335
0.943	21.244	-0.294
0.943	21.256	-0.316
0.944	21.263	-0.340
0.944	21.268	-0.340
0.944	21.277	-0.337
0.944	21.285	-0.340
0.945	21.292	-0.337
0.945	21.300	-0.337
0.946	21.308	-0.347
0.946	21.310	-0.338
0.945	21.312	-0.350
0.946	21.315	-0.353
0.946	21.324	-0.415
0.946	21.321	-0.297
0.947	21.341	-0.342
0.947	21.349	-0.350
0.948	21.359	-0.345
0.948	21.376	-0.331
0.949	21.394	-0.350
0.949	21.396	-0.310
0.949	21.405	-0.347
0.949	21.409	-0.347
0.951	21.433	-0.359
0.951	21.441	-0.340
0.951	21.455	-0.357
0.952	21.466	-0.325
0.952	21.478	-0.337
0.953	21.492	-0.358
0.954	21.503	-0.362
0.954	21.507	-0.360
0.954	21.510	-0.370
0.954	21.513	-0.368
0.955	21.517	-0.351
0.956	21.522	-0.361
0.956	21.528	-0.356
0.956	21.532	-0.365
0.956	21.533	-0.363
0.957	21.539	-0.370
0.957	21.533	-0.302
0.958	21.550	-0.363
0.958	21.553	-0.370
0.958	21.554	-0.355
0.958	21.557	-0.368
0.959	21.562	-0.411
0.960	21.558	-0.331
0.960	21.566	-0.363
0.960	21.568	-0.357
0.960	21.570	-0.368
0.960	21.571	-0.356
0.960	21.572	-0.367
0.960	21.571	-0.345
0.961	21.571	-0.336
0.960	21.577	-0.365
0.961	21.578	-0.363
0.961	21.578	-0.356
0.961	21.580	-0.356
0.961	21.583	-0.366
0.962	21.579	-0.332
0.962	21.588	-0.361
0.962	21.590	-0.367
0.963	21.591	-0.368
0.963	21.593	-0.373
0.963	21.595	-0.363
0.964	21.592	-0.324
0.964	21.600	-0.349
0.964	21.604	-0.362
0.965	21.607	-0.375
0.965	21.607	-0.362
0.965	21.607	-0.368
0.966	21.610	-0.357
0.966	21.613	-0.361
0.967	21.617	-0.363
0.967	21.620	-0.368
0.968	21.624	-0.362
0.969	21.635	-0.398
0.970	21.636	-0.363
0.970	21.628	-0.313
0.971	21.638	-0.365
0.970	21.640	-0.378
0.971	21.641	-0.373
0.971	21.642	-0.367
0.972	21.645	-0.366
0.973	21.643	-0.335
0.973	21.650	-0.368
0.974	21.654	-0.370
0.974	21.655	-0.364
0.974	21.656	-0.371
0.974	21.657	-0.372
0.975	21.657	-0.359
0.975	21.655	-0.343
0.975	21.659	-0.365
0.975	21.660	-0.371
0.975	21.660	-0.367
0.975	21.661	-0.375
0.975	21.662	-0.364
0.976	21.656	-0.329
0.976	21.664	-0.362
0.977	21.667	-0.363
0.977	21.668	-0.368
0.977	21.670	-0.369
0.978	21.671	-0.364
0.979	21.668	-0.335
0.979	21.675	-0.363
0.979	21.678	-0.379
0.980	21.680	-0.368
0.980	21.679	-0.353
0.981	21.692	-0.461
0.981	21.686	-0.376
0.981	21.686	-0.363
0.982	21.689	-0.374
0.982	21.689	-0.363
0.982	21.691	-0.371
0.982	21.692	-0.368
0.984	21.696	-0.371
0.984	21.690	-0.324
0.985	21.702	-0.371
0.986	21.703	-0.365
0.986	21.706	-0.375
0.986	21.707	-0.373
0.987	21.709	-0.366
0.987	21.706	-0.336
0.988	21.716	-0.373
0.989	21.716	-0.364
0.989	21.719	-0.367
0.990	21.722	-0.371
0.990	21.723	-0.374
0.991	21.726	-0.363
0.991	21.728	-0.350
0.992	21.731	-0.367
0.993	21.734	-0.370
0.993	21.735	-0.361
0.993	21.737	-0.371
0.993	21.738	-0.371
0.994	21.735	-0.345
0.994	21.742	-0.368
0.995	21.743	-0.364
0.995	21.746	-0.387
0.996	21.747	-0.378
0.996	21.749	-0.368
0.996	21.741	-0.324
0.996	21.751	-0.381
0.996	21.751	-0.372
0.996	21.751	-0.371
0.996	21.754	-0.374
0.997	21.753	-0.365
0.997	21.756	-0.380
0.998	21.758	-0.360
0.998	21.761	-0.374
0.999	21.763	-0.364
1.000	21.766	-0.373
1.001	21.767	-0.371
1.001	21.769	-0.382
1.002	21.767	-0.334
1.002	21.777	-0.374
1.003	21.778	-0.373
1.003	21.778	-0.369
1.004	21.779	-0.380
1.005	21.778	-0.369
1.005	21.772	-0.340
1.006	21.779	-0.382
1.006	21.778	-0.378
1.007	21.779	-0.375
1.008	21.778	-0.371
1.008	21.779	-0.372
1.008	21.776	-0.355
1.009	21.780	-0.377
1.009	21.778	-0.372
1.010	21.779	-0.374
1.011	21.785	-0.426
1.012	21.778	-0.366
1.012	21.778	-0.366
1.013	21.773	-0.340
1.013	21.779	-0.373
1.013	21.779	-0.371
1.014	21.780	-0.377
1.014	21.780	-0.379
1.015	21.779	-0.366
1.015	21.770	-0.327
1.015	21.779	-0.372
1.015	21.777	-0.357
1.016	21.780	-0.373
1.016	21.780	-0.381
1.016	21.778	-0.369
1.017	21.776	-0.356
1.017	21.779	-0.371
1.017	21.778	-0.365
1.017	21.780	-0.378
1.017	21.780	-0.380
1.017	21.779	-0.372
1.017	21.777	-0.364
1.017	21.778	-0.361
1.018	21.779	-0.366
1.017	21.779	-0.371
1.018	21.780	-0.378
1.018	21.779	-0.369
1.018	21.779	-0.367
1.018	21.773	-0.338
1.018	21.780	-0.373
1.018	21.779	-0.379
1.018	21.782	-0.406
1.018	21.779	-0.367
1.018	21.779	-0.371
1.019	21.777	-0.356
1.019	21.780	-0.382
1.019	21.780	-0.381
1.019	21.780	-0.376
1.019	21.779	-0.372
1.019	21.779	-0.367
1.019	21.780	-0.374
1.019	21.773	-0.328
1.019	21.779	-0.370
1.019	21.780	-0.376
1.019	21.780	-0.378
1.019	21.779	-0.370
1.019	21.779	-0.370
1.019	21.772	-0.328
1.019	21.780	-0.379
1.019	21.780	-0.374
1.019	21.780	-0.378
1.020	21.778	-0.364
1.020	21.779	-0.370
1.020	21.780	-0.376
1.020	21.779	-0.369
1.020	21.779	-0.374
1.020	21.780	-0.369
1.020	21.779	-0.363
1.020	21.779	-0.373
1.020	21.777	-0.347
1.020	21.779	-0.364
1.020	21.779	-0.365
1.020	21.779	-0.367
1.021	21.779	-0.373
1.020	21.778	-0.368
1.021	21.779	-0.371
1.021	21.773	-0.335
1.020	21.780	-0.376
1.021	21.779	-0.368
1.021	21.779	-0.370
1.021	21.780	-0.373
1.021	21.779	-0.369
1.021	21.778	-0.361
1.021	21.780	-0.373
1.021	21.780	-0.378
1.021	21.780	-0.375
1.021	21.779	-0.370
1.021	21.779	-0.367
1.021	21.778	-0.362
1.021	21.779	-0.367
1.021	21.759	-0.300
1.021	21.769	-0.304
1.021	21.734	-0.121
1.021	21.776	-0.347
1.021	21.749	-0.170
1.021	21.767	-0.303
1.021	21.780	-0.379
1.021	21.780	-0.377
1.021	21.779	-0.366
1.021	21.778	-0.361
1.021	21.779	-0.371
1.021	21.774	-0.343
1.021	21.780	-0.372
1.021	21.779	-0.370
1.021	21.782	-0.403
1.021	21.771	-0.320
1.021	21.761	-0.284
1.021	21.778	-0.361
