0.967	21.777	15.560
0.966	21.771	15.581
0.967	21.779	15.553
0.966	21.779	15.553
0.966	21.779	15.558
0.966	21.778	15.558
0.966	21.778	15.559
0.966	21.779	15.548
0.966	21.773	15.575
0.966	21.778	15.559
0.966	21.779	15.559
0.966	21.779	15.555
0.966	21.778	15.561
0.966	21.779	15.554
0.967	21.779	15.556
0.966	21.771	15.583
0.966	21.778	15.556
0.966	21.779	15.550
0.966	21.779	15.555
0.966	21.778	15.559
0.966	21.776	15.568
0.966	21.778	15.558
0.967	21.777	15.566
0.966	21.778	15.560
0.966	21.778	15.564
0.966	21.779	15.557
0.966	21.778	15.561
0.966	21.778	15.563
0.966	21.772	15.577
0.966	21.779	15.560
0.967	21.779	15.560
0.966	21.782	15.539
0.966	21.788	15.504
0.966	21.778	15.564
0.967	21.777	15.562
0.967	21.772	15.577
0.966	21.778	15.561
0.966	21.778	15.563
0.966	21.779	15.559
0.966	21.778	15.565
0.966	21.778	15.561
0.966	21.779	15.561
0.966	21.772	15.582
0.966	21.777	15.568
0.966	21.778	15.557
0.966	21.778	15.560
0.966	21.778	15.563
0.966	21.779	15.559
0.966	21.779	15.556
0.966	21.772	15.580
0.966	21.779	15.560
0.966	21.778	15.562
0.967	21.779	15.557
0.967	21.778	15.562
0.966	21.778	15.564
0.966	21.777	15.568
0.966	21.772	15.587
0.966	21.777	15.565
0.966	21.778	15.564
0.966	21.778	15.561
0.966	21.777	15.568
0.966	21.776	15.567
0.966	21.777	15.565
0.966	21.777	15.564
0.966	21.778	15.564
0.966	21.781	15.545
0.966	21.777	15.569
0.966	21.778	15.563
0.966	21.778	15.565
0.966	21.779	15.557
0.966	21.777	15.565
0.966	21.777	15.564
0.966	21.778	15.565
0.966	21.777	15.566
0.966	21.778	15.563
0.966	21.777	15.565
0.966	21.771	15.593
0.967	21.777	15.568
0.966	21.777	15.569
0.966	21.778	15.566
0.966	21.777	15.569
0.966	21.777	15.570
0.966	21.778	15.561
0.966	21.770	15.594
0.966	21.776	15.579
0.966	21.775	15.579
0.966	21.776	15.572
0.966	21.777	15.567
0.966	21.776	15.576
0.966	21.776	15.572
0.966	21.777	15.573
0.966	21.778	15.567
0.966	21.777	15.567
0.966	21.777	15.567
0.966	21.777	15.566
0.966	21.778	15.562
0.966	21.778	15.560
0.966	21.777	15.567
0.966	21.781	15.541
0.966	21.778	15.568
0.966	21.778	15.564
0.966	21.778	15.563
0.966	21.778	15.567
0.966	21.772	15.587
0.965	21.778	15.567
0.965	21.778	15.563
0.965	21.777	15.571
0.965	21.777	15.567
0.964	21.777	15.569
0.964	21.778	15.564
0.964	21.771	15.590
0.963	21.776	15.575
0.962	21.775	15.580
0.961	21.777	15.573
0.960	21.778	15.568
0.960	21.775	15.574
0.959	21.777	15.570
0.958	21.770	15.588
0.957	21.778	15.565
0.957	21.776	15.573
0.956	21.777	15.571
0.955	21.777	15.573
0.954	21.777	15.569
0.953	21.774	15.579
0.951	21.776	15.572
0.950	21.776	15.571
0.949	21.776	15.570
0.948	21.768	15.582
0.946	21.762	15.582
0.945	21.760	15.569
0.944	21.750	15.584
0.944	21.752	15.571
0.943	21.755	15.533
0.942	21.747	15.571
0.942	21.743	15.570
0.941	21.739	15.572
0.940	21.737	15.568
0.940	21.727	15.593
0.939	21.730	15.571
0.937	21.723	15.571
0.937	21.719	15.576
0.936	21.716	15.579
0.936	21.713	15.575
0.936	21.714	15.575
0.935	21.705	15.600
0.935	21.708	15.579
0.934	21.706	15.575
0.933	21.702	15.574
0.932	21.700	15.568
0.931	21.695	15.570
0.930	21.691	15.573
0.929	21.685	15.580
0.928	21.682	15.573
0.927	21.677	15.577
0.926	21.674	15.572
0.925	21.667	15.580
0.924	21.661	15.593
0.924	21.664	15.573
0.924	21.660	15.577
0.923	21.660	15.573
0.923	21.657	15.578
0.923	21.656	15.574
0.922	21.654	15.569
0.922	21.652	15.573
0.922	21.643	15.605
0.921	21.654	15.544
0.921	21.646	15.579
0.920	21.641	15.584
0.920	21.642	15.575
0.920	21.640	15.582
0.920	21.639	15.577
0.920	21.632	15.596
0.919	21.636	15.577
0.918	21.633	15.575
0.917	21.626	15.580
0.916	21.622	15.579
0.915	21.616	15.574
0.914	21.611	15.577
0.914	21.605	15.579
0.913	21.603	15.574
0.913	21.597	15.590
0.912	21.595	15.579
0.912	21.589	15.591
0.911	21.586	15.582
0.911	21.579	15.593
0.910	21.579	15.572
0.909	21.572	15.572
0.908	21.564	15.581
0.908	21.561	15.579
0.908	21.558	15.574
0.907	21.552	15.580
0.906	21.539	15.602
0.905	21.539	15.576
0.905	21.531	15.582
0.904	21.522	15.589
0.904	21.517	15.581
0.903	21.510	15.575
0.902	21.502	15.579
0.902	21.489	15.601
0.902	21.490	15.576
0.902	21.484	15.583
0.901	21.477	15.578
0.901	21.464	15.587
0.900	21.438	15.602
0.900	21.434	15.589
0.900	21.423	15.611
0.900	21.421	15.588
0.900	21.411	15.594
0.899	21.402	15.597
0.899	21.397	15.600
0.898	21.394	15.592
0.898	21.382	15.591
0.897	21.361	15.599
0.897	21.352	15.589
0.896	21.337	15.599
0.895	21.315	15.591
0.894	21.295	15.589
0.893	21.274	15.601
0.893	21.252	15.617
0.892	21.239	15.600
0.892	21.231	15.599
0.891	21.220	15.607
0.891	21.207	15.604
0.890	21.192	15.605
0.889	21.178	15.599
0.889	21.148	15.639
0.888	21.142	15.594
0.887	21.124	15.609
0.887	21.116	15.599
0.886	21.105	15.603
0.886	21.094	15.606
0.886	21.087	15.609
0.885	21.070	15.634
0.885	21.073	15.577
0.885	21.064	15.610
0.884	21.054	15.612
0.884	21.046	15.617
0.884	21.039	15.610
0.884	21.028	15.605
0.883	21.012	15.633
0.883	21.007	15.616
0.883	20.999	15.618
0.882	20.987	15.614
0.882	20.974	15.613
0.881	20.961	15.613
0.880	20.946	15.617
0.880	20.920	15.633
0.880	20.921	15.624
0.880	20.918	15.613
0.880	20.916	15.613
0.879	20.909	15.626
0.879	20.904	15.614
0.879	20.894	15.615
0.878	20.869	15.637
0.877	20.855	15.624
0.876	20.838	15.624
0.875	20.816	15.624
0.875	20.801	15.630
0.874	20.792	15.622
0.874	20.777	15.621
0.873	20.765	15.624
0.872	20.742	15.632
0.871	20.718	15.630
0.871	20.698	15.632
0.870	20.673	15.639
0.869	20.663	15.632
0.869	20.653	15.635
0.869	20.649	15.631
0.868	20.644	15.634
0.868	20.633	15.642
0.868	20.631	15.630
0.868	20.626	15.629
0.868	20.619	15.636
0.867	20.608	15.654
0.867	20.602	15.639
0.866	20.590	15.632
0.866	20.576	15.638
0.865	20.562	15.647
0.865	20.555	15.637
0.865	20.547	15.636
0.864	20.535	15.640
0.864	20.527	15.644
0.863	20.515	15.643
0.863	20.497	15.639
0.862	20.482	15.634
0.862	20.474	15.636
0.862	20.468	15.637
0.862	20.461	15.644
0.862	20.454	15.641
0.861	20.446	15.637
0.861	20.439	15.647
0.861	20.437	15.640
0.861	20.434	15.645
0.860	20.425	15.665
0.860	20.417	15.644
0.859	20.402	15.647
0.859	20.390	15.649
0.858	20.378	15.645
0.858	20.372	15.644
0.857	20.362	15.624
0.857	20.344	15.668
0.857	20.337	15.646
0.856	20.329	15.650
0.856	20.320	15.648
0.855	20.307	15.649
0.855	20.298	15.650
0.855	20.291	15.656
0.854	20.267	15.667
0.853	20.246	15.662
0.852	20.222	15.660
0.852	20.218	15.669
0.852	20.220	15.661
0.852	20.218	15.659
0.852	20.208	15.683
0.851	20.206	15.665
0.851	20.202	15.662
0.851	20.190	15.660
0.849	20.155	15.664
0.849	20.144	15.661
0.848	20.136	15.667
0.847	20.119	15.669
0.846	20.096	15.666
0.846	20.090	15.671
0.846	20.087	15.665
0.846	20.081	15.661
0.846	20.074	15.667
0.845	20.058	15.688
0.845	20.056	15.665
0.845	20.046	15.667
0.844	20.036	15.665
0.844	20.029	15.664
0.844	20.024	15.667
0.844	20.018	15.640
0.843	19.998	15.667
0.843	19.988	15.665
0.842	19.978	15.678
0.842	19.969	15.667
0.841	19.955	15.663
0.841	19.940	15.671
0.840	19.928	15.688
0.840	19.923	15.673
0.840	19.812	16.041
0.840	19.904	15.674
0.839	19.898	15.673
0.839	19.893	15.674
0.838	19.882	15.668
0.838	19.868	15.698
0.838	19.865	15.674
0.838	19.858	15.676
0.837	19.847	15.683
0.837	19.844	15.675
0.837	19.837	15.679
0.837	19.831	15.678
0.836	19.818	15.706
0.836	19.819	15.671
0.835	19.809	15.678
0.835	19.789	15.702
0.835	19.787	15.678
0.834	19.780	15.680
0.834	19.768	15.706
0.833	19.762	15.684
0.833	19.748	15.681
0.832	19.733	15.683
0.832	19.724	15.683
0.832	19.712	15.680
0.831	19.703	15.661
0.831	19.688	15.709
0.831	19.689	15.686
0.830	19.678	15.703
0.830	19.672	15.697
0.830	19.669	15.685
0.830	19.664	15.686
0.829	19.653	15.688
0.829	19.647	15.690
0.829	19.644	15.686
0.828	19.639	15.687
0.828	19.633	15.688
0.828	19.626	15.687
0.828	19.620	15.685
0.828	19.605	15.724
0.827	19.605	15.685
0.827	19.601	15.689
0.827	19.599	15.690
0.827	19.596	15.690
0.827	19.594	15.692
0.827	19.592	15.686
0.827	19.584	15.711
0.826	19.583	15.691
0.826	19.581	15.684
0.826	19.577	15.692
0.826	19.573	15.704
0.826	19.571	15.686
0.826	19.569	15.689
0.826	19.566	15.689
0.826	19.560	15.690
0.825	19.553	15.688
0.824	19.541	15.686
0.824	19.525	15.680
0.823	19.507	15.699
0.823	19.494	15.732
0.823	19.497	15.695
0.823	19.494	15.697
0.823	19.489	15.701
0.822	19.481	15.705
0.822	19.473	15.695
0.822	19.467	15.701
0.821	19.461	15.711
0.821	19.451	15.711
0.821	19.444	15.702
0.820	19.433	15.707
0.820	19.430	15.698
0.820	19.424	15.704
0.820	19.409	15.727
0.820	19.410	15.706
0.820	19.407	15.704
0.819	19.402	15.699
0.819	19.395	15.705
0.819	19.388	15.710
0.819	19.383	15.705
0.819	19.374	15.730
0.818	19.376	15.699
0.818	19.366	15.709
0.817	19.353	15.719
0.817	19.351	15.703
0.817	19.346	15.697
0.817	19.339	15.704
0.816	19.330	15.708
0.816	19.326	15.702
0.816	19.323	15.703
0.816	19.311	15.712
0.815	19.307	15.658
0.815	19.295	15.695
0.815	19.282	15.726
0.815	19.282	15.715
0.814	19.278	15.704
0.814	19.271	15.718
0.814	19.271	15.711
0.814	19.269	15.711
0.814	19.264	15.709
0.813	19.259	15.707
0.813	19.251	15.708
0.813	19.247	15.710
0.812	19.236	15.711
0.812	19.228	15.708
0.812	19.217	15.710
0.812	19.206	15.740
0.812	19.212	15.708
0.812	19.209	15.710
0.812	19.203	15.723
0.811	19.203	15.707
0.811	19.201	15.706
0.811	19.199	15.713
0.811	19.192	15.732
0.811	19.195	15.709
0.811	19.192	15.713
0.811	19.189	15.710
0.811	19.187	15.708
0.811	19.186	15.706
0.810	19.181	15.718
0.810	19.178	15.713
0.810	19.175	15.710
0.810	19.171	15.715
0.810	19.166	15.713
0.810	19.163	15.689
0.809	19.154	15.726
0.809	19.147	15.734
0.809	19.149	15.715
0.809	19.149	15.707
0.809	19.147	15.714
0.809	19.145	15.707
0.809	19.141	15.713
0.809	19.138	15.718
0.808	19.129	15.741
0.808	19.132	15.706
0.808	19.127	15.714
0.808	19.123	15.731
0.808	19.125	15.715
0.808	19.123	15.716
0.808	19.122	15.715
0.808	19.115	15.735
0.808	19.119	15.717
0.808	19.117	15.716
0.808	19.114	15.714
0.807	19.109	15.718
0.807	19.107	15.718
0.807	19.105	15.718
0.807	19.102	15.714
0.807	19.096	15.715
0.807	19.091	15.732
0.807	19.092	15.717
0.807	19.091	15.718
0.807	19.089	15.721
0.807	19.084	15.737
0.807	19.084	15.723
0.806	19.082	15.724
0.806	19.080	15.720
0.806	19.083	15.679
0.806	19.076	15.720
0.806	19.074	15.718
0.806	19.068	15.737
0.806	19.069	15.717
0.806	19.064	15.726
0.806	19.063	15.722
0.806	19.062	15.721
0.806	19.061	15.719
0.806	19.059	15.713
0.806	19.054	15.727
0.806	19.053	15.720
0.805	19.049	15.725
0.805	19.047	15.715
0.805	19.045	15.713
0.805	19.039	15.735
0.805	19.035	15.740
0.805	19.035	15.720
0.805	19.031	15.718
0.804	19.025	15.724
0.804	19.018	15.720
0.804	19.015	15.719
0.804	19.012	15.716
0.803	19.002	15.742
0.803	19.002	15.724
0.803	18.997	15.727
0.803	18.997	15.719
0.803	18.995	15.719
0.803	18.994	15.724
0.803	18.993	15.721
0.803	18.990	15.724
0.803	18.988	15.724
0.803	18.982	15.730
0.803	18.986	15.692
0.803	18.981	15.721
0.803	18.979	15.719
0.802	18.970	15.750
0.802	18.973	15.719
0.802	18.968	15.719
0.802	18.961	15.719
0.802	18.957	15.717
0.801	18.951	15.720
0.801	18.945	15.725
0.801	18.935	15.740
0.801	18.935	15.716
0.801	18.929	15.732
0.801	18.928	15.725
0.801	18.925	15.730
0.800	18.925	15.718
0.801	18.924	15.720
0.800	18.919	15.728
0.800	18.914	15.720
0.800	18.911	15.721
0.800	18.907	15.725
0.800	18.904	15.729
0.799	18.900	15.722
0.799	18.891	15.744
0.799	18.894	15.723
0.799	18.889	15.731
0.799	18.890	15.728
0.799	18.889	15.720
0.799	18.887	15.724
0.799	18.885	15.722
0.799	18.875	15.752
0.799	18.876	15.728
0.799	18.875	15.722
0.798	18.876	15.690
0.798	18.869	15.729
0.798	18.865	15.730
0.798	18.863	15.726
0.798	18.857	15.728
0.798	18.852	15.720
0.797	18.845	15.729
0.797	18.843	15.726
0.797	18.839	15.727
0.797	18.836	15.725
0.797	18.830	15.746
0.797	18.834	15.724
0.797	18.829	15.727
0.797	18.826	15.729
0.797	18.825	15.725
0.796	18.823	15.726
0.796	18.821	15.717
0.796	18.812	15.756
0.796	18.813	15.732
0.796	18.810	15.735
0.796	18.810	15.722
0.796	18.800	15.731
0.795	18.792	15.728
0.795	18.786	15.724
0.795	18.782	15.735
0.795	18.780	15.731
0.795	18.779	15.730
0.794	18.776	15.725
0.794	18.773	15.731
0.794	18.771	15.728
0.794	18.762	15.748
0.794	18.762	15.734
0.794	18.759	15.741
0.794	18.762	15.706
0.794	18.757	15.728
0.794	18.755	15.728
0.794	18.753	15.727
0.793	18.747	15.748
0.793	18.748	15.743
0.793	18.748	15.732
0.793	18.746	15.724
0.793	18.743	15.733
0.793	18.740	15.738
0.793	18.737	15.738
0.792	18.735	15.740
0.793	18.733	15.737
0.792	18.733	15.733
0.792	18.729	15.734
0.792	18.725	15.743
0.792	18.722	15.737
0.792	18.717	15.740
0.791	18.714	15.742
0.791	18.709	15.736
0.791	18.705	15.737
0.791	18.700	15.744
0.791	18.697	15.750
0.791	18.696	15.741
0.790	18.688	15.766
0.790	18.690	15.755
0.790	18.690	15.754
0.790	18.691	15.739
0.790	18.688	15.750
0.790	18.688	15.742
0.790	18.688	15.740
0.790	18.684	15.755
0.790	18.686	15.738
0.790	18.686	15.710
0.790	18.678	15.745
0.790	18.677	15.741
0.790	18.676	15.742
0.790	18.669	15.763
0.790	18.674	15.737
0.790	18.671	15.748
0.789	18.671	15.740
0.789	18.668	15.736
0.789	18.666	15.740
0.789	18.663	15.742
0.789	18.656	15.765
0.789	18.660	15.743
0.789	18.658	15.739
0.789	18.655	15.746
0.789	18.654	15.739
0.789	18.652	15.747
0.789	18.653	15.737
0.789	18.648	15.752
0.789	18.647	15.746
0.789	18.646	15.746
0.789	18.645	15.739
0.788	18.643	15.743
0.788	18.641	15.741
0.788	18.634	15.765
0.788	18.639	15.735
0.788	18.638	15.738
0.788	18.636	15.742
0.788	18.629	15.741
0.788	18.625	15.759
0.788	18.625	15.743
0.788	18.619	15.768
0.788	18.621	15.749
0.788	18.623	15.714
0.788	18.617	15.743
0.788	18.616	15.743
0.787	18.616	15.738
0.787	18.614	15.748
0.788	18.612	15.751
0.787	18.613	15.743
0.787	18.612	15.738
0.787	18.610	15.747
0.787	18.607	15.747
0.787	18.604	15.752
0.787	18.595	15.774
0.787	18.598	15.752
0.787	18.598	15.743
0.787	18.591	15.754
0.786	18.588	15.743
0.786	18.583	15.749
0.786	18.580	15.738
0.786	18.575	15.749
0.786	18.571	15.740
0.786	18.567	15.742
0.785	18.563	15.745
0.785	18.558	15.742
0.785	18.553	15.746
0.785	18.544	15.761
0.785	18.546	15.745
0.785	18.543	15.750
0.785	18.542	15.745
0.785	18.540	15.745
0.784	18.539	15.745
0.784	18.535	15.752
0.784	18.527	15.769
0.784	18.530	15.728
0.784	18.522	15.743
0.784	18.518	15.748
0.784	18.511	15.751
0.783	18.505	15.753
0.783	18.499	15.746
0.783	18.490	15.778
0.783	18.490	15.757
0.783	18.489	15.744
0.782	18.485	15.749
0.783	18.483	15.752
0.782	18.481	15.751
0.782	18.474	15.777
0.782	18.478	15.744
0.782	18.474	15.751
0.782	18.471	15.746
0.782	18.467	15.748
0.781	18.458	15.754
0.781	18.446	15.752
0.780	18.426	15.779
0.780	18.427	15.761
0.780	18.427	15.752
0.780	18.425	15.750
0.780	18.421	15.750
0.780	18.417	15.756
0.779	18.405	15.750
0.779	18.395	15.758
0.778	18.381	15.750
0.777	18.367	15.762
0.777	18.355	15.758
0.776	18.347	15.759
0.776	18.338	15.766
0.775	18.322	15.784
0.775	18.310	15.762
0.775	18.308	15.769
0.774	18.303	15.760
0.773	18.205	16.050
0.772	18.241	15.766
0.770	18.210	15.798
0.769	18.195	15.775
0.769	18.181	15.776
0.768	18.164	15.771
0.767	18.141	15.776
0.766	18.118	15.775
0.766	18.090	15.792
0.765	18.081	15.774
0.765	18.065	15.775
0.765	18.059	15.773
0.765	18.055	15.774
0.765	18.050	15.771
0.764	18.029	15.798
0.764	18.025	15.776
0.764	18.017	15.778
0.763	18.008	15.776
0.763	17.996	15.781
0.762	17.988	15.774
0.762	17.974	15.780
0.761	17.949	15.811
0.761	17.945	15.786
0.760	17.933	15.790
0.760	17.923	15.783
0.759	17.909	15.795
0.758	17.883	15.781
0.757	17.855	15.804
0.756	17.841	15.791
0.756	17.835	15.791
0.756	17.823	15.788
0.755	17.809	15.788
0.755	17.804	15.791
0.754	17.788	15.807
0.754	17.775	15.799
0.753	17.771	15.787
0.753	17.766	15.792
0.753	17.759	15.783
0.752	17.749	15.792
0.751	17.733	15.787
0.751	17.721	15.794
0.751	17.716	15.798
0.751	17.711	15.795
0.750	17.707	15.795
0.750	17.699	15.785
0.750	17.688	15.800
0.749	17.676	15.808
0.749	17.668	15.802
0.748	17.651	15.798
0.748	17.631	15.799
0.747	17.614	15.795
0.747	17.607	15.803
0.747	17.602	15.795
0.746	17.595	15.804
0.746	17.573	15.800
0.745	17.564	15.803
0.745	17.546	15.808
0.744	17.532	15.806
0.743	17.515	15.798
0.743	17.497	15.797
0.743	17.488	15.812
0.742	17.481	15.809
0.741	17.467	15.804
0.741	17.454	15.810
0.741	17.444	15.802
0.740	17.426	15.835
0.740	17.425	15.811
0.740	17.421	15.803
0.740	17.411	15.808
0.739	17.406	15.811
0.739	17.402	15.806
0.739	17.393	15.811
0.738	17.378	15.826
0.738	17.374	15.811
0.738	17.371	15.811
0.738	17.367	15.813
0.738	17.361	15.808
0.738	17.351	15.805
0.737	17.342	15.808
0.736	17.329	15.815
0.736	17.325	15.810
0.736	17.317	15.822
0.735	17.307	15.819
0.735	17.301	15.816
0.734	17.283	15.816
0.734	17.268	15.839
0.734	17.269	15.817
0.733	17.265	15.815
0.733	17.256	15.820
0.732	17.251	15.817
0.732	17.240	15.817
0.732	17.224	15.847
0.732	17.225	15.774
0.731	17.216	15.820
0.731	17.205	15.823
0.730	17.195	15.823
0.730	17.184	15.820
0.729	17.165	15.827
0.729	17.157	15.832
0.728	17.153	15.833
0.728	17.141	15.824
0.727	17.120	15.826
0.727	17.109	15.837
0.727	17.100	15.822
0.726	17.075	15.855
0.725	17.052	15.842
0.725	17.045	15.829
0.724	17.031	15.829
0.723	17.015	15.844
0.723	17.000	15.839
0.722	16.976	15.849
0.722	16.966	15.843
0.721	16.958	15.836
0.721	16.951	15.831
0.720	16.936	15.839
0.720	16.927	15.838
0.720	16.922	15.841
0.719	16.918	15.843
0.719	16.906	15.835
0.718	16.889	15.842
0.717	16.874	15.839
0.717	16.856	15.836
0.717	16.849	15.839
0.716	16.838	15.840
0.716	16.830	15.841
0.715	16.822	15.841
0.715	16.813	15.838
0.714	16.798	15.841
0.714	16.793	15.842
0.713	16.775	15.854
0.713	16.763	15.868
0.712	16.753	15.851
0.711	16.737	15.848
0.711	16.718	15.847
0.711	16.708	15.870
0.710	16.704	15.848
0.710	16.692	15.874
0.709	16.678	15.849
0.708	16.659	15.853
0.708	16.641	15.855
0.707	16.626	15.850
0.707	16.622	15.852
0.707	16.619	15.852
0.707	16.610	15.874
0.707	16.608	15.861
0.706	16.602	15.856
0.706	16.590	15.854
0.706	16.576	15.858
0.705	16.558	15.856
0.704	16.543	15.856
0.704	16.535	15.867
0.704	16.529	15.859
0.703	16.510	15.867
0.702	16.501	15.857
0.702	16.487	15.857
0.702	16.470	15.885
0.701	16.462	15.868
0.700	16.450	15.861
0.700	16.431	15.853
0.699	16.419	15.863
0.698	16.404	15.873
0.698	16.396	15.864
0.698	16.388	15.876
0.697	16.383	15.869
0.697	16.370	15.873
0.696	16.354	15.876
0.696	16.343	15.878
0.695	16.333	15.871
0.695	16.320	15.897
0.694	16.310	15.884
0.694	16.299	15.872
0.693	16.287	15.876
0.693	16.278	15.873
0.692	16.269	15.875
0.692	16.257	15.877
0.691	16.245	15.880
0.691	16.230	15.876
0.690	16.212	15.876
0.689	16.193	15.877
0.689	16.174	15.883
0.688	16.158	15.880
0.688	16.146	15.889
0.688	16.137	15.877
0.687	16.121	15.887
0.686	16.093	15.887
0.685	16.069	15.877
0.684	16.056	15.851
0.683	16.025	15.920
0.683	16.017	15.882
0.682	16.000	15.896
0.681	15.981	15.889
0.681	15.963	15.895
0.680	15.941	15.902
0.679	15.922	15.914
0.678	15.907	15.905
0.677	15.884	15.903
0.677	15.876	15.902
0.676	15.861	15.906
0.676	15.854	15.895
0.675	15.843	15.900
0.675	15.825	15.902
0.674	15.805	15.900
0.673	15.792	15.892
0.673	15.776	15.902
0.673	15.770	15.901
0.672	15.764	15.901
0.672	15.746	15.930
0.671	15.729	15.896
0.670	15.707	15.905
0.669	15.679	15.908
0.668	15.656	15.906
0.667	15.630	15.910
0.666	15.598	15.945
0.665	15.582	15.921
0.664	15.567	15.914
0.664	15.556	15.915
0.664	15.549	15.914
0.663	15.535	15.897
0.663	15.521	15.938
0.663	15.520	15.916
0.663	15.512	15.922
0.663	15.504	15.921
0.662	15.498	15.917
0.661	15.481	15.918
0.661	15.463	15.923
0.661	15.455	15.925
0.660	15.445	15.915
0.659	15.426	15.915
0.659	15.416	15.933
0.659	15.416	15.922
0.659	15.412	15.918
0.658	15.402	15.945
0.658	15.393	15.920
0.657	15.382	15.924
0.657	15.370	15.921
0.656	15.352	15.933
0.655	15.340	15.925
0.655	15.323	15.954
0.654	15.319	15.920
0.654	15.306	15.924
0.653	15.289	15.927
0.653	15.273	15.930
0.653	15.264	15.923
0.652	15.255	15.949
0.652	15.256	15.930
0.652	15.253	15.928
0.652	15.245	15.929
0.652	15.239	15.933
0.652	15.239	15.894
0.651	15.229	15.933
0.650	15.201	15.960
0.649	15.177	15.933
0.649	15.157	15.942
0.648	15.144	15.938
0.648	15.128	15.945
0.647	15.108	15.954
0.646	15.093	15.969
0.646	15.079	15.942
0.645	15.068	15.941
0.644	15.042	15.956
0.643	15.026	15.942
0.643	15.005	15.943
0.642	14.980	15.964
0.641	14.975	15.944
0.641	14.962	15.943
0.640	14.958	15.944
0.639	14.934	15.957
0.639	14.913	15.957
0.639	14.899	15.972
0.638	14.893	15.952
0.637	14.880	15.965
0.637	14.873	15.945
0.636	14.857	15.957
0.636	14.847	15.948
0.635	14.838	15.970
0.635	14.823	15.955
0.635	14.807	15.956
0.634	14.796	15.965
0.633	14.784	15.958
0.633	14.773	15.925
0.632	14.750	15.963
0.632	14.739	15.980
0.631	14.722	15.956
0.630	14.691	15.960
0.629	14.675	15.973
0.630	14.670	15.966
0.629	14.664	15.966
0.629	14.644	15.996
0.628	14.626	15.978
0.627	14.613	15.976
0.627	14.599	15.973
0.627	14.593	15.975
0.627	14.589	15.965
0.626	14.578	15.968
0.625	14.566	15.961
0.625	14.554	15.970
0.624	14.536	15.970
0.624	14.515	15.976
0.624	14.507	15.975
0.623	14.502	15.972
0.623	14.486	15.992
0.622	14.476	15.975
0.622	14.469	15.982
0.622	14.461	15.976
0.621	14.452	15.970
0.620	14.440	15.984
0.620	14.428	15.997
0.619	14.414	15.980
0.619	14.402	15.979
0.618	14.389	15.977
0.618	14.382	15.944
0.617	14.363	15.981
0.616	14.339	16.004
0.616	14.333	15.983
0.615	14.321	15.981
0.615	14.315	15.980
0.614	14.294	15.978
0.614	14.281	15.985
0.613	14.263	15.985
0.612	14.246	15.987
0.612	14.222	15.992
0.611	14.196	15.994
0.610	14.173	15.995
0.608	14.135	15.999
0.608	14.116	15.998
0.606	14.092	15.995
0.606	14.080	15.990
0.605	14.061	15.993
0.604	14.028	15.998
0.603	14.004	16.001
0.602	13.979	16.034
0.601	13.964	16.010
0.599	13.932	16.005
0.599	13.910	16.005
0.598	13.899	16.011
0.597	13.885	16.012
0.597	13.854	16.042
0.596	13.845	16.008
0.595	13.834	16.011
0.595	13.818	16.006
0.594	13.787	16.015
0.594	13.781	16.014
0.594	13.774	16.036
0.593	13.758	16.009
0.592	13.745	16.011
0.592	13.726	16.017
0.591	13.700	16.011
0.589	13.663	16.041
0.589	13.653	16.029
0.588	13.633	16.021
0.587	13.616	16.027
0.586	13.597	16.024
0.586	13.580	16.024
0.585	13.559	16.033
0.584	13.538	16.050
0.584	13.528	16.024
0.582	13.499	16.029
0.581	13.474	16.033
0.580	13.451	16.028
0.579	13.434	16.040
0.579	13.417	16.030
0.578	13.397	16.034
0.577	13.378	16.030
0.576	13.360	16.030
0.576	13.342	16.034
0.575	13.319	16.048
0.574	13.300	16.061
0.573	13.273	16.043
0.573	13.261	16.048
0.573	13.257	16.044
0.572	13.244	16.039
0.572	13.231	16.045
0.571	13.213	16.063
0.570	13.156	16.286
0.570	13.169	16.121
0.570	13.173	16.051
0.569	13.154	16.051
0.568	13.140	16.051
0.567	13.126	16.048
0.567	13.105	16.068
0.566	13.082	16.059
0.566	13.071	16.056
0.565	13.058	16.049
0.564	13.038	16.056
0.563	13.020	16.061
0.562	12.998	16.079
0.561	12.970	16.059
0.561	12.955	16.058
0.560	12.939	16.057
0.559	12.912	16.061
0.558	12.891	16.058
0.557	12.875	16.079
0.557	12.858	16.072
0.556	12.842	16.062
0.555	12.829	16.067
0.555	12.818	16.072
0.555	12.803	16.066
0.554	12.783	16.066
0.553	12.769	16.091
0.553	12.762	16.066
0.552	12.746	16.054
0.552	12.728	16.076
0.551	12.711	16.067
0.550	12.686	16.095
0.549	12.672	16.072
0.549	12.653	16.074
0.548	12.630	16.072
0.547	12.609	16.080
0.547	12.596	16.081
0.546	12.587	16.104
0.546	12.576	16.087
0.545	12.561	16.081
0.544	12.543	16.082
0.543	12.520	16.080
0.542	12.488	16.093
0.540	12.455	16.116
0.539	12.438	16.100
0.539	12.415	16.089
0.538	12.395	16.094
0.538	12.384	16.106
0.537	12.377	16.106
0.537	12.362	16.111
0.536	12.347	16.096
0.535	12.328	16.108
0.534	12.304	16.103
0.534	12.283	16.103
0.533	12.266	16.107
0.533	12.252	16.101
0.532	12.230	16.114
0.531	12.203	16.109
0.530	12.190	16.072
0.529	12.163	16.105
0.528	12.138	16.116
0.528	12.124	16.111
0.527	12.113	16.111
0.527	12.097	16.124
0.526	12.083	16.117
0.524	12.045	16.112
0.523	12.020	16.123
0.523	12.012	16.118
0.522	11.997	16.125
0.521	11.980	16.126
0.521	11.958	16.123
0.520	11.946	16.120
0.519	11.931	16.129
0.519	11.914	16.141
0.518	11.906	16.120
0.518	11.896	16.126
0.517	11.880	16.121
0.517	11.867	16.126
0.516	11.843	16.129
0.515	11.825	16.119
0.515	11.812	16.137
0.514	11.794	16.140
0.514	11.781	16.121
0.513	11.755	16.130
0.512	11.737	16.140
0.511	11.721	16.133
0.511	11.701	16.163
0.510	11.692	16.142
0.510	11.682	16.112
0.510	11.678	16.106
0.510	11.673	16.137
0.509	11.663	16.134
0.509	11.654	16.131
0.508	11.643	16.134
0.508	11.629	16.140
0.507	11.616	16.143
0.507	11.599	16.138
0.506	11.585	16.148
0.505	11.570	16.143
0.505	11.553	16.147
0.504	11.530	16.157
0.502	11.507	16.141
0.501	11.477	16.150
0.500	11.453	16.160
0.499	11.424	16.147
0.498	11.395	16.167
0.497	11.378	16.145
0.496	11.349	16.152
0.495	11.326	16.152
0.495	11.312	16.160
0.493	11.268	16.158
0.491	11.229	16.159
0.490	11.203	16.166
0.490	11.187	16.164
0.489	11.170	16.163
0.488	11.147	16.163
0.487	11.137	16.167
0.487	11.129	16.188
0.487	11.126	16.161
0.486	11.105	16.129
0.485	11.069	16.167
0.485	11.061	16.177
0.485	11.056	16.165
0.484	11.044	16.190
0.484	11.033	16.174
0.483	11.019	16.165
0.483	11.004	16.175
0.482	10.992	16.170
0.481	10.982	16.165
0.481	10.974	16.204
0.481	10.962	16.175
0.481	10.951	16.165
0.480	10.942	16.175
0.480	10.935	16.177
0.480	10.928	16.183
0.479	10.920	16.184
0.479	10.912	16.186
0.478	10.899	16.181
0.478	10.887	16.180
0.478	10.873	16.181
0.477	10.848	16.189
0.476	10.833	16.193
0.476	10.819	16.190
0.475	10.815	16.180
0.475	10.805	16.184
0.474	10.784	16.190
0.474	10.776	16.192
0.474	10.764	16.182
0.473	10.749	16.203
0.473	10.744	16.190
0.473	10.741	16.182
0.472	10.737	16.191
0.472	10.728	16.186
0.472	10.716	16.190
0.471	10.703	16.190
0.470	10.685	16.192
0.470	10.684	16.199
0.470	10.674	16.197
0.469	10.656	16.190
0.468	10.641	16.199
0.468	10.631	16.197
0.468	10.622	16.219
0.467	10.612	16.190
0.467	10.597	16.190
0.466	10.589	16.190
0.466	10.585	16.189
0.466	10.577	16.192
0.465	10.567	16.195
0.465	10.554	16.191
0.464	10.545	16.193
0.464	10.530	16.204
0.463	10.515	16.204
0.463	10.509	16.206
0.463	10.499	16.212
0.463	10.494	16.211
0.463	10.490	16.202
0.462	10.486	16.206
0.462	10.481	16.199
0.462	10.476	16.198
0.462	10.469	16.198
0.461	10.463	16.226
0.461	10.460	16.173
0.461	10.449	16.200
0.460	10.436	16.215
0.459	10.413	16.214
0.458	10.390	16.201
0.457	10.369	16.230
0.456	10.346	16.214
0.456	10.332	16.209
0.455	10.303	16.218
0.454	10.287	16.208
0.453	10.267	16.208
0.453	10.254	16.222
0.452	10.244	16.214
0.452	10.232	16.212
0.451	10.220	16.223
0.451	10.203	16.216
0.450	10.182	16.212
0.449	10.172	16.213
0.449	10.153	16.242
0.447	10.131	16.225
0.447	10.106	16.224
0.446	10.096	16.219
0.446	10.084	16.226
0.445	10.075	16.220
0.444	10.050	16.250
0.444	10.036	16.223
0.443	10.016	16.240
0.443	10.003	16.221
0.442	9.993	16.232
0.441	9.972	16.227
0.440	9.931	16.235
0.439	9.922	16.236
0.439	9.915	16.243
0.439	9.898	16.236
0.438	9.891	16.233
0.438	9.880	16.237
0.437	9.862	16.257
0.436	9.842	16.242
0.436	9.825	16.245
0.435	9.811	16.236
0.434	9.792	16.245
0.433	9.766	16.251
0.433	9.749	16.272
0.433	9.751	16.240
0.433	9.749	16.243
0.432	9.725	16.245
0.429	9.674	16.248
0.428	9.635	16.247
0.427	9.623	16.265
0.427	9.620	16.250
0.428	9.619	16.250
0.427	9.615	16.245
0.427	9.610	16.254
0.427	9.609	16.248
0.427	9.607	16.247
0.427	9.603	16.252
0.427	9.593	16.249
0.426	9.580	16.252
0.426	9.569	16.250
0.426	9.559	16.248
0.425	9.553	16.252
0.425	9.550	16.243
0.425	9.547	16.255
0.425	9.542	16.257
0.425	9.534	16.259
0.424	9.531	16.254
0.424	9.530	16.260
0.424	9.528	16.276
0.424	9.524	16.253
0.424	9.513	16.253
0.423	9.505	16.253
0.423	9.503	16.253
0.423	9.496	16.252
0.423	9.483	16.283
0.422	9.479	16.259
0.422	9.477	16.259
0.422	9.471	16.250
0.421	9.452	16.256
0.421	9.434	16.259
0.420	9.421	16.260
0.420	9.412	16.258
0.420	9.407	16.254
0.419	9.402	16.254
0.419	9.390	16.253
0.419	9.380	16.256
0.417	9.349	16.270
0.417	9.339	16.271
0.417	9.329	16.266
0.416	9.316	16.269
0.415	9.300	16.278
0.415	9.291	16.273
0.414	9.274	16.253
0.413	9.254	16.270
0.413	9.242	16.273
0.413	9.237	16.280
0.412	9.233	16.268
0.412	9.225	16.270
0.412	9.219	16.272
0.412	9.210	16.278
0.411	9.201	16.276
0.411	9.193	16.273
0.411	9.185	16.276
0.411	9.182	16.277
0.411	9.177	16.276
0.410	9.167	16.293
0.410	9.164	16.269
0.410	9.157	16.280
0.409	9.147	16.273
0.409	9.136	16.277
0.409	9.132	16.281
0.408	9.127	16.272
0.408	9.113	16.283
0.407	9.103	16.275
0.407	9.094	16.279
0.406	9.081	16.283
0.406	9.067	16.284
0.406	9.061	16.282
0.406	9.055	16.292
0.406	9.053	16.280
0.405	9.051	16.276
0.405	9.047	16.278
0.405	9.041	16.278
0.405	9.032	16.259
0.404	9.017	16.286
0.404	9.009	16.278
0.403	9.006	16.274
0.403	8.999	16.285
0.403	8.984	16.286
0.402	8.971	16.278
0.402	8.960	16.316
0.401	8.950	16.286
0.401	8.938	16.286
0.401	8.925	16.286
0.400	8.909	16.293
0.399	8.897	16.302
0.399	8.882	16.313
0.398	8.869	16.292
0.397	8.847	16.288
0.396	8.819	16.299
0.395	8.800	16.294
0.393	8.764	16.293
0.392	8.736	16.324
0.392	8.730	16.301
0.391	8.715	16.298
0.391	8.708	16.293
0.391	8.697	16.295
0.390	8.682	16.302
0.390	8.669	16.326
0.389	8.650	16.303
0.388	8.634	16.303
0.388	8.623	16.305
0.388	8.612	16.295
0.387	8.593	16.301
0.386	8.571	16.339
0.385	8.560	16.305
0.385	8.542	16.312
0.384	8.528	16.311
0.384	8.517	16.313
0.383	8.509	16.310
0.382	8.485	16.332
0.381	8.455	16.320
0.380	8.437	16.318
0.380	8.412	16.325
0.379	8.387	16.312
0.378	8.364	16.317
0.377	8.334	16.321
0.376	8.308	16.320
0.375	8.286	16.325
0.374	8.265	16.323
0.373	8.254	16.319
0.373	8.249	16.344
0.373	8.233	16.326
0.372	8.212	16.324
0.371	8.188	16.334
0.369	8.159	16.338
0.369	8.132	16.332
0.368	8.106	16.364
0.367	8.098	16.335
0.367	8.087	16.331
0.366	8.073	16.331
0.366	8.055	16.316
0.365	8.040	16.334
0.365	8.028	16.342
0.364	8.018	16.337
0.364	8.006	16.340
0.363	7.981	16.526
0.363	7.974	16.348
0.362	7.955	16.347
0.361	7.937	16.348
0.361	7.919	16.338
0.360	7.901	16.348
0.360	7.889	16.342
0.359	7.866	16.339
0.358	7.845	16.347
0.357	7.830	16.346
0.357	7.820	16.346
0.357	7.815	16.353
0.356	7.799	16.346
0.355	7.773	16.347
0.354	7.761	16.354
0.354	7.752	16.353
0.353	7.737	16.354
0.352	7.720	16.353
0.352	7.700	16.359
0.351	7.689	16.360
0.351	7.678	16.359
0.350	7.652	16.378
0.348	7.614	16.359
0.347	7.599	16.368
0.347	7.584	16.385
0.347	7.577	16.326
0.346	7.560	16.366
0.346	7.543	16.368
0.345	7.531	16.369
0.345	7.521	16.364
0.345	7.513	16.364
0.344	7.501	16.369
0.344	7.495	16.367
0.344	7.484	16.382
0.343	7.460	16.363
0.342	7.452	16.374
0.342	7.444	16.368
0.342	7.436	16.364
0.342	7.426	16.369
0.341	7.413	16.397
0.341	7.403	16.373
0.341	7.400	16.371
0.340	7.380	16.368
0.339	7.364	16.377
0.337	7.331	16.385
0.337	7.325	16.406
0.337	7.322	16.376
0.337	7.309	16.376
0.336	7.293	16.382
0.336	7.284	16.380
0.336	7.281	16.381
0.335	7.275	16.396
0.335	7.271	16.377
0.335	7.264	16.387
0.335	7.255	16.379
0.334	7.245	16.377
0.334	7.226	16.378
0.333	7.212	16.386
0.333	7.208	16.384
0.332	7.204	16.384
0.332	7.197	16.393
0.332	7.183	16.386
0.331	7.171	16.380
0.331	7.157	16.386
0.331	7.151	16.384
0.330	7.144	16.385
0.330	7.139	16.385
0.330	7.135	16.382
0.330	7.130	16.384
0.330	7.125	16.386
0.329	7.116	16.407
0.329	7.102	16.386
0.328	7.084	16.380
0.327	7.072	16.389
0.327	7.062	16.390
0.326	7.051	16.390
0.326	7.040	16.401
0.325	7.029	16.386
0.325	7.016	16.396
0.324	7.004	16.399
0.324	6.993	16.388
0.323	6.974	16.399
0.323	6.957	16.397
0.322	6.938	16.398
0.321	6.918	16.396
0.321	6.903	16.402
0.320	6.891	16.382
0.319	6.871	16.403
0.318	6.848	16.407
0.317	6.828	16.412
0.316	6.806	16.408
0.315	6.785	16.407
0.315	6.779	16.407
0.315	6.771	16.410
0.315	6.764	16.406
0.315	6.759	16.420
0.314	6.751	16.407
0.314	6.743	16.415
0.313	6.734	16.409
0.313	6.721	16.412
0.313	6.708	16.415
0.312	6.694	16.431
0.312	6.685	16.414
0.311	6.675	16.406
0.311	6.663	16.414
0.310	6.650	16.416
0.310	6.643	16.414
0.310	6.634	16.425
0.309	6.616	16.417
0.308	6.597	16.422
0.308	6.586	16.423
0.308	6.578	16.422
0.307	6.566	16.420
0.306	6.552	16.433
0.306	6.538	16.424
0.305	6.520	16.428
0.305	6.501	16.420
0.304	6.488	16.431
0.303	6.475	16.423
0.303	6.457	16.430
0.303	6.449	16.433
0.302	6.443	16.424
0.302	6.436	16.422
0.301	6.420	16.434
0.301	6.404	16.435
0.300	6.392	16.428
0.299	6.371	16.430
0.299	6.360	16.424
0.298	6.344	16.446
0.298	6.335	16.425
0.297	6.320	16.454
0.296	6.304	16.429
0.296	6.288	16.440
0.295	6.266	16.436
0.294	6.250	16.436
0.294	6.235	16.439
0.293	6.215	16.472
0.291	6.181	16.451
0.291	6.168	16.460
0.291	6.162	16.450
0.290	6.154	16.447
0.289	6.127	16.454
0.288	6.090	16.450
0.287	6.066	16.461
0.286	6.034	16.429
0.285	6.020	16.462
0.283	6.001	16.455
0.281	5.979	16.484
0.280	5.965	16.459
0.278	5.952	16.462
0.277	5.940	16.459
0.276	5.936	16.459
0.275	5.927	16.458
0.273	5.915	16.481
0.272	5.906	16.470
0.271	5.901	16.460
0.271	5.897	16.465
0.270	5.891	16.464
0.269	5.887	16.465
0.269	5.884	16.467
0.268	5.879	16.453
0.266	5.871	16.462
0.266	5.863	16.470
0.266	5.858	16.464
0.266	5.854	16.464
0.266	5.852	16.462
0.266	5.846	16.470
0.266	5.842	16.464
0.266	5.835	16.462
0.266	5.829	16.465
0.266	5.823	16.459
0.266	5.818	16.483
0.266	5.813	16.468
0.266	5.809	16.444
0.266	5.807	16.459
0.266	5.805	16.471
0.266	5.804	16.462
0.266	5.803	16.460
0.266	5.798	16.463
0.266	5.792	16.470
0.266	5.784	16.466
0.266	5.782	16.476
0.266	5.778	16.474
0.266	5.770	16.466
0.266	5.767	16.491
0.266	5.765	16.469
0.266	5.760	16.470
0.266	5.753	16.468
0.266	5.747	16.472
0.266	5.746	16.471
0.266	5.745	16.489
0.266	5.745	16.470
0.266	5.745	16.468
0.266	5.745	16.467
0.266	5.745	16.472
0.266	5.745	16.473
0.266	5.746	16.472
0.266	5.745	16.474
0.266	5.746	16.468
0.266	5.746	16.469
0.266	5.746	16.467
0.266	5.746	16.469
0.266	5.746	16.467
0.266	5.745	16.495
0.266	5.746	16.481
0.266	5.745	16.442
0.266	5.745	16.472
0.266	5.745	16.471
0.266	5.746	16.468
0.266	5.746	16.492
0.266	5.746	16.465
0.266	5.745	16.471
0.266	5.745	16.470
0.266	5.745	16.474
0.266	5.746	16.466
0.266	5.746	16.469
0.266	5.745	16.466
0.266	5.745	16.479
0.266	5.745	16.475
0.266	5.745	16.472
0.266	5.745	16.469
0.266	5.745	16.475
0.266	5.745	16.495
0.266	5.745	16.462
0.266	5.745	16.467
0.266	5.745	16.474
0.266	5.746	16.467
0.266	5.746	16.466
0.266	5.745	16.496
0.266	5.745	16.477
0.266	5.746	16.467
0.266	5.745	16.470
0.266	5.745	16.471
0.266	5.745	16.469
0.266	5.745	16.469
0.266	5.745	16.469
0.266	5.745	16.446
0.266	5.745	16.468
0.266	5.745	16.468
0.266	5.745	16.466
0.266	5.745	16.468
0.266	5.745	16.489
0.266	5.745	16.477
0.266	5.745	16.468
0.266	5.745	16.471
0.266	5.746	16.465
0.266	5.745	16.471
0.266	5.745	16.494
0.266	5.745	16.472
0.266	5.746	16.464
0.266	5.745	16.477
0.266	5.745	16.471
0.266	5.745	16.466
0.266	5.746	16.471
0.266	5.745	16.470
0.266	5.745	16.470
0.266	5.745	16.474
0.266	5.745	16.470
0.266	5.745	16.471
0.266	5.746	16.465
0.266	5.745	16.488
0.266	5.745	16.471
0.266	5.745	16.472
0.266	5.745	16.467
0.266	5.746	16.467
0.266	5.745	16.469
0.266	5.745	16.486
0.266	5.746	16.480
0.266	5.745	16.454
0.266	5.746	16.470
0.266	5.745	16.470
0.266	5.745	16.472
0.266	5.746	16.465
0.266	5.745	16.471
0.266	5.745	16.468
0.266	5.745	16.474
0.266	5.745	16.472
0.266	5.745	16.470
0.266	5.745	16.473
0.266	5.745	16.489
0.266	5.746	16.469
0.266	5.745	16.473
0.266	5.745	16.465
0.266	5.745	16.470
0.266	5.745	16.473
0.266	5.746	16.494
0.266	5.745	16.471
0.266	5.745	16.471
0.266	5.746	16.467
0.266	5.745	16.469
0.266	5.745	16.471
0.266	5.746	16.468
0.266	5.745	16.481
0.266	5.745	16.465
0.266	5.745	16.476
0.266	5.745	16.477
0.266	5.746	16.471
0.266	5.745	16.472
0.266	5.746	16.492
0.266	5.746	16.450
0.266	5.745	16.472
0.266	5.745	16.474
0.266	5.746	16.470
0.266	5.745	16.469
0.266	5.745	16.497
0.266	5.746	16.481
0.266	5.746	16.474
0.266	5.745	16.471
0.266	5.745	16.475
0.266	5.745	16.470
0.266	5.745	16.474
0.266	5.745	16.477
0.266	5.745	16.475
0.266	5.746	16.473
0.266	5.745	16.476
0.266	5.745	16.470
0.266	5.746	16.477
0.266	5.745	16.481
0.266	5.745	16.481
0.266	5.746	16.471
0.266	5.745	16.475
0.266	5.745	16.475
0.266	5.746	16.467
0.266	5.745	16.499
0.266	5.747	16.478
0.266	5.750	16.474
0.266	5.752	16.479
0.266	5.755	16.470
0.266	5.757	16.475
0.266	5.760	16.476
0.266	5.763	16.449
0.266	5.764	16.475
0.266	5.766	16.467
0.266	5.766	16.477
0.266	5.769	16.469
0.266	5.769	16.474
0.266	5.770	16.495
0.266	5.772	16.468
0.266	5.774	16.472
0.266	5.775	16.477
0.266	5.779	16.472
0.266	5.782	16.479
0.266	5.783	16.491
0.266	5.784	16.479
0.266	5.788	16.474
0.266	5.790	16.472
0.266	5.792	16.472
0.266	5.793	16.475
0.266	5.796	16.469
0.266	5.799	16.468
0.266	5.800	16.475
0.266	5.803	16.473
0.266	5.805	16.466
0.266	5.806	16.466
0.266	5.806	16.468
0.266	5.807	16.484
0.266	5.809	16.471
0.266	5.809	16.471
0.266	5.811	16.467
0.266	5.812	16.467
0.266	5.814	16.475
0.266	5.816	16.466
0.266	5.817	16.481
0.266	5.818	16.473
0.266	5.820	16.468
0.266	5.822	16.463
0.266	5.824	16.468
0.268	5.828	16.773
0.266	5.830	16.484
0.266	5.832	16.470
0.266	5.834	16.472
0.266	5.838	16.457
0.266	5.841	16.483
0.266	5.843	16.467
0.266	5.845	16.479
0.266	5.849	16.470
0.266	5.855	16.463
0.267	5.858	16.470
0.268	5.866	16.464
0.270	5.874	16.468
0.271	5.880	16.477
0.271	5.884	16.467
0.272	5.887	16.463
0.273	5.892	16.465
0.273	5.894	16.464
0.274	5.898	16.464
0.275	5.903	16.493
0.276	5.909	16.464
0.276	5.914	16.462
0.276	5.915	16.466
0.277	5.918	16.453
0.277	5.921	16.458
0.278	5.925	16.463
0.278	5.928	16.463
0.278	5.930	16.453
0.279	5.934	16.461
0.280	5.938	16.459
0.280	5.941	16.460
0.281	5.947	16.488
0.282	5.955	16.460
0.283	5.964	16.462
0.283	5.965	16.457
0.283	5.966	16.460
0.283	5.969	16.464
0.284	5.975	16.490
0.285	5.987	16.465
0.286	6.002	16.467
0.287	6.017	16.457
0.288	6.027	16.462
0.288	6.038	16.458
0.289	6.060	16.484
0.289	6.075	16.460
0.290	6.094	16.454
0.291	6.112	16.459
0.291	6.127	16.455
0.292	6.142	16.446
0.292	6.151	16.477
0.292	6.158	16.452
0.293	6.166	16.450
0.293	6.177	16.443
0.294	6.192	16.454
0.294	6.203	16.451
0.295	6.217	16.469
0.295	6.229	16.455
0.296	6.238	16.447
0.296	6.247	16.442
0.296	6.256	16.438
0.297	6.272	16.442
0.298	6.290	16.447
0.298	6.299	16.435
0.299	6.310	16.434
0.299	6.320	16.437
0.300	6.342	16.438
0.301	6.365	16.437
0.302	6.378	16.451
0.302	6.394	16.443
0.302	6.401	16.432
0.303	6.410	16.430
0.303	6.425	16.432
0.304	6.441	16.436
0.305	6.454	16.430
0.305	6.462	16.429
0.305	6.475	16.426
0.306	6.489	16.427
0.307	6.509	16.423
0.307	6.525	16.431
0.308	6.549	16.427
0.310	6.585	16.430
0.311	6.612	16.425
0.311	6.624	16.423
0.311	6.630	16.420
0.311	6.632	16.378
0.312	6.643	16.425
0.313	6.658	16.412
0.313	6.666	16.416
0.313	6.673	16.421
0.313	6.678	16.422
0.313	6.687	16.422
0.314	6.700	16.418
0.314	6.708	16.411
0.314	6.713	16.410
0.315	6.719	16.415
0.315	6.727	16.410
0.315	6.735	16.418
0.316	6.745	16.435
0.316	6.750	16.412
0.316	6.752	16.412
0.316	6.758	16.411
0.316	6.762	16.409
0.317	6.767	16.413
0.317	6.776	16.441
0.317	6.783	16.409
0.318	6.794	16.407
0.319	6.816	16.411
0.320	6.831	16.414
0.320	6.839	16.416
0.321	6.850	16.434
0.321	6.871	16.409
0.322	6.881	16.410
0.322	6.892	16.404
0.323	6.904	16.406
0.323	6.919	16.387
0.324	6.933	16.438
0.324	6.948	16.405
0.325	6.960	16.408
0.325	6.967	16.408
0.325	6.976	16.415
0.326	6.988	16.403
0.326	6.996	16.413
0.326	7.008	16.411
0.327	7.017	16.401
0.327	7.033	16.395
0.328	7.049	16.398
0.328	7.055	16.397
0.329	7.065	16.401
0.329	7.077	16.404
0.330	7.087	16.389
0.330	7.100	16.393
0.331	7.112	16.391
0.331	7.125	16.391
0.332	7.138	16.392
0.333	7.157	16.415
0.334	7.185	16.387
0.334	7.196	16.389
0.334	7.201	16.390
0.335	7.207	16.396
0.335	7.214	16.389
0.335	7.223	16.412
0.336	7.234	16.389
0.336	7.245	16.387
0.337	7.261	16.387
0.338	7.280	16.374
0.339	7.302	16.391
0.340	7.325	16.406
0.340	7.335	16.380
0.341	7.348	16.386
0.341	7.360	16.384
0.342	7.368	16.382
0.342	7.380	16.385
0.342	7.388	16.389
0.342	7.396	16.384
0.343	7.405	16.384
0.343	7.417	16.383
0.344	7.430	16.378
0.344	7.445	16.371
0.345	7.458	16.382
0.345	7.467	16.376
0.346	7.480	16.372
0.346	7.489	16.377
0.346	7.503	16.370
0.347	7.518	16.384
0.347	7.530	16.389
0.348	7.544	16.374
0.349	7.563	16.373
0.349	7.583	16.369
0.350	7.601	16.369
0.351	7.617	16.376
0.352	7.645	16.376
0.353	7.656	16.368
0.353	7.673	16.361
0.354	7.685	16.370
0.355	7.699	16.347
0.355	7.710	16.370
0.355	7.725	16.356
0.356	7.736	16.361
0.357	7.750	16.369
0.358	7.766	16.363
0.358	7.784	16.361
0.359	7.797	16.365
0.359	7.807	16.363
0.359	7.817	16.356
0.359	7.823	16.360
0.360	7.830	16.350
0.360	7.834	16.347
0.360	7.842	16.349
0.360	7.848	16.368
0.361	7.863	16.347
0.362	7.883	16.354
0.362	7.892	16.352
0.362	7.904	16.353
0.363	7.918	16.358
0.363	7.933	16.352
0.364	7.940	16.347
0.364	7.945	16.353
0.364	7.953	16.344
0.365	7.966	16.344
0.365	7.985	16.355
0.366	8.002	16.352
0.367	8.022	16.346
0.367	8.030	16.340
0.368	8.043	16.350
0.368	8.049	16.340
0.368	8.055	16.361
0.368	8.063	16.367
0.369	8.073	16.344
0.369	8.087	16.340
0.370	8.101	16.348
0.371	8.117	16.345
0.372	8.137	16.338
0.373	8.163	16.346
0.374	8.184	16.348
0.374	8.192	16.331
0.374	8.203	16.337
0.375	8.213	16.341
0.375	8.223	16.327
0.376	8.237	16.328
0.376	8.251	16.330
0.377	8.267	16.332
0.378	8.281	16.333
0.378	8.293	16.327
0.379	8.313	16.324
0.380	8.340	16.331
0.382	8.380	16.325
0.383	8.410	16.328
0.384	8.452	16.325
0.386	8.485	16.333
0.387	8.512	16.346
0.388	8.536	16.322
0.389	8.563	16.320
0.390	8.594	16.293
0.391	8.613	16.315
0.392	8.632	16.317
0.392	8.649	16.321
0.393	8.669	16.308
0.393	8.681	16.311
0.394	8.701	16.317
0.395	8.712	16.318
0.396	8.735	16.309
0.397	8.756	16.316
0.397	8.773	16.318
0.399	8.799	16.310
0.400	8.834	16.310
0.401	8.859	16.307
0.401	8.877	16.324
0.402	8.904	16.293
0.403	8.929	16.298
0.405	8.964	16.303
0.407	9.007	16.301
0.408	9.033	16.298
0.409	9.062	16.285
0.410	9.085	16.288
0.411	9.098	16.281
0.412	9.135	16.291
0.414	9.175	16.292
0.416	9.220	16.281
0.417	9.246	16.290
0.418	9.278	16.272
0.419	9.308	16.250
0.420	9.326	16.284
0.421	9.348	16.285
0.423	9.393	16.296
0.424	9.421	16.271
0.425	9.456	16.269
0.426	9.490	16.268
0.427	9.511	16.264
0.428	9.531	16.260
0.429	9.549	16.278
0.430	9.575	16.261
0.430	9.595	16.256
0.431	9.608	16.253
0.432	9.621	16.256
0.432	9.634	16.259
0.433	9.647	16.287
0.433	9.663	16.256
0.433	9.672	16.250
0.433	9.679	16.252
0.434	9.688	16.257
0.434	9.696	16.261
0.434	9.705	16.248
0.435	9.710	16.253
0.435	9.719	16.252
0.435	9.729	16.251
0.435	9.734	16.252
0.436	9.743	16.256
0.436	9.753	16.250
0.436	9.763	16.252
0.437	9.775	16.237
0.437	9.786	16.216
0.437	9.796	16.242
0.438	9.808	16.252
0.438	9.819	16.240
0.439	9.830	16.265
0.439	9.846	16.239
0.440	9.866	16.241
0.441	9.881	16.239
0.441	9.894	16.249
0.442	9.905	16.240
0.442	9.916	16.259
0.443	9.929	16.240
0.444	9.945	16.238
0.444	9.964	16.230
0.445	9.982	16.241
0.446	10.002	16.240
0.447	10.020	16.234
0.448	10.037	16.232
0.448	10.061	16.229
0.449	10.074	16.240
0.449	10.084	16.233
0.450	10.095	16.243
0.451	10.111	16.229
0.452	10.136	16.252
0.453	10.153	16.224
0.454	10.173	16.219
0.455	10.203	16.218
0.455	10.219	16.223
0.456	10.232	16.224
0.456	10.246	16.215
0.457	10.259	16.216
0.458	10.284	16.189
0.458	10.302	16.219
0.459	10.321	16.225
0.460	10.342	16.214
0.460	10.358	16.237
0.462	10.382	16.210
0.463	10.407	16.211
0.463	10.424	16.214
0.463	10.434	16.213
0.464	10.442	16.214
0.464	10.452	16.230
0.465	10.466	16.212
0.465	10.480	16.217
0.466	10.491	16.210
0.467	10.508	16.205
0.468	10.530	16.211
0.468	10.549	16.210
0.469	10.565	16.205
0.470	10.576	16.198
0.470	10.584	16.203
0.470	10.592	16.209
0.470	10.601	16.201
0.471	10.607	16.201
0.471	10.622	16.204
0.472	10.640	16.195
0.474	10.670	16.204
0.475	10.690	16.199
0.475	10.712	16.200
0.476	10.734	16.197
0.477	10.748	16.203
0.477	10.766	16.196
0.478	10.781	16.191
0.478	10.799	16.208
0.479	10.812	16.195
0.479	10.817	16.193
0.479	10.819	16.220
0.480	10.833	16.190
0.480	10.815	16.547
0.481	10.869	16.197
0.482	10.889	16.200
0.482	10.903	16.193
0.482	10.910	16.208
0.483	10.921	16.182
0.483	10.930	16.181
0.484	10.938	16.181
0.484	10.954	16.185
0.485	10.978	16.178
0.486	10.988	16.200
0.487	11.004	16.173
0.487	11.014	16.174
0.488	11.028	16.180
0.488	11.045	16.180
0.489	11.057	16.174
0.490	11.079	16.196
0.492	11.118	16.175
0.493	11.139	16.172
0.494	11.154	16.176
0.494	11.176	16.162
0.495	11.195	16.171
0.495	11.209	16.163
0.496	11.224	16.170
0.496	11.242	16.143
0.497	11.257	16.188
0.498	11.280	16.179
0.499	11.300	16.171
0.500	11.330	16.158
0.501	11.351	16.165
0.502	11.375	16.158
0.502	11.390	16.154
0.503	11.401	16.162
0.503	11.420	16.150
0.504	11.435	16.152
0.505	11.445	16.181
0.505	11.463	16.152
0.506	11.471	16.162
0.506	11.483	16.159
0.506	11.495	16.155
0.507	11.510	16.155
0.508	11.535	16.150
0.510	11.566	16.147
0.510	11.574	16.153
0.510	11.585	16.159
0.511	11.598	16.149
0.512	11.612	16.150
0.512	11.625	16.153
0.512	11.640	16.144
0.513	11.653	16.144
0.514	11.667	16.155
0.515	11.688	16.151
0.516	11.714	16.142
0.516	11.723	16.135
0.516	11.731	16.143
0.517	11.746	16.110
0.517	11.758	16.141
0.518	11.773	16.137
0.518	11.791	16.134
0.518	11.801	16.133
0.519	11.808	16.161
0.520	11.827	16.135
0.520	11.845	16.133
0.521	11.861	16.134
0.522	11.881	16.136
0.522	11.893	16.135
0.523	11.903	16.153
0.524	11.922	16.127
0.524	11.941	16.129
0.526	11.961	16.138
0.526	11.983	16.130
0.527	11.998	16.129
0.528	12.006	16.155
0.528	12.023	16.126
0.529	12.047	16.132
0.531	12.084	16.118
0.532	12.101	16.121
0.532	12.114	16.119
0.533	12.124	16.140
0.533	12.145	16.119
0.534	12.165	16.115
0.535	12.188	16.108
0.535	12.202	16.119
0.536	12.220	16.115
0.537	12.240	16.111
0.538	12.258	16.113
0.538	12.275	16.058
0.538	12.280	16.116
0.539	12.286	16.114
0.539	12.297	16.106
0.539	12.305	16.115
0.540	12.324	16.114
0.540	12.335	16.107
0.541	12.349	16.106
0.542	12.365	16.106
0.542	12.376	16.115
0.543	12.386	16.106
0.543	12.400	16.124
0.545	12.430	16.106
0.546	12.454	16.106
0.546	12.470	16.106
0.547	12.485	16.092
0.548	12.502	16.092
0.549	12.526	16.109
0.550	12.552	16.089
0.550	12.571	16.087
0.551	12.588	16.085
0.552	12.603	16.088
0.553	12.635	16.086
0.554	12.656	16.102
0.554	12.680	16.084
0.555	12.692	16.087
0.556	12.724	16.079
0.557	12.740	16.090
0.558	12.757	16.073
0.558	12.774	16.079
0.559	12.796	16.079
0.560	12.813	16.078
0.560	12.827	16.075
0.561	12.845	16.079
0.562	12.861	16.081
0.562	12.876	16.078
0.563	12.888	16.077
0.563	12.901	16.068
0.564	12.916	16.068
0.565	12.927	16.080
0.565	12.946	16.065
0.567	12.971	16.066
0.568	12.997	16.081
0.569	13.031	16.071
0.570	13.053	16.068
0.570	13.057	16.068
0.570	13.061	16.065
0.571	13.081	16.063
0.573	13.131	16.092
0.574	13.170	16.062
0.576	13.197	16.061
0.577	13.228	16.063
0.578	13.254	16.054
0.578	13.257	16.064
0.578	13.255	16.078
0.578	13.259	16.058
0.578	13.269	16.050
0.579	13.288	16.048
0.579	13.293	16.052
0.580	13.310	16.049
0.581	13.333	16.042
0.582	13.361	16.047
0.583	13.378	16.064
0.583	13.395	16.047
0.584	13.415	16.041
0.585	13.430	16.042
0.585	13.436	16.070
0.587	13.468	16.043
0.588	13.498	16.039
0.588	13.515	16.045
0.589	13.527	16.037
0.589	13.538	16.035
0.590	13.547	16.066
0.590	13.561	16.044
0.590	13.570	16.031
0.590	13.578	16.035
0.591	13.602	16.039
0.592	13.624	16.042
0.593	13.648	16.053
0.594	13.670	16.030
0.595	13.683	16.032
0.595	13.691	16.021
0.595	13.708	16.027
0.595	13.711	16.028
0.595	13.713	16.031
0.596	13.726	16.026
0.597	13.741	16.023
0.597	13.751	16.025
0.597	13.755	16.029
0.598	13.775	16.028
0.599	13.792	16.017
0.600	13.810	16.041
0.600	13.828	16.025
0.601	13.839	16.026
0.601	13.847	16.022
0.602	13.857	16.020
0.602	13.865	16.017
0.602	13.873	16.034
0.603	13.889	16.028
0.603	13.902	16.020
0.604	13.917	16.027
0.605	13.942	16.011
0.606	13.971	16.017
0.607	13.981	16.030
0.607	13.995	16.020
0.608	14.005	16.019
0.608	14.020	16.011
0.609	14.038	16.020
0.610	14.059	16.009
0.610	14.073	16.024
0.611	14.090	16.008
0.611	14.103	16.005
0.612	14.115	16.005
0.612	14.127	16.001
0.613	14.152	16.002
0.614	14.166	16.028
0.615	14.182	16.002
0.615	14.196	15.996
0.615	14.206	16.005
0.616	14.223	15.992
0.617	14.245	15.994
0.617	14.254	16.013
0.618	14.267	15.997
0.618	14.279	16.000
0.619	14.289	16.000
0.619	14.298	15.988
0.619	14.304	15.996
0.619	14.315	15.996
0.620	14.321	16.000
0.620	14.334	15.991
0.621	14.355	15.993
0.622	14.381	15.990
0.624	14.415	15.985
0.626	14.454	15.979
0.626	14.475	15.988
0.627	14.492	15.986
0.627	14.493	15.992
0.627	14.503	15.981
0.628	14.520	15.976
0.629	14.551	15.985
0.630	14.585	15.982
0.631	14.598	15.980
0.631	14.610	15.980
0.632	14.624	15.979
0.632	14.633	15.975
0.633	14.646	15.969
0.634	14.666	15.988
0.634	14.686	15.982
0.635	14.705	15.986
0.635	14.719	15.971
0.636	14.728	15.968
0.636	14.740	15.946
0.637	14.750	15.999
0.637	14.772	15.979
0.638	14.793	15.973
0.639	14.802	15.971
0.639	14.808	15.973
0.639	14.819	15.969
0.639	14.830	15.993
0.640	14.848	15.968
0.640	14.855	15.973
0.642	14.878	15.964
0.643	14.897	15.962
0.643	14.912	15.959
0.644	14.931	15.972
0.644	14.954	15.962
0.645	14.966	15.960
0.646	14.982	15.963
0.646	14.998	15.955
0.647	15.012	15.956
0.647	15.029	15.955
0.649	15.057	15.963
0.649	15.072	15.949
0.650	15.088	15.960
0.651	15.104	15.952
0.651	15.118	15.949
0.652	15.139	15.946
0.652	15.148	15.953
0.653	15.154	15.950
0.653	15.161	15.946
0.653	15.164	15.954
0.653	15.166	15.954
0.653	15.170	15.945
0.653	15.171	15.979
0.653	15.183	15.953
0.653	15.194	15.953
0.653	15.201	15.954
0.654	15.202	15.953
0.654	15.206	15.950
0.654	15.208	15.976
0.655	15.225	15.944
0.655	15.238	15.944
0.656	15.251	15.940
0.657	15.274	15.940
0.659	15.315	15.939
0.659	15.332	15.942
0.660	15.342	15.936
0.661	15.363	15.931
0.661	15.376	15.942
0.661	15.389	15.934
0.662	15.403	15.938
0.663	15.424	15.934
0.664	15.452	15.936
0.665	15.475	15.944
0.666	15.490	15.921
0.666	15.506	15.934
0.668	15.538	15.936
0.669	15.568	15.931
0.670	15.589	15.935
0.670	15.604	15.927
0.671	15.619	15.929
0.671	15.638	15.922
0.672	15.656	15.908
0.673	15.669	15.919
0.674	15.694	15.932
0.675	15.715	15.919
0.675	15.721	15.911
0.675	15.732	15.915
0.676	15.752	15.909
0.677	15.772	15.913
0.679	15.801	15.935
0.680	15.837	15.909
0.681	15.857	15.919
0.682	15.892	15.906
0.683	15.923	15.899
0.685	15.948	15.908
0.686	15.979	15.927
0.687	16.004	15.901
0.688	16.029	15.894
0.689	16.067	15.898
0.690	16.090	15.894
0.691	16.109	15.901
0.692	16.134	15.916
0.693	16.161	15.891
0.695	16.206	15.899
0.695	16.226	15.885
0.696	16.239	15.888
0.696	16.242	15.885
0.695	16.243	15.893
0.695	16.245	15.887
0.695	16.247	15.881
0.695	16.248	15.887
0.695	16.252	15.861
0.695	16.254	15.884
0.695	16.250	15.913
0.695	16.259	15.883
0.695	16.263	15.886
0.696	16.267	15.889
0.695	16.269	15.882
0.695	16.269	15.887
0.696	16.268	15.896
0.695	16.271	15.892
0.696	16.273	15.881
0.696	16.273	15.883
0.696	16.274	15.880
0.696	16.273	15.889
0.696	16.276	15.878
0.696	16.276	15.887
0.696	16.278	15.876
0.696	16.277	15.881
0.696	16.278	15.879
0.696	16.278	15.888
0.696	16.278	15.886
0.696	16.274	15.907
0.696	16.278	15.888
0.696	16.278	15.888
0.696	16.280	15.878
0.696	16.280	15.883
0.696	16.280	15.884
0.696	16.276	15.905
0.696	16.281	15.880
0.696	16.281	15.892
0.696	16.283	15.880
0.696	16.287	15.856
0.696	16.285	15.885
0.696	16.286	15.881
0.696	16.287	15.880
0.696	16.287	15.885
0.696	16.288	15.880
0.696	16.288	15.885
0.696	16.211	16.252
0.696	16.287	15.890
0.696	16.283	15.912
0.696	16.288	15.884
0.696	16.287	15.895
0.696	16.290	15.881
0.696	16.291	15.884
0.696	16.291	15.887
0.697	16.289	15.900
0.696	16.293	15.891
0.697	16.294	15.885
0.697	16.295	15.882
0.697	16.296	15.885
0.697	16.297	15.887
0.697	16.299	15.885
0.697	16.297	15.900
0.697	16.298	15.897
0.697	16.300	15.884
0.697	16.299	15.886
0.697	16.299	15.890
0.697	16.300	15.886
0.697	16.297	15.906
0.697	16.304	15.886
0.697	16.306	15.884
0.697	16.312	15.838
0.697	16.308	15.885
0.697	16.307	15.895
0.697	16.305	15.911
0.697	16.311	15.886
0.697	16.310	15.892
0.697	16.313	15.879
0.697	16.313	15.886
0.697	16.314	15.882
0.697	16.314	15.880
0.697	16.312	15.890
0.697	16.314	15.878
0.697	16.315	15.881
0.697	16.315	15.888
0.697	16.317	15.889
0.697	16.328	15.881
0.698	16.335	15.916
0.709	16.538	15.871
0.728	16.942	15.859
0.727	16.966	15.860
0.727	16.967	15.851
0.726	16.968	15.843
0.726	16.968	15.845
0.725	16.968	15.853
0.725	16.968	15.846
0.725	16.969	15.841
0.725	16.967	15.854
0.724	16.968	15.848
0.724	16.967	15.859
0.724	16.966	15.863
0.724	16.968	15.849
0.724	16.969	15.838
0.724	16.968	15.851
0.724	16.967	15.852
0.724	16.964	15.866
0.724	16.968	15.846
0.724	16.968	15.849
0.724	16.968	15.850
0.724	16.968	15.852
0.724	16.968	15.853
0.724	16.968	15.847
0.724	16.968	15.852
0.724	16.966	15.858
0.724	16.968	15.848
0.723	16.967	15.854
0.724	16.968	15.848
0.723	16.968	15.850
0.723	16.963	15.872
0.724	16.969	15.846
0.724	16.969	15.846
0.724	16.969	15.844
0.724	16.968	15.849
0.723	16.968	15.851
0.723	16.964	15.869
0.723	16.967	15.853
0.723	16.968	15.850
0.723	16.968	15.847
0.724	16.968	15.848
0.724	16.968	15.848
0.723	16.968	15.841
0.723	16.968	15.844
0.723	16.967	15.853
0.723	16.974	15.794
0.723	16.967	15.846
0.723	16.967	15.851
0.723	16.967	15.851
0.723	16.966	15.854
0.723	16.967	15.856
0.723	16.968	15.848
0.723	16.967	15.855
0.723	16.967	15.852
0.723	16.968	15.846
0.723	16.963	15.873
0.723	16.967	15.854
0.723	16.969	15.846
0.723	16.968	15.853
0.723	16.968	15.856
0.723	16.969	15.853
0.723	16.969	15.851
0.723	16.969	15.853
0.723	16.969	15.854
0.723	16.970	15.841
0.723	16.969	15.851
0.723	16.969	15.848
0.723	16.969	15.851
0.723	16.965	15.873
0.723	16.969	15.847
0.723	16.969	15.850
0.723	16.968	15.854
0.723	16.968	15.849
0.723	16.969	15.847
0.723	16.963	15.876
0.723	16.968	15.858
0.723	16.971	15.825
0.723	16.968	15.854
0.723	16.970	15.847
0.724	16.970	15.859
0.724	16.973	15.850
0.724	16.974	15.851
0.724	16.977	15.853
0.724	16.980	15.852
0.724	16.985	15.847
0.724	16.992	15.845
0.724	16.998	15.843
0.724	17.004	15.850
0.725	17.014	15.844
0.725	17.024	15.841
0.726	17.044	15.847
0.727	17.054	15.857
0.727	17.063	15.847
0.727	17.070	15.863
0.727	17.080	15.842
0.728	17.088	15.842
0.730	17.117	15.848
0.730	17.136	15.848
0.730	17.143	15.848
0.730	17.147	15.862
0.730	17.156	15.852
0.731	17.161	15.839
0.731	17.164	15.843
0.731	17.170	15.842
0.731	17.178	15.838
0.731	17.179	15.854
0.732	17.190	15.830
0.732	17.203	15.795
0.732	17.207	15.832
0.734	17.236	15.825
0.734	17.250	15.828
0.735	17.250	15.853
0.735	17.259	15.841
0.735	17.270	15.821
0.737	17.302	15.833
0.737	17.311	15.822
0.737	17.315	15.829
0.737	17.320	15.829
0.737	17.325	15.823
0.737	17.329	15.833
0.739	17.356	15.837
0.740	17.377	15.824
0.740	17.390	15.818
0.740	17.395	15.829
0.740	17.399	15.829
0.740	17.401	15.828
0.740	17.403	15.821
0.740	17.403	15.829
0.740	17.408	15.826
0.741	17.415	15.825
0.741	17.418	15.850
0.742	17.447	15.821
0.743	17.458	15.829
0.743	17.466	15.824
0.743	17.478	15.822
0.743	17.484	15.825
0.744	17.498	15.822
0.745	17.521	15.826
0.746	17.538	15.808
0.746	17.542	15.824
0.746	17.551	15.813
0.746	17.557	15.811
0.746	17.555	15.838
0.746	17.565	15.816
0.747	17.571	15.815
0.747	17.582	15.816
0.747	17.589	15.814
0.747	17.593	15.809
0.748	17.597	15.809
0.748	17.597	15.830
0.748	17.603	15.808
0.748	17.603	15.808
0.748	17.609	15.806
0.748	17.616	15.817
0.748	17.622	15.811
0.749	17.623	15.830
0.749	17.638	15.809
0.751	17.664	15.817
0.751	17.673	15.806
0.751	17.676	15.803
0.751	17.677	15.810
0.751	17.675	15.825
0.751	17.679	15.811
0.751	17.684	15.805
0.751	17.693	15.806
0.752	17.703	15.817
0.752	17.717	15.804
0.754	17.736	15.801
0.754	17.744	15.808
0.754	17.757	15.795
0.755	17.772	15.810
0.755	17.783	15.799
0.756	17.790	15.799
0.756	17.793	15.800
0.756	17.788	15.834
0.756	17.796	15.808
0.756	17.803	15.801
0.758	17.834	15.800
0.759	17.863	15.796
0.759	17.864	15.801
0.759	17.862	15.815
0.759	17.870	15.797
0.759	17.873	15.798
0.759	17.878	15.799
0.759	17.889	15.795
0.761	17.920	15.794
0.762	17.946	15.791
0.763	17.971	15.793
0.764	17.989	15.789
0.764	17.997	15.792
0.764	18.002	15.789
0.764	18.008	15.785
0.764	18.014	15.784
0.764	18.018	15.797
0.765	18.033	15.782
0.767	18.062	15.791
0.767	18.069	15.785
0.767	18.076	15.781
0.767	18.083	15.789
0.767	18.086	15.804
0.767	18.106	15.753
0.769	18.125	15.789
0.769	18.135	15.779
0.769	18.140	15.792
0.769	18.149	15.783
0.770	18.159	15.786
0.770	18.169	15.781
0.771	18.186	15.785
0.771	18.196	15.778
0.772	18.199	15.791
0.772	18.213	15.779
0.773	18.229	15.783
0.773	18.231	15.815
0.773	18.247	15.778
0.774	18.254	15.780
0.774	18.265	15.780
0.775	18.291	15.773
0.777	18.318	15.785
0.777	18.328	15.799
0.778	18.354	15.765
0.779	18.370	15.769
0.779	18.375	15.771
0.779	18.383	15.771
0.780	18.403	15.763
0.780	18.402	15.802
0.780	18.417	15.765
0.780	18.422	15.762
0.780	18.426	15.766
0.781	18.429	15.764
0.781	18.435	15.763
0.782	18.456	15.798
0.782	18.468	15.760
0.783	18.476	15.767
0.783	18.484	15.764
0.783	18.489	15.763
0.783	18.495	15.760
0.784	18.501	15.761
0.784	18.509	15.760
0.786	18.537	15.762
0.786	18.544	15.770
0.786	18.550	15.757
0.786	18.555	15.760
0.786	18.560	15.756
0.786	18.560	15.777
0.786	18.570	15.762
0.786	18.578	15.757
0.788	18.590	15.763
0.788	18.600	15.757
0.788	18.608	15.755
0.788	18.608	15.785
0.788	18.625	15.757
0.789	18.641	15.759
0.790	18.651	15.757
0.790	18.664	15.749
0.791	18.678	15.751
0.791	18.682	15.775
0.792	18.702	15.756
0.793	18.718	15.757
0.793	18.736	15.743
0.794	18.747	15.740
0.794	18.758	15.737
0.795	18.769	15.750
0.795	18.779	15.738
0.795	18.785	15.735
0.796	18.792	15.741
0.796	18.806	15.740
0.797	18.833	15.735
0.798	18.842	15.741
0.798	18.852	15.747
0.798	18.858	15.745
0.798	18.870	15.733
0.799	18.874	15.742
0.800	18.896	15.739
0.800	18.906	15.731
0.800	18.902	15.752
0.800	18.913	15.737
0.800	18.923	15.739
0.801	18.929	15.732
0.801	18.933	15.744
0.801	18.941	15.728
0.803	18.964	15.749
0.803	18.982	15.735
0.803	18.986	15.730
0.803	18.993	15.724
0.804	19.001	15.727
0.804	19.008	15.728
0.806	19.032	15.731
0.806	19.043	15.741
0.806	19.051	15.729
0.806	19.054	15.742
0.806	19.063	15.725
0.806	19.074	15.728
0.807	19.092	15.701
0.808	19.096	15.732
0.808	19.106	15.729
0.808	19.113	15.726
0.808	19.123	15.725
0.809	19.136	15.723
0.810	19.150	15.720
0.810	19.153	15.745
0.810	19.167	15.723
0.811	19.180	15.721
0.811	19.194	15.719
0.812	19.203	15.720
0.812	19.211	15.717
0.812	19.222	15.714
0.813	19.238	15.716
0.814	19.256	15.717
0.814	19.266	15.713
0.816	19.284	15.715
0.816	19.293	15.723
0.816	19.299	15.723
0.816	19.306	15.722
0.816	19.313	15.714
0.816	19.321	15.715
0.816	19.325	15.708
0.816	19.329	15.712
0.816	19.335	15.709
0.817	19.335	15.736
0.818	19.362	15.715
0.819	19.377	15.710
0.819	19.386	15.711
0.819	19.391	15.704
0.819	19.397	15.705
0.819	19.399	15.711
0.819	19.403	15.710
0.820	19.408	15.712
0.821	19.438	15.710
0.822	19.453	15.704
0.822	19.459	15.704
0.822	19.466	15.707
0.822	19.465	15.733
0.822	19.403	15.977
0.822	19.480	15.708
0.822	19.485	15.704
0.823	19.488	15.711
0.823	19.492	15.703
0.823	19.487	15.731
0.823	19.497	15.708
0.823	19.502	15.710
0.823	19.506	15.704
0.823	19.511	15.699
0.823	19.514	15.699
0.824	19.517	15.704
0.824	19.522	15.704
0.824	19.526	15.704
0.824	19.529	15.698
0.824	19.536	15.692
0.824	19.541	15.695
0.825	19.544	15.707
0.825	19.553	15.702
0.825	19.561	15.699
0.825	19.569	15.706
0.826	19.578	15.696
0.826	19.585	15.687
0.827	19.594	15.669
0.827	19.595	15.714
0.827	19.602	15.725
0.827	19.613	15.697
0.828	19.619	15.689
0.828	19.626	15.700
0.828	19.637	15.694
0.829	19.644	15.710
0.830	19.663	15.698
0.830	19.666	15.702
0.830	19.673	15.693
0.830	19.681	15.693
0.831	19.688	15.691
0.831	19.693	15.694
0.831	19.700	15.699
0.832	19.718	15.689
0.833	19.740	15.687
0.833	19.752	15.694
0.834	19.759	15.689
0.834	19.759	15.698
0.834	19.758	15.709
0.834	19.770	15.685
0.834	19.775	15.686
0.835	19.786	15.682
0.836	19.805	15.687
0.836	19.824	15.685
0.837	19.829	15.709
0.838	19.859	15.684
0.838	19.868	15.686
0.839	19.876	15.691
0.839	19.880	15.686
0.839	19.895	15.617
0.839	19.891	15.689
0.839	19.898	15.693
0.840	19.906	15.676
0.840	19.910	15.677
0.840	19.920	15.672
0.840	19.932	15.672
0.840	19.943	15.676
0.841	19.949	15.698
0.843	19.984	15.668
0.843	20.002	15.670
0.844	20.007	15.687
0.844	20.020	15.667
0.845	20.030	15.680
0.845	20.043	15.687
0.845	20.055	15.669
0.845	20.059	15.674
0.846	20.067	15.665
0.846	20.077	15.663
0.846	20.087	15.672
0.847	20.092	15.670
0.847	20.098	15.668
0.847	20.108	15.666
0.847	20.114	15.666
0.848	20.118	15.673
0.848	20.128	15.662
0.849	20.140	15.675
0.849	20.150	15.668
0.850	20.159	15.665
0.850	20.168	15.663
0.850	20.176	15.664
0.850	20.185	15.646
0.851	20.196	15.605
0.851	20.192	15.686
0.851	20.205	15.660
0.851	20.209	15.662
0.852	20.217	15.661
0.853	20.242	15.665
0.854	20.251	15.675
0.854	20.261	15.666
0.855	20.292	15.666
0.856	20.318	15.655
0.857	20.328	15.663
0.857	20.335	15.663
0.857	20.342	15.651
0.857	20.349	15.659
0.858	20.360	15.657
0.858	20.369	15.651
0.859	20.381	15.648
0.860	20.405	15.651
0.860	20.419	15.648
0.860	20.422	15.662
0.860	20.420	15.672
0.860	20.428	15.651
0.860	20.431	15.653
0.860	20.441	15.641
0.861	20.451	15.647
0.861	20.461	15.647
0.862	20.480	15.645
0.863	20.488	15.647
0.863	20.496	15.644
0.864	20.519	15.643
0.864	20.530	15.645
0.865	20.537	15.646
0.865	20.543	15.651
0.865	20.548	15.650
0.865	20.556	15.648
0.865	20.562	15.650
0.865	20.565	15.643
0.866	20.569	15.648
0.866	20.576	15.652
0.866	20.578	15.665
0.866	20.590	15.648
0.866	20.597	15.642
0.866	20.601	15.637
0.867	20.605	15.641
0.867	20.608	15.654
0.867	20.613	15.643
0.867	20.618	15.637
0.867	20.621	15.639
0.868	20.624	15.634
0.868	20.626	15.641
0.868	20.630	15.637
0.868	20.634	15.638
0.868	20.633	15.662
0.868	20.641	15.647
0.868	20.645	15.635
0.869	20.646	15.641
0.869	20.648	15.646
0.869	20.649	15.643
0.869	20.646	15.664
0.869	20.657	15.644
0.869	20.659	15.640
0.869	20.664	15.643
0.869	20.673	15.614
0.870	20.673	15.639
0.870	20.679	15.639
0.870	20.687	15.636
0.870	20.694	15.632
0.871	20.700	15.636
0.871	20.705	15.643
0.872	20.726	15.646
0.872	20.747	15.633
0.873	20.753	15.640
0.874	20.769	15.633
0.874	20.779	15.636
0.874	20.784	15.631
0.874	20.789	15.634
0.875	20.796	15.630
0.875	20.802	15.637
0.875	20.816	15.629
0.876	20.838	15.629
0.877	20.845	15.631
0.877	20.850	15.638
0.877	20.858	15.625
0.877	20.861	15.631
0.877	20.864	15.630
0.877	20.867	15.624
0.877	20.869	15.623
0.877	20.872	15.629
0.877	20.875	15.632
0.877	20.872	15.650
0.877	20.883	15.623
0.877	20.885	15.625
0.877	20.887	15.622
0.878	20.890	15.619
0.877	20.893	15.634
0.878	20.901	15.622
0.878	20.906	15.621
0.878	20.910	15.622
0.879	20.916	15.618
0.879	20.920	15.618
0.879	20.927	15.623
0.879	20.936	15.616
0.880	20.938	15.643
0.880	20.950	15.616
0.880	20.956	15.626
0.880	20.965	15.622
0.882	20.986	15.620
0.882	20.992	15.621
0.882	20.991	15.644
0.882	21.001	15.620
0.882	21.006	15.623
0.883	21.014	15.627
0.883	21.024	15.619
0.883	21.032	15.625
0.884	21.043	15.618
0.885	21.059	15.622
0.885	21.073	15.615
0.885	21.076	15.615
0.886	21.084	15.618
0.886	21.091	15.624
0.886	21.101	15.606
0.887	21.105	15.633
0.888	21.134	15.605
0.888	21.142	15.613
0.888	21.157	15.584
0.889	21.162	15.613
0.889	21.175	15.605
0.890	21.185	15.633
0.890	21.197	15.616
0.891	21.208	15.611
0.891	21.225	15.608
0.892	21.238	15.609
0.893	21.258	15.612
0.894	21.276	15.601
0.894	21.281	15.606
0.894	21.288	15.611
0.894	21.300	15.600
0.896	21.321	15.616
0.896	21.340	15.603
0.896	21.346	15.621
0.897	21.364	15.597
0.897	21.374	15.606
0.898	21.387	15.603
0.898	21.398	15.601
0.898	21.401	15.597
0.898	21.406	15.597
0.898	21.408	15.604
0.899	21.422	15.599
0.899	21.431	15.601
0.900	21.463	15.592
0.901	21.478	15.596
0.902	21.485	15.601
0.902	21.492	15.614
0.903	21.506	15.590
0.903	21.512	15.586
0.904	21.516	15.587
0.904	21.517	15.600
0.904	21.523	15.593
0.905	21.521	15.614
0.905	21.530	15.592
0.905	21.535	15.591
0.906	21.542	15.587
0.907	21.547	15.593
0.907	21.553	15.582
0.907	21.557	15.585
0.908	21.561	15.589
0.908	21.565	15.592
0.909	21.571	15.588
0.910	21.577	15.589
0.910	21.581	15.599
0.911	21.586	15.587
0.911	21.581	15.613
0.912	21.592	15.587
0.912	21.596	15.590
0.913	21.600	15.588
0.914	21.605	15.575
0.914	21.607	15.586
0.914	21.604	15.609
0.915	21.614	15.584
0.915	21.615	15.584
0.915	21.618	15.582
0.916	21.619	15.594
0.916	21.624	15.585
0.917	21.629	15.583
0.918	21.631	15.590
0.918	21.634	15.581
0.918	21.637	15.577
0.918	21.637	15.582
0.919	21.638	15.588
0.919	21.640	15.582
0.919	21.634	15.610
0.920	21.643	15.582
0.920	21.645	15.581
0.920	21.646	15.586
0.921	21.646	15.598
0.921	21.651	15.587
0.921	21.646	15.601
0.922	21.653	15.583
0.922	21.655	15.586
0.923	21.657	15.585
0.923	21.658	15.586
0.923	21.661	15.582
0.924	21.661	15.590
0.924	21.665	15.582
0.925	21.667	15.583
0.925	21.669	15.582
0.925	21.672	15.542
0.926	21.670	15.584
0.926	21.674	15.580
0.927	21.676	15.579
0.929	21.683	15.580
0.931	21.681	15.617
0.932	21.697	15.580
0.933	21.701	15.576
0.933	21.702	15.581
0.934	21.699	15.605
0.934	21.709	15.578
0.934	21.714	15.557
0.935	21.711	15.588
0.935	21.711	15.585
0.935	21.715	15.579
0.935	21.708	15.600
0.936	21.717	15.582
0.936	21.718	15.587
0.936	21.721	15.576
0.937	21.722	15.580
0.937	21.724	15.579
0.937	21.725	15.581
0.937	21.724	15.591
0.938	21.727	15.589
0.938	21.728	15.584
0.938	21.731	15.578
0.939	21.730	15.591
0.939	21.734	15.585
0.940	21.730	15.606
0.941	21.741	15.575
0.941	21.742	15.579
0.942	21.744	15.585
0.942	21.747	15.578
0.942	21.747	15.584
0.943	21.749	15.578
0.944	21.751	15.580
0.944	21.756	15.576
0.945	21.759	15.579
0.947	21.764	15.580
0.949	21.773	15.581
0.950	21.769	15.598
0.951	21.775	15.583
0.953	21.778	15.558
0.955	21.775	15.582
0.957	21.776	15.578
0.958	21.777	15.576
0.960	21.776	15.572
0.962	21.776	15.582
0.964	21.776	15.577
0.964	21.776	15.579
0.964	21.777	15.579
0.964	21.776	15.576
0.964	21.776	15.577
0.964	21.769	15.607
0.964	21.777	15.573
0.964	21.776	15.576
0.964	21.776	15.580
0.964	21.776	15.574
0.964	21.776	15.580
0.965	21.771	15.592
0.965	21.776	15.580
0.966	21.776	15.577
0.967	21.776	15.575
0.967	21.774	15.584
0.967	21.776	15.580
0.967	21.776	15.578
0.967	21.777	15.574
0.967	21.775	15.578
0.967	21.776	15.577
0.967	21.777	15.576
0.967	21.777	15.576
0.967	21.776	15.580
0.967	21.720	15.773
0.967	21.778	15.557
0.967	21.775	15.581
0.967	21.776	15.576
0.967	21.688	15.855
0.968	21.776	15.579
0.967	21.768	15.603
0.967	21.776	15.580
0.967	21.773	15.592
0.968	21.776	15.578
0.967	21.760	15.625
0.967	21.608	16.110
