2 -1.7458 -0.91158 0.00316463 0.000809024
2.02 -1.73038 -0.904196 0.0034944 0.00102152
2.04 -1.71473 0.896304 0.00376703 0.00139108
2.06 -1.69779 0.888427 0.0040407 0.00148308
2.08 -1.68141 0.879959 0.00434702 0.00164115
2.1 -1.6618 -0.868564 0.00484174 0.00226633
2.12 -1.64368 0.858425 0.00508105 0.00248585
2.14 -1.62006 -0.842847 0.00560585 0.00336904
2.16 -1.5972 -0.828048 0.0061617 0.00454973
2.18 -1.57365 0.808275 0.00686316 0.00732732
2.2 -1.54914 0.791104 0.00719974 0.00831311
2.22 -1.52035 -0.290182 0.0077875 0.512409
2.24 -1.48453 -0.159002 0.0089188 0.517558
2.26 -1.45046 -0.361265 0.0101359 0.357503
2.28 -1.41795 0.241897 0.0108534 0.385921
2.3 -1.37809 -0.00222404 0.0111609 0.382849
2.32 -1.33746 0.0700055 0.0110326 0.306493
2.34 -1.30277 0.111609 0.0106722 0.248936
2.36 -1.27083 0.0481092 0.00962184 0.217584
2.38 -1.24444 0.0163575 0.00919512 0.187485
