2 -1.74533 0.911066 0.00117621 0.000321274
2.02 -1.73076 -0.904577 0.00123405 0.000351876
2.04 -1.7151 0.89693 0.00132682 0.000433809
2.06 -1.69827 -0.888557 0.0014505 0.000512459
2.08 -1.68025 0.878907 0.00157057 0.000623867
2.1 -1.66223 -0.868898 0.00168559 0.000768662
2.12 -1.64218 -0.857406 0.00180859 0.000908153
2.14 -1.6196 0.841465 0.0020593 0.001416
2.16 -1.59895 -0.827976 0.00224041 0.00189222
2.18 -1.57402 0.810289 0.00241799 0.00225388
2.2 -1.54619 0.786388 0.00266575 0.00338631
2.22 -1.51775 -0.755091 0.0031457 0.00774727
2.24 -1.48441 -0.715755 0.00339957 0.00990471
2.26 -1.4492 0.148063 0.00413062 0.439905
2.28 -1.40986 0.0115144 0.00433008 0.387332
2.3 -1.36902 0.0201906 0.00444604 0.30955
2.32 -1.31331 -0.0429933 0.00399276 0.168688
2.34 -1.28498 0.0359571 0.00349787 0.136457
2.36 -1.25595 -0.0276118 0.00316035 0.103566
2.38 -1.23218 0.0301777 0.00305078 0.0866387
