0.0295		224049
0.029		224049
0.0285		224049
0.028		224049
0.0275		224049
0.027		224049
0.0265		224049
0.026		221190
0.0255		216903
0.025		212688
0.0245		208398
0.024		204242
0.0235		200031
0.023		195840
0.0225		191634
0.022		187407
0.0215		183127
0.021		178823
0.0205		174621
0.02		170280
0.0195		165912
0.019		161561
0.0185		157335
0.018		153078
0.0175		148851
0.017		144481
0.0165		140193
0.016		135828
0.0155		131603
0.015		127311
0.0145		123025
0.014		118749
0.0135		114569
0.013		110267
0.0125		105905
0.012		101687
0.0115		97354
0.011		93223
0.0105		88934
0.01		84585
0.0095		80342
0.009		76134
0.0085		71939
0.008		67735
0.0075		63541
0.007		59343
0.0065		55075
0.006		50813
0.0055		46649
0.005		42382
0.0045		38159
0.004		33911
0.0035		29639
0.003		25406
0.0025		21273
0.002		17012
0.0015		12739
0.001		8417
0.0005		4206
