890000.0		32293
880000.0		31945
870000.0		31578
860000.0		31215
850000.0		30893
840000.0		30515
830000.0		30188
820000.0		29837
810000.0		29503
800000.0		29115
790000.0		28781
780000.0		28449
770000.0		28042
760000.0		27633
750000.0		27254
740000.0		26880
730000.0		26554
720000.0		26190
710000.0		25830
700000.0		25474
690000.0		25088
680000.0		24733
670000.0		24367
660000.0		24011
650000.0		23638
640000.0		23253
630000.0		22895
620000.0		22535
610000.0		22194
600000.0		21812
590000.0		21432
580000.0		21100
570000.0		20718
560000.0		20342
550000.0		20000
540000.0		19632
530000.0		19270
520000.0		18914
510000.0		18542
500000.0		18176
490000.0		17795
480000.0		17430
470000.0		17097
460000.0		16705
450000.0		16350
440000.0		15957
430000.0		15593
420000.0		15236
410000.0		14851
400000.0		14519
390000.0		14179
380000.0		13792
370000.0		13440
360000.0		13065
350000.0		12656
340000.0		12276
330000.0		11905
320000.0		11552
310000.0		11201
300000.0		10836
290000.0		10459
280000.0		10088
270000.0		9749
260000.0		9366
250000.0		9017
240000.0		8669
230000.0		8305
220000.0		7937
210000.0		7559
200000.0		7215
190000.0		6864
180000.0		6516
170000.0		6171
160000.0		5789
150000.0		5398
140000.0		5030
130000.0		4662
120000.0		4266
110000.0		3916
100000.0		3544
90000.0		3202
80000.0		2844
70000.0		2484
60000.0		2112
50000.0		1757
40000.0		1394
30000.0		1035
20000.0		699
10000.0		352
