890000.0		24066
880000.0		23768
870000.0		23513
860000.0		23240
850000.0		22980
840000.0		22735
830000.0		22448
820000.0		22172
810000.0		21907
800000.0		21624
790000.0		21319
780000.0		21062
770000.0		20806
760000.0		20530
750000.0		20264
740000.0		19972
730000.0		19692
720000.0		19421
710000.0		19169
700000.0		18884
690000.0		18603
680000.0		18315
670000.0		18055
660000.0		17791
650000.0		17530
640000.0		17290
630000.0		17042
620000.0		16776
610000.0		16490
600000.0		16218
590000.0		15968
580000.0		15688
570000.0		15428
560000.0		15189
550000.0		14909
540000.0		14637
530000.0		14349
520000.0		14078
510000.0		13763
500000.0		13469
490000.0		13171
480000.0		12886
470000.0		12624
460000.0		12384
450000.0		12112
440000.0		11849
430000.0		11559
420000.0		11295
410000.0		11026
400000.0		10752
390000.0		10492
380000.0		10213
370000.0		9963
360000.0		9668
350000.0		9362
340000.0		9121
330000.0		8872
320000.0		8596
310000.0		8320
300000.0		8053
290000.0		7783
280000.0		7540
270000.0		7257
260000.0		6993
250000.0		6723
240000.0		6485
230000.0		6215
220000.0		5948
210000.0		5655
200000.0		5393
190000.0		5126
180000.0		4873
170000.0		4614
160000.0		4334
150000.0		4065
140000.0		3808
130000.0		3518
120000.0		3255
110000.0		2944
100000.0		2679
90000.0		2414
80000.0		2131
70000.0		1854
60000.0		1585
50000.0		1308
40000.0		1038
30000.0		778
20000.0		528
10000.0		263
