3.1	5.42772151915	0	0.771890030686
3.2	5.54324970816	0	0.809552733797
3.3	5.47783719232	0	0.951601206255
3.4	5.70842935348	0	0.827941817213
3.5	5.55276067714	0	0.82560578276
3.6	5.68893405809	0	0.80566997487
3.7	5.42950025559	0	0.794356160306
3.8	5.72172890909	0	0.745829325559
3.9	5.6530243928	0	0.782898282397
4.0	5.29871764176	0	1.01060965852
4.1	5.45453741622	0	0.85111539697
4.2	5.47046155447	0	0.881306901647
4.3	5.49335383257	0	0.879938202436
4.4	5.57174138323	0	0.867177631703
4.5	5.5597207241	0	0.881662464207
4.6	5.76952394678	0	0.948014108778
4.7	5.44421852417	0	0.890023420601
4.8	5.67484142506	0	1.01394566685
4.9	5.57925377224	0	0.957102461188
5.0	5.60954574243	0	0.961908557576
5.1	5.56871659077	0	0.778359664155
5.2	5.20101487165	0	0.972354961484
5.3	4.79604920846	0	0.942038269615
5.4	4.84686856549	0	0.932223706317
5.5	5.04092282995	0	0.904696425848
5.6	4.7700395903	0	0.960439616805
5.7	5.03083359589	0	0.992589005493
5.8	4.95921929566	0	0.850547298358
5.9	4.99941289183	0	0.964316246469
6.0	5.36954682748	0	0.739452054232
6.1	5.4036905195	0	0.830063867986
6.2	5.27417345612	0	0.913031251012
6.3	5.48347267974	0	0.899913677743
6.4	5.47132718606	0	0.962777187235
6.5	5.70333672977	0	0.806329756272
6.6	5.37574427159	0	1.07428180214
6.7	5.51220792071	0	0.990654681184
6.8	5.7784839487	0	0.925574105263
6.9	5.30877035163	0	0.817163056714
7.0	4.96461737712	0	0.999750116252
7.1	4.87441435403	0	0.942321805205
7.2	5.04894960933	0	0.906837258689
7.3	5.11897278089	0	0.948572940848
7.4	5.34833695363	0	0.978825236567
7.5	5.753332811	0	0.740629478055
7.6	5.99234522917	0	0.998172376695
7.7	5.76264250982	0	0.832459303403
7.8	6.34183809489	0	1.00209131058
7.9	6.22483505402	0	0.866885157495
8.0	5.92301999876	0	0.938031347489
8.1	5.42702915259	0	0.879632494535
8.2	5.43188840371	0	0.92638656982
8.3	5.33656738225	0	1.01365124245
8.4	5.5230811834	0	0.906165922468
8.5	5.49782661754	0	1.00522626521
8.6	5.47682312864	0	0.847679625059
8.7	5.68043553555	0	1.00029945502
8.8	5.2709909801	0	0.859679868465
8.9	4.93061720274	0	0.964142242214
9.0	4.98133271812	0	0.969157445777
9.1	4.83017687245	0	0.919591229897
9.2	4.21108949945	0	0.845541285694
9.3	4.18868765557	0	1.02584840244
9.4	4.50655985138	0	0.924659949915
9.5	4.89892636272	0	0.891706862051
9.6	5.13957134338	0	0.955765102019
9.7	5.02878059966	0	1.03288085615
9.8	4.8956592863	0	0.932148690695
9.9	4.9760102558	0	0.946010663958
10.0	4.50158777799	0	0.938944828838
