3.2	4.46262776548
3.4	4.06357668914
3.6	4.12458126763
3.8	4.06063797241
4.0	4.10403431175
4.2	4.1125921384
4.4	4.30230398223
4.6	4.54874640132
4.8	3.95357034873
5.0	4.0414698152
5.2	3.9788060563
5.4	3.58265083111
5.6	3.53534199018
5.8	3.48998787536
6.0	3.14226377781
6.2	2.98436603729
6.4	2.64885990502
6.6	2.33494451572
6.8	2.13053805345
7.0	1.93589055372
7.2	2.23144885689
7.4	1.93822119202
7.6	2.18552716331
7.8	1.8977169815
8.0	1.97737833102
8.2	1.62669056695
8.4	1.55283776495
8.6	1.43082725803
8.8	1.36003456387
9.0	1.03750735218
9.2	0.316109339364
9.4	0.142727768573
9.6	0.629397546293
9.8	0.762435938935
10.0	0.7462576617
10.2	0.385256283905
10.4	0.648508006494
10.6	0.871040225861
10.8	0.611748542016
11.0	0.490959275875
11.2	0.0556073990405
11.4	0.102558901078
11.6	0.00260421357451
11.8	0.00283623511795
12.0	0.0102400008132
12.2	0.0344352701547
12.4	0.0251787526931
12.6	0.0534821465036
12.8	0.128807665738
13.0	0.114501003375
13.2	0.361387528768
13.4	0.214876879742
13.6	0.0515865420046
13.8	0.0323453364917
14.0	0.0615423752892
14.2	0.00147535457769
14.4	0.00357397427271
14.6	0.000735440861839
14.8	1.32636528045e-05
15.0	0.00289786058061
15.2	0.0164099956904
15.4	0.111861953597
15.6	0.00415785882129
15.8	7.00164634108e-05
16.0	0.000381060610078
16.2	0.000122531381703
16.4	0.00688636101179
16.6	0.172998965727
16.8	0.0931919474567
17.0	0.0511241023778
17.2	0.127126112228
17.4	0.0361624378736
17.6	0.0245367145865
17.8	0.00443417836331
18.0	0.0176916787685
18.2	7.81141828126e-05
18.4	1.40391774453e-06
18.6	0.00983462083537
18.8	0.00137874171224
19.0	6.35806064899e-05
19.2	0.00170703175628
19.4	5.24641260121e-05
19.6	2.51299143361e-07
19.8	0.000133711237406
20.0	0.00796892972359
