3.2	4.67821973422
3.4	4.25805378871
3.6	4.19805862637
3.8	3.84407699496
4.0	3.91520357953
4.2	3.80013362558
4.4	3.87583185837
4.6	4.3478735256
4.8	3.77152357243
5.0	4.0118296185
5.2	3.72481201612
5.4	3.31145113102
5.6	3.39424563517
5.8	3.33421224569
6.0	2.94111305597
6.2	3.00025903179
6.4	2.28888449966
6.6	2.05643475663
6.8	2.14774370049
7.0	1.88221662885
7.2	2.2108577922
7.4	1.74211449715
7.6	1.81375848834
7.8	1.58938891768
8.0	1.99032521952
8.2	1.55108344561
8.4	1.47647266182
8.6	1.40748754799
8.8	1.25238424234
9.0	0.869620866816
9.2	0.187472013224
9.4	0.216064874556
9.6	0.72775258922
9.8	0.613869963216
10.0	0.563921227973
10.2	0.231712281659
10.4	0.665399002216
10.6	0.795145805532
10.8	0.699712344905
11.0	0.436033341705
11.2	0.0681716470549
11.4	0.221519020138
11.6	0.0353628482558
11.8	0.105857243448
12.0	0.169227231355
12.2	0.282620969607
12.4	0.256872215488
12.6	0.45614761199
12.8	0.464104717895
13.0	0.332299314158
13.2	0.380400786215
13.4	0.337645238695
13.6	0.160405367036
13.8	0.193571388158
14.0	0.29083725315
14.2	0.125329513523
14.4	0.20597996714
14.6	0.387146709316
14.8	0.274852666545
15.0	0.509350893943
15.2	0.674115655385
15.4	0.495575809575
15.6	0.164945044624
15.8	0.0736917349847
16.0	0.110134524953
16.2	0.0903709494263
16.4	0.124630295214
16.6	0.495042924596
16.8	0.390755581417
17.0	0.317945504377
17.2	0.473668363627
17.4	0.26876369579
17.6	0.238642971975
17.8	0.150127903996
18.0	0.253112439245
