3.1	5.50511981515	0	0.693305092275
3.2	5.63443382551	0	0.923420138627
3.3	5.74939306169	0	0.866946420638
3.4	5.88774572679	0	0.870560006884
3.5	5.65137251184	0	0.836299996477
3.6	5.90790536658	0	0.786373461316
3.7	5.79937383073	0	0.829604998727
3.8	5.85851980954	0	0.966129968671
3.9	5.79910840438	0	0.973061111392
4.0	5.81272914636	0	0.869708756047
4.1	5.89270510821	0	0.790905376148
4.2	5.75923348084	0	0.877083297829
4.3	5.87671959705	0	0.891982465338
4.4	6.02360394739	0	0.881108260624
4.5	6.02210984355	0	0.922280987959
4.6	6.04269858317	0	0.916247718348
4.7	5.94534367786	0	0.825092318396
4.8	6.18809857885	0	0.957954750152
4.9	6.28022542307	0	0.84659673677
5.0	6.00448124077	0	0.887850161639
5.1	6.03701816269	0	0.974470373547
5.2	5.70889740349	0	0.897062357795
5.3	5.56555090531	0	0.903877481416
5.4	5.4946466304	0	0.984618996845
5.5	5.22961993639	0	0.876394122644
5.6	5.28765027728	0	0.992076596749
5.7	5.43226817563	0	0.888549209079
5.8	5.24301564999	0	0.90971345176
5.9	5.70580785024	0	0.868733128161
6.0	5.83464934228	0	0.839459849169
6.1	5.70540944841	0	0.932602568626
6.2	5.53572365231	0	0.862465822562
6.3	5.87705821455	0	0.95067461345
6.4	5.80128428213	0	0.925115020781
6.5	5.93671290022	0	0.847050731719
6.6	5.72563140501	0	0.891160953879
6.7	6.06599753439	0	0.946779005149
6.8	6.16970294616	0	0.909961310958
6.9	5.73263570346	0	0.830725949961
7.0	5.49935009833	0	1.00075802045
7.1	5.34182297872	0	0.864564944423
7.2	5.49528939977	0	0.846653891878
7.3	5.45096724168	0	0.964546505178
7.4	5.77795826532	0	0.863360314112
7.5	6.31069802428	0	0.8965581689
7.6	6.35116708765	0	0.895876694326
7.7	6.4996771901	0	0.80711954005
7.8	6.81472576911	0	0.887667899382
7.9	6.70332719106	0	0.945298486493
8.0	6.49157377931	0	0.964802740462
8.1	6.14019999114	0	0.964217292841
8.2	6.30966815592	0	0.862313678377
8.3	6.0438020099	0	0.960284472648
8.4	5.93505872126	0	0.917688373553
8.5	5.75624319883	0	0.90176876166
8.6	6.13417229317	0	0.855205472187
8.7	6.34579635954	0	0.894672451845
8.8	6.03430521595	0	0.873368797802
8.9	5.88764801769	0	0.843474670642
9.0	5.63344203774	0	0.897524511343
9.1	5.73426815463	0	0.904123869578
9.2	5.29127497607	0	0.858903231535
9.3	5.33561575984	0	1.04166008699
9.4	5.66690364705	0	0.831785740225
9.5	5.98290787206	0	0.901940348951
9.6	6.25932922371	0	0.833226655471
9.7	6.05628624259	0	0.929939714953
9.8	5.92394327745	0	0.870551469252
9.9	6.04930974771	0	0.789612052608
10.0	5.58226591488	0	0.797048224581
