-2200	209
-2199	206
-2198	206
-2197	211
-2196	211
-2195	207
-2194	211
-2193	214
-2192	211
-2191	210
-2190	215
-2189	216
-2188	213
-2187	214
-2186	219
-2185	219
-2184	215
-2183	219
-2182	221
-2181	219
-2180	218
-2179	223
-2178	223
-2177	220
-2176	221
-2175	227
-2174	225
-2173	223
-2172	225
-2171	228
-2170	225
-2169	225
-2168	229
-2167	230
-2166	227
-2165	229
-2164	233
-2163	231
-2162	229
-2161	233
-2160	235
-2159	231
-2158	231
-2157	237
-2156	236
-2155	233
-2154	235
-2153	239
-2152	235
-2151	234
-2150	239
-2149	240
-2148	236
-2147	237
-2146	241
-2145	239
-2144	237
-2143	241
-2142	243
-2141	239
-2140	239
-2139	243
-2138	243
-2137	241
-2136	242
-2135	246
-2134	245
-2133	241
-2132	244
-2131	247
-2130	243
-2129	243
-2128	247
-2127	247
-2126	243
-2125	245
-2124	249
-2123	248
-2122	244
-2121	248
-2120	250
-2119	247
-2118	247
-2117	251
-2116	249
-2115	247
-2114	249
-2113	252
-2112	249
-2111	247
-2110	251
-2109	253
-2108	248
-2107	249
-2106	253
-2105	251
-2104	249
-2103	252
-2102	253
-2101	251
-2100	249
-2099	253
-2098	253
-2097	249
-2096	251
-2095	254
-2094	253
-2093	250
-2092	253
-2091	255
-2090	251
-2089	251
-2088	255
-2087	253
-2086	249
-2085	253
-2084	255
-2083	251
-2082	249
-2081	254
-2080	254
-2079	251
-2078	251
-2077	254
-2076	252
-2075	249
-2074	251
-2073	254
-2072	251
-2071	249
-2070	253
-2069	253
-2068	249
-2067	251
-2066	253
-2065	251
-2064	247
-2063	251
-2062	252
-2061	249
-2060	248
-2059	251
-2058	250
-2057	246
-2056	247
-2055	251
-2054	247
-2053	245
-2052	248
-2051	251
-2050	246
-2049	245
-2048	247
-2047	247
-2046	244
-2045	245
-2044	247
-2043	244
-2042	242
-2041	246
-2040	246
-2039	241
-2038	241
-2037	245
-2036	243
-2035	239
-2034	242
-2033	243
-2032	239
-2031	238
-2030	242
-2029	241
-2028	236
-2027	237
-2026	241
-2025	237
-2024	234
-2023	237
-2022	239
-2021	233
-2020	233
-2019	236
-2018	235
-2017	231
-2016	233
-2015	235
-2014	231
-2013	229
-2012	232
-2011	231
-2010	227
-2009	227
-2008	230
-2007	229
-2006	223
-2005	227
-2004	227
-2003	223
-2002	222
-2001	225
-2000	223
-1999	219
-1998	221
-1997	223
-1996	220
-1995	217
-1994	219
-1993	220
-1992	215
-1991	215
-1990	218
-1989	215
-1988	211
-1987	213
-1986	215
-1985	211
-1984	208
-1983	211
-1982	210
-1981	205
-1980	205
-1979	209
-1978	205
-1977	201
-1976	203
-1975	205
-1974	201
-1973	198
-1972	202
-1971	200
-1970	196
-1969	197
-1968	199
-1967	195
-1966	191
-1965	196
-1964	195
-1963	190
-1962	189
-1961	193
-1960	190
-1959	185
-1958	187
-1957	188
-1956	184
-1955	181
-1954	185
-1953	183
-1952	179
-1951	179
-1950	182
-1949	179
-1948	174
-1947	177
-1946	178
-1945	173
-1944	171
-1943	175
-1942	173
-1941	167
-1940	169
-1939	171
-1938	167
-1937	165
-1936	168
-1935	166
-1934	161
-1933	163
-1932	165
-1931	161
-1930	157
-1929	161
-1928	161
-1927	155
-1926	155
-1925	158
-1924	155
-1923	150
-1922	153
-1921	154
-1920	149
-1919	148
-1918	152
-1917	150
-1916	145
-1915	147
-1914	148
-1913	145
-1912	142
-1911	146
-1910	145
-1909	140
-1908	139
-1907	145
-1906	142
-1905	137
-1904	138
-1903	142
-1902	138
-1901	134
-1900	138
-1899	139
-1898	134
-1897	134
-1896	137
-1895	135
-1894	131
-1893	133
-1892	137
-1891	133
-1890	130
-1889	133
-1888	135
-1887	130
-1886	129
-1885	134
-1884	133
-1883	127
-1882	130
-1881	135
-1880	131
-1879	127
-1878	132
-1877	134
-1876	129
-1875	129
-1874	134
-1873	133
-1872	127
-1871	133
-1870	135
-1869	132
-1868	131
-1867	135
-1866	135
-1865	133
-1864	134
-1863	138
-1862	136
-1861	133
-1860	138
-1859	141
-1858	137
-1857	137
-1856	142
-1855	142
-1854	138
-1853	141
-1852	146
-1851	144
-1850	141
-1849	146
-1848	149
-1847	145
-1846	145
-1845	151
-1844	151
-1843	148
-1842	151
-1841	155
-1840	153
-1839	151
-1838	157
-1837	159
-1836	155
-1835	157
-1834	163
-1833	162
-1832	159
-1831	163
-1830	167
-1829	165
-1828	163
-1827	169
-1826	171
-1825	169
-1824	169
-1823	175
-1822	173
-1821	172
-1820	176
-1819	179
-1818	177
-1817	177
-1816	183
-1815	183
-1814	180
-1813	183
-1812	189
-1811	187
-1810	185
-1809	189
-1808	193
-1807	191
-1806	190
-1805	197
-1804	197
-1803	194
-1802	197
-1801	203
-1800	200
-1799	199
-1798	204
-1797	207
-1796	203
-1795	205
-1794	210
-1793	211
-1792	207
-1791	211
-1790	217
-1789	214
-1788	212
-1787	217
-1786	220
-1785	218
-1784	219
-1783	223
-1782	223
-1781	221
-1780	225
-1779	229
-1778	227
-1777	226
-1776	231
-1775	233
-1774	230
-1773	232
-1772	237
-1771	236
-1770	234
-1769	238
-1768	241
-1767	239
-1766	239
-1765	243
-1764	245
-1763	242
-1762	244
-1761	249
-1760	247
-1759	245
-1758	249
-1757	253
-1756	249
-1755	251
-1754	255
-1753	255
-1752	253
-1751	255
-1750	259
-1749	258
-1748	255
-1747	257
-1746	261
-1745	263
-1744	262
-1743	260
-1742	262
-1741	266
-1740	267
-1739	267
-1738	263
-1737	265
-1736	269
-1735	271
-1734	270
-1733	268
-1732	269
-1731	272
-1730	275
-1729	275
-1728	273
-1727	273
-1726	275
-1725	278
-1724	278
-1723	276
-1722	275
-1721	279
-1720	281
-1719	282
-1718	279
-1717	279
-1716	282
-1715	285
-1714	286
-1713	284
-1712	283
-1711	286
-1710	287
-1709	289
-1708	287
-1707	286
-1706	287
-1705	291
-1704	292
-1703	291
-1702	289
-1701	290
-1700	293
-1699	295
-1698	295
-1697	293
-1696	292
-1695	295
-1694	297
-1693	297
-1692	295
-1691	295
-1690	297
-1689	299
-1688	299
-1687	297
-1686	295
-1685	298
-1684	301
-1683	301
-1682	299
-1681	298
-1680	300
-1679	303
-1678	303
-1677	301
-1676	299
-1675	301
-1674	303
-1673	303
-1672	302
-1671	301
-1670	302
-1669	305
-1668	305
-1667	303
-1666	301
-1665	303
-1664	306
-1663	307
-1662	305
-1661	303
-1660	303
-1659	306
-1658	307
-1657	306
-1656	303
-1655	303
-1654	305
-1653	307
-1652	306
-1651	305
-1650	304
-1649	307
-1648	308
-1647	307
-1646	304
-1645	303
-1644	305
-1643	307
-1642	307
-1641	305
-1640	303
-1639	305
-1638	307
-1637	306
-1636	303
-1635	302
-1634	303
-1633	306
-1632	306
-1631	303
-1630	303
-1629	303
-1628	305
-1627	305
-1626	303
-1625	301
-1624	301
-1623	303
-1622	304
-1621	302
-1620	300
-1619	301
-1618	303
-1617	303
-1616	301
-1615	299
-1614	299
-1613	301
-1612	301
-1611	300
-1610	297
-1609	297
-1608	299
-1607	301
-1606	298
-1605	295
-1604	295
-1603	297
-1602	298
-1601	297
-1600	293
-1599	293
-1598	295
-1597	296
-1596	294
-1595	291
-1594	290
-1593	291
-1592	293
-1591	291
-1590	287
-1589	287
-1588	287
-1587	290
-1586	289
-1585	286
-1584	285
-1583	286
-1582	287
-1581	286
-1580	283
-1579	281
-1578	281
-1577	283
-1576	282
-1575	279
-1574	277
-1573	279
-1572	280
-1571	279
-1570	276
-1569	273
-1568	274
-1567	275
-1566	275
-1565	273
-1564	270
-1563	270
-1562	271
-1561	271
-1560	268
-1559	265
-1558	266
-1557	267
-1556	267
-1555	265
-1554	261
-1553	261
-1552	262
-1551	263
-1550	260
-1549	257
-1548	255
-1547	258
-1546	257
-1545	255
-1544	251
-1543	253
-1542	253
-1541	249
-1540	247
-1539	251
-1538	249
-1537	244
-1536	245
-1535	246
-1534	243
-1533	239
-1532	242
-1531	241
-1530	237
-1529	236
-1528	239
-1527	235
-1526	231
-1525	233
-1524	234
-1523	229
-1522	227
-1521	230
-1520	229
-1519	223
-1518	223
-1517	225
-1516	221
-1515	218
-1514	221
-1513	221
-1512	215
-1511	214
-1510	217
-1509	215
-1508	209
-1507	211
-1506	212
-1505	209
-1504	206
-1503	207
-1502	207
-1501	202
-1500	201
-1499	205
-1498	201
-1497	195
-1496	197
-1495	199
-1494	195
-1493	191
-1492	195
-1491	193
-1490	188
-1489	189
-1488	191
-1487	188
-1486	183
-1485	186
-1484	186
-1483	183
-1482	181
-1481	183
-1480	181
-1479	177
-1478	178
-1477	181
-1476	175
-1475	173
-1474	175
-1473	175
-1472	171
-1471	171
-1470	173
-1469	171
-1468	167
-1467	170
-1466	170
-1465	166
-1464	165
-1463	169
-1462	167
-1461	163
-1460	165
-1459	169
-1458	165
-1457	163
-1456	166
-1455	167
-1454	163
-1453	163
-1452	167
-1451	165
-1450	163
-1449	165
-1448	167
-1447	164
-1446	165
-1445	168
-1444	167
-1443	164
-1442	167
-1441	171
-1440	167
-1439	166
-1438	170
-1437	172
-1436	168
-1435	169
-1434	174
-1433	172
-1432	171
-1431	174
-1430	177
-1429	174
-1428	174
-1427	180
-1426	179
-1425	177
-1424	179
-1423	183
-1422	181
-1421	180
-1420	185
-1419	187
-1418	185
-1417	186
-1416	191
-1415	191
-1414	189
-1413	193
-1412	196
-1411	195
-1410	194
-1409	199
-1408	201
-1407	198
-1406	200
-1405	207
-1404	205
-1403	204
-1402	209
-1401	212
-1400	210
-1399	210
-1398	216
-1397	217
-1396	215
-1395	218
-1394	223
-1393	222
-1392	221
-1391	225
-1390	229
-1389	227
-1388	228
-1387	233
-1386	234
-1385	233
-1384	236
-1383	241
-1382	239
-1381	239
-1380	245
-1379	247
-1378	243
-1377	247
-1376	252
-1375	251
-1374	249
-1373	255
-1372	258
-1371	257
-1370	255
-1369	260
-1368	264
-1367	265
-1366	263
-1365	263
-1364	267
-1363	271
-1362	271
-1361	270
-1360	270
-1359	274
-1358	277
-1357	278
-1356	277
-1355	278
-1354	281
-1353	285
-1352	286
-1351	285
-1350	285
-1349	287
-1348	291
-1347	293
-1346	291
-1345	291
-1344	294
-1343	297
-1342	299
-1341	298
-1340	298
-1339	299
-1338	303
-1337	305
-1336	304
-1335	303
-1334	306
-1333	310
-1332	311
-1331	311
-1330	309
-1329	311
-1328	314
-1327	317
-1326	316
-1325	316
-1324	317
-1323	321
-1322	323
-1321	323
-1320	322
-1319	322
-1318	325
-1317	327
-1316	328
-1315	327
-1314	327
-1313	331
-1312	332
-1311	332
-1310	331
-1309	332
-1308	335
-1307	339
-1306	338
-1305	337
-1304	337
-1303	340
-1302	342
-1301	342
-1300	341
-1299	342
-1298	345
-1297	347
-1296	347
-1295	346
-1294	347
-1293	350
-1292	351
-1291	351
-1290	349
-1289	351
-1288	353
-1287	355
-1286	355
-1285	354
-1284	355
-1283	358
-1282	359
-1281	359
-1280	357
-1279	358
-1278	360
-1277	362
-1276	362
-1275	361
-1274	361
-1273	364
-1272	366
-1271	367
-1270	365
-1269	365
-1268	366
-1267	369
-1266	369
-1265	367
-1264	367
-1263	369
-1262	371
-1261	372
-1260	371
-1259	371
-1258	372
-1257	374
-1256	374
-1255	373
-1254	372
-1253	374
-1252	376
-1251	377
-1250	376
-1249	375
-1248	375
-1247	377
-1246	378
-1245	377
-1244	377
-1243	377
-1242	379
-1241	380
-1240	379
-1239	378
-1238	378
-1237	381
-1236	382
-1235	382
-1234	380
-1233	379
-1232	381
-1231	383
-1230	382
-1229	381
-1228	381
-1227	383
-1226	383
-1225	383
-1224	382
-1223	381
-1222	383
-1221	383
-1220	383
-1219	383
-1218	382
-1217	383
-1216	385
-1215	385
-1214	383
-1213	383
-1212	383
-1211	385
-1210	385
-1209	383
-1208	383
-1207	383
-1206	386
-1205	386
-1204	385
-1203	383
-1202	383
-1201	385
-1200	385
-1199	383
-1198	382
-1197	382
-1196	385
-1195	386
-1194	383
-1193	383
-1192	382
-1191	383
-1190	383
-1189	383
-1188	381
-1187	381
-1186	382
-1185	383
-1184	383
-1183	381
-1182	381
-1181	382
-1180	383
-1179	383
-1178	380
-1177	379
-1176	379
-1175	381
-1174	381
-1173	379
-1172	378
-1171	379
-1170	379
-1169	379
-1168	377
-1167	376
-1166	376
-1165	377
-1164	377
-1163	375
-1162	374
-1161	375
-1160	376
-1159	377
-1158	375
-1157	373
-1156	372
-1155	374
-1154	374
-1153	373
-1152	371
-1151	370
-1150	371
-1149	371
-1148	370
-1147	367
-1146	367
-1145	369
-1144	369
-1143	368
-1142	366
-1141	365
-1140	366
-1139	367
-1138	365
-1137	363
-1136	362
-1135	363
-1134	363
-1133	362
-1132	361
-1131	359
-1130	360
-1129	360
-1128	358
-1127	356
-1126	355
-1125	356
-1124	357
-1123	355
-1122	353
-1121	353
-1120	353
-1119	354
-1118	351
-1117	349
-1116	348
-1115	349
-1114	350
-1113	348
-1112	346
-1111	345
-1110	345
-1109	346
-1108	344
-1107	341
-1106	339
-1105	340
-1104	342
-1103	341
-1102	338
-1101	336
-1100	337
-1099	337
-1098	335
-1097	333
-1096	331
-1095	331
-1094	333
-1093	331
-1092	329
-1091	327
-1090	327
-1089	329
-1088	328
-1087	325
-1086	322
-1085	322
-1084	323
-1083	323
-1082	319
-1081	318
-1080	319
-1079	319
-1078	319
-1077	317
-1076	313
-1075	313
-1074	314
-1073	313
-1072	311
-1071	308
-1070	308
-1069	310
-1068	310
-1067	307
-1066	305
-1065	304
-1064	305
-1063	306
-1062	303
-1061	301
-1060	299
-1059	301
-1058	302
-1057	300
-1056	297
-1055	297
-1054	297
-1053	299
-1052	297
-1051	295
-1050	293
-1049	294
-1048	295
-1047	294
-1046	291
-1045	289
-1044	291
-1043	293
-1042	293
-1041	289
-1040	287
-1039	289
-1038	291
-1037	291
-1036	287
-1035	285
-1034	286
-1033	289
-1032	289
-1031	287
-1030	284
-1029	285
-1028	287
-1027	287
-1026	285
-1025	283
-1024	284
-1023	287
-1022	287
-1021	287
-1020	284
-1019	284
-1018	287
-1017	287
-1016	286
-1015	284
-1014	285
-1013	288
-1012	289
-1011	287
-1010	285
-1009	286
-1008	289
-1007	291
-1006	290
-1005	287
-1004	287
-1003	291
-1002	293
-1001	293
-1000	290
-999	290
-998	295
-997	293
-996	292
-995	297
-994	296
-993	295
-992	298
-991	299
-990	297
-989	299
-988	302
-987	300
-986	301
-985	305
-984	303
-983	304
-982	309
-981	306
-980	307
-979	311
-978	309
-977	310
-976	313
-975	313
-974	313
-973	317
-972	317
-971	316
-970	319
-969	322
-968	318
-967	323
-966	324
-965	323
-964	326
-963	328
-962	327
-961	329
-960	332
-959	330
-958	332
-957	335
-956	333
-955	335
-954	339
-953	338
-952	339
-951	342
-950	343
-949	342
-948	346
-947	346
-946	345
-945	350
-944	349
-943	349
-942	353
-941	354
-940	353
-939	355
-938	358
-937	356
-936	359
-935	363
-934	359
-933	363
-932	365
-931	363
-930	366
-929	369
-928	367
-927	369
-926	372
-925	373
-924	372
-923	376
-922	376
-921	375
-920	379
-919	380
-918	379
-917	383
-916	383
-915	383
-914	386
-913	387
-912	386
-911	389
-910	391
-909	390
-908	391
-907	395
-906	394
-905	395
-904	399
-903	397
-902	398
-901	402
-900	401
-899	402
-898	404
-897	405
-896	405
-895	407
-894	409
-893	407
-892	410
-891	412
-890	410
-889	414
-888	415
-887	414
-886	417
-885	418
-884	417
-883	419
-882	421
-881	421
-880	421
-879	425
-878	423
-877	424
-876	427
-875	426
-874	427
-873	429
-872	429
-871	429
-870	431
-869	433
-868	432
-867	435
-866	435
-865	435
-864	438
-863	438
-862	437
-861	439
-860	440
-859	440
-858	441
-857	443
-856	442
-855	443
-854	445
-853	445
-852	445
-851	447
-850	447
-849	447
-848	449
-847	450
-846	449
-845	451
-844	452
-843	451
-842	454
-841	453
-840	453
-839	454
-838	456
-837	455
-836	456
-835	458
-834	456
-833	458
-832	459
-831	459
-830	459
-829	461
-828	460
-827	461
-826	463
-825	462
-824	462
-823	463
-822	463
-821	464
-820	465
-819	466
-818	464
-817	467
-816	467
-815	466
-814	467
-813	468
-812	468
-811	468
-810	470
-809	469
-808	470
-807	471
-806	469
-805	471
-804	471
-803	471
-802	471
-801	473
-800	473
-799	472
-798	474
-797	473
-796	473
-795	475
-794	474
-793	473
-792	475
-791	475
-790	475
-789	476
-788	476
-787	477
-786	476
-785	477
-784	477
-783	476
-782	479
-781	477
-780	477
-779	479
-778	477
-777	477
-776	479
-775	478
-774	478
-773	479
-772	479
-771	479
-770	479
-769	479
-768	479
-767	479
-766	480
-765	479
-764	479
-763	481
-762	479
-761	479
-760	481
-759	479
-758	480
-757	481
-756	479
-755	479
-754	481
-753	479
-752	479
-751	481
-750	479
-749	479
-748	480
-747	479
-746	479
-745	479
-744	479
-743	479
-742	479
-741	479
-740	479
-739	479
-738	479
-737	478
-736	478
-735	479
-734	477
-733	478
-732	479
-731	477
-730	477
-729	478
-728	477
-727	476
-726	477
-725	477
-724	475
-723	477
-722	476
-721	475
-720	476
-719	475
-718	475
-717	475
-716	475
-715	474
-714	474
-713	475
-712	473
-711	473
-710	474
-709	472
-708	472
-707	473
-706	472
-705	471
-704	471
-703	471
-702	469
-701	471
-700	470
-699	469
-698	469
-697	469
-696	468
-695	468
-694	469
-693	466
-692	467
-691	467
-690	465
-689	466
-688	466
-687	465
-686	464
-685	465
-684	463
-683	463
-682	463
-681	462
-680	461
-679	463
-678	461
-677	460
-676	461
-675	459
-674	459
-673	459
-672	459
-671	456
-670	457
-669	457
-668	454
-667	456
-666	455
-665	453
-664	454
-663	454
-662	453
-661	452
-660	453
-659	451
-658	450
-657	451
-656	449
-655	449
-654	450
-653	447
-652	447
-651	447
-650	447
-649	446
-648	447
-647	446
-646	444
-645	445
-644	444
-643	443
-642	444
-641	443
-640	442
-639	442
-638	442
-637	440
-636	440
-635	441
-634	439
-633	439
-632	440
-631	438
-630	437
-629	438
-628	437
-627	436
-626	437
-625	435
-624	435
-623	435
-622	435
-621	433
-620	434
-619	435
-618	433
-617	433
-616	434
-615	431
-614	431
-613	433
-612	430
-611	431
-610	431
-609	430
-608	430
-607	431
-606	429
-605	429
-604	430
-603	430
-602	427
-601	429
-600	429
-599	427
-598	429
-597	429
-596	427
-595	428
-594	428
-593	427
-592	427
-591	428
-590	427
-589	427
-588	428
-587	427
-586	426
-585	428
-584	427
-583	426
-582	429
-581	427
-580	427
-579	429
-578	427
-577	427
-576	429
-575	429
-574	427
-573	429
-572	429
-571	427
-570	429
-569	431
-568	428
-567	430
-566	431
-565	429
-564	431
-563	431
-562	431
-561	431
-560	433
-559	433
-558	431
-557	435
-556	433
-555	433
-554	435
-553	435
-552	435
-551	437
-550	437
-549	436
-548	437
-547	439
-546	437
-545	439
-544	441
-543	439
-542	441
-541	442
-540	441
-539	443
-538	444
-537	445
-536	444
-535	446
-534	446
-533	446
-532	447
-531	449
-530	447
-529	451
-528	451
-527	450
-526	453
-525	453
-524	453
-523	455
-522	456
-521	455
-520	456
-519	459
-518	457
-517	459
-516	461
-515	460
-514	462
-513	463
-512	463
-511	464
-510	466
-509	467
-508	466
-507	469
-506	469
-505	469
-504	472
-503	472
-502	472
-501	474
-500	475
-499	475
-498	477
-497	478
-496	477
-495	479
-494	481
-493	481
-492	482
-491	483
-490	484
-489	485
-488	487
-487	487
-486	487
-485	490
-484	489
-483	491
-482	492
-481	493
-480	493
-479	495
-478	496
-477	495
-476	499
-475	499
-474	499
-473	502
-472	501
-471	503
-470	503
-469	505
-468	505
-467	506
-466	508
-465	508
-464	509
-463	511
-462	511
-461	513
-460	513
-459	514
-458	515
-457	517
-456	517
-455	517
-454	519
-453	520
-452	520
-451	522
-450	523
-449	523
-448	525
-447	525
-446	526
-445	527
-444	529
-443	528
-442	529
-441	531
-440	531
-439	533
-438	533
-437	533
-436	534
-435	535
-434	536
-433	537
-432	539
-431	539
-430	539
-429	541
-428	541
-427	542
-426	543
-425	545
-424	543
-423	546
-422	547
-421	546
-420	549
-419	549
-418	549
-417	551
-416	551
-415	551
-414	552
-413	553
-412	553
-411	555
-410	556
-409	555
-408	557
-407	557
-406	559
-405	559
-404	560
-403	561
-402	561
-401	563
-400	563
-399	563
-398	565
-397	565
-396	565
-395	566
-394	567
-393	567
-392	568
-391	570
-390	569
-389	571
-388	571
-387	571
-386	573
-385	573
-384	573
-383	574
-382	575
-381	575
-380	575
-379	578
-378	577
-377	578
-376	579
-375	579
-374	580
-373	580
-372	581
-371	581
-370	582
-369	583
-368	583
-367	584
-366	584
-365	584
-364	585
-363	586
-362	586
-361	587
-360	587
-359	588
-358	587
-357	590
-356	589
-355	590
-354	590
-353	591
-352	590
-351	591
-350	592
-349	591
-348	594
-347	593
-346	593
-345	595
-344	595
-343	595
-342	595
-341	596
-340	597
-339	596
-338	598
-337	597
-336	598
-335	599
-334	598
-333	599
-332	599
-331	601
-330	600
-329	601
-328	601
-327	601
-326	603
-325	602
-324	602
-323	603
-322	603
-321	604
-320	604
-319	605
-318	604
-317	605
-316	606
-315	605
-314	607
-313	607
-312	607
-311	607
-310	607
-309	609
-308	607
-307	609
-306	609
-305	609
-304	610
-303	609
-302	610
-301	611
-300	611
-299	611
-298	611
-297	612
-296	611
-295	612
-294	613
-293	612
-292	613
-291	613
-290	613
-289	614
-288	614
-287	614
-286	615
-285	615
-284	615
-283	615
-282	615
-281	615
-280	615
-279	617
-278	616
-277	616
-276	617
-275	617
-274	617
-273	617
-272	617
-271	618
-270	617
-269	619
-268	618
-267	619
-266	619
-265	619
-264	619
-263	619
-262	619
-261	620
-260	620
-259	620
-258	620
-257	621
-256	621
-255	620
-254	621
-253	621
-252	621
-251	622
-250	621
-249	621
-248	621
-247	622
-246	622
-245	622
-244	623
-243	622
-242	623
-241	623
-240	623
-239	623
-238	623
-237	623
-236	624
-235	623
-234	624
-233	624
-232	623
-231	624
-230	624
-229	624
-228	624
-227	625
-226	625
-225	625
-224	625
-223	625
-222	625
-221	625
-220	625
-219	626
-218	625
-217	625
-216	627
-215	625
-214	626
-213	627
-212	627
-211	627
-210	627
-209	627
-208	627
-207	627
-206	627
-205	627
-204	627
-203	627
-202	627
-201	628
-200	627
-199	628
-198	629
-197	628
-196	628
-195	629
-194	629
-193	629
-192	629
-191	629
-190	629
-189	629
-188	629
-187	629
-186	630
-185	629
-184	629
-183	630
-182	631
-181	630
-180	629
-179	631
-178	631
-177	630
-176	631
-175	631
-174	631
-173	631
-172	631
-171	633
-170	632
-169	631
-168	631
-167	633
-166	632
-165	632
-164	633
-163	633
-162	633
-161	633
-160	633
-159	634
-158	633
-157	633
-156	634
-155	633
-154	634
-153	635
-152	635
-151	635
-150	634
-149	635
-148	635
-147	635
-146	635
-145	636
-144	635
-143	636
-142	636
-141	637
-140	636
-139	637
-138	637
-137	637
-136	637
-135	637
-134	638
-133	638
-132	637
-131	638
-130	638
-129	639
-128	639
-127	639
-126	639
-125	639
-124	639
-123	639
-122	640
-121	641
-120	640
-119	641
-118	641
-117	641
-116	642
-115	641
-114	642
-113	643
-112	643
-111	643
-110	643
-109	643
-108	645
-107	644
-106	644
-105	645
-104	646
-103	645
-102	645
-101	646
-100	647
-99	646
-98	647
-97	648
-96	647
-95	647
-94	647
-93	649
-92	648
-91	649
-90	649
-89	650
-88	649
-87	650
-86	650
-85	651
-84	651
-83	651
-82	651
-81	652
-80	652
-79	652
-78	653
-77	653
-76	653
-75	654
-74	654
-73	655
-72	655
-71	655
-70	655
-69	655
-68	657
-67	656
-66	657
-65	657
-64	658
-63	657
-62	658
-61	658
-60	659
-59	659
-58	659
-57	659
-56	660
-55	661
-54	661
-53	661
-52	661
-51	662
-50	662
-49	662
-48	662
-47	663
-46	663
-45	664
-44	663
-43	664
-42	665
-41	666
-40	665
-39	666
-38	666
-37	667
-36	667
-35	667
-34	667
-33	668
-32	669
-31	668
-30	669
-29	669
-28	670
-27	670
-26	670
-25	670
-24	671
-23	671
-22	671
-21	671
-20	673
-19	673
-18	674
-17	673
-16	674
-15	674
-14	675
-13	675
-12	675
-11	675
-10	675
-9	677
-8	675
-7	676
-6	677
-5	677
-4	677
-3	678
-2	679
-1	679
0	679
1	679
2	680
3	681
4	681
5	681
6	681
7	681
8	681
9	682
10	681
11	683
12	683
13	683
14	683
15	685
16	683
17	685
18	685
19	686
20	686
21	687
22	687
23	688
24	687
25	689
26	688
27	689
28	689
29	690
30	689
31	690
32	689
33	689
34	689
35	690
36	689
37	691
38	690
39	691
40	691
41	692
42	691
43	693
44	693
45	693
46	693
47	695
48	694
49	695
50	695
51	696
52	695
53	697
54	696
55	697
56	697
57	697
58	697
59	698
60	697
61	698
62	697
63	698
64	697
65	698
66	697
67	698
68	697
69	699
70	698
71	699
72	698
73	699
74	699
75	700
76	699
77	700
78	701
79	701
80	701
81	701
82	701
83	703
84	702
85	703
86	703
87	703
88	703
89	703
90	705
91	705
92	705
93	705
94	706
95	705
96	706
97	705
98	707
99	705
100	707
101	707
102	707
103	707
104	707
105	707
106	707
107	707
108	707
109	707
110	706
111	706
112	706
113	706
114	706
115	706
116	706
117	706
118	706
119	707
120	706
121	707
122	706
123	707
124	707
125	706
126	707
127	707
128	707
129	707
130	707
131	706
132	707
133	707
134	707
135	707
136	707
137	707
138	707
139	707
140	707
141	707
142	707
143	707
144	707
145	707
146	707
147	707
148	707
149	707
150	707
151	707
152	707
153	707
154	707
155	707
156	707
157	707
158	707
159	707
160	707
161	706
162	707
163	706
164	706
165	706
166	706
167	706
168	706
169	706
170	706
171	706
172	706
173	706
174	706
175	706
176	706
177	707
178	706
179	707
180	707
181	707
182	707
183	707
184	707
185	707
186	707
187	707
188	707
189	707
190	707
191	707
192	707
193	706
194	707
195	706
196	706
197	706
198	706
199	706
200	706
201	705
202	705
203	705
204	705
205	705
206	704
207	704
208	703
209	703
210	703
211	703
212	703
213	702
214	701
215	701
216	701
217	701
218	700
219	700
220	699
221	699
222	699
223	699
224	699
225	698
226	699
227	699
228	698
229	699
230	698
231	698
232	698
233	698
234	697
235	697
236	697
237	697
238	697
239	697
240	697
241	697
242	697
243	697
244	697
245	696
246	696
247	695
248	695
249	694
250	694
251	693
252	693
253	693
254	692
255	691
256	691
257	690
258	689
259	690
260	689
261	689
262	689
263	689
264	689
265	688
266	689
267	689
268	687
269	688
270	688
271	687
272	687
273	687
274	687
275	686
276	686
277	685
278	685
279	684
280	685
281	683
282	683
283	683
284	682
285	681
286	681
287	681
288	681
289	681
290	681
291	680
292	679
293	680
294	679
295	679
296	679
297	679
298	677
299	677
300	677
301	676
302	677
303	676
304	675
305	675
306	675
307	673
308	673
309	674
310	673
311	673
312	671
313	673
314	671
315	671
316	671
317	670
318	670
319	671
320	669
321	669
322	669
323	668
324	667
325	667
326	667
327	666
328	666
329	666
330	666
331	665
332	664
333	664
334	664
335	663
336	663
337	663
338	663
339	662
340	661
341	661
342	661
343	660
344	659
345	659
346	659
347	658
348	658
349	659
350	657
351	657
352	657
353	656
354	655
355	655
356	655
357	655
358	654
359	655
360	654
361	653
362	653
363	653
364	652
365	651
366	652
367	651
368	650
369	651
370	650
371	649
372	649
373	649
374	649
375	648
376	647
377	648
378	647
379	647
380	647
381	646
382	645
383	645
384	645
385	644
386	643
387	644
388	644
389	643
390	643
391	643
392	642
393	641
394	642
395	641
396	639
397	640
398	639
399	639
400	639
401	639
402	638
403	638
404	638
405	638
406	637
407	637
408	637
409	636
410	635
411	636
412	635
413	635
414	635
415	634
416	633
417	634
418	634
419	633
420	633
421	633
422	632
423	632
424	633
425	631
426	631
427	631
428	631
429	630
430	631
431	630
432	629
433	630
434	629
435	628
436	629
437	629
438	627
439	628
440	628
441	627
442	627
443	627
444	627
445	626
446	626
447	627
448	625
449	625
450	626
451	625
452	625
453	625
454	624
455	623
456	623
457	623
458	623
459	623
460	623
461	622
462	623
463	623
464	621
465	622
466	621
467	621
468	621
469	621
470	621
471	620
472	621
473	620
474	619
475	621
476	619
477	619
478	620
479	619
480	619
481	619
482	618
483	618
484	618
485	619
486	618
487	617
488	618
489	617
490	617
491	617
492	617
493	617
494	617
495	617
496	616
497	615
498	617
499	615
500	615
501	616
502	615
503	615
504	615
505	615
506	614
507	615
508	614
509	614
510	613
511	614
512	613
513	613
514	614
515	613
516	612
517	613
518	612
519	612
520	611
521	612
522	611
523	611
524	611
525	611
526	610
527	611
528	611
529	610
530	610
531	610
532	609
533	609
534	609
535	610
536	608
537	609
538	609
539	608
540	607
541	607
542	609
543	607
544	607
545	608
546	606
547	607
548	607
549	606
550	606
551	607
552	605
553	605
554	605
555	605
556	605
557	604
558	605
559	604
560	603
561	603
562	604
563	603
564	603
565	603
566	603
567	602
568	602
569	602
570	601
571	601
572	601
573	601
574	600
575	600
576	601
577	599
578	599
579	600
580	599
581	599
582	599
583	598
584	599
585	598
586	597
587	597
588	597
589	597
590	596
591	597
592	596
593	595
594	596
595	595
596	594
597	595
598	594
599	594
600	593
601	593
602	593
603	591
604	592
605	592
606	591
607	591
608	591
609	590
610	590
611	589
612	589
613	589
614	589
615	588
616	587
617	588
618	587
619	585
620	586
621	586
622	585
623	585
624	585
625	584
626	583
627	583
628	583
629	582
630	583
631	581
632	581
633	581
634	580
635	579
636	580
637	578
638	578
639	578
640	577
641	577
642	576
643	577
644	575
645	575
646	575
647	573
648	573
649	573
650	572
651	572
652	571
653	571
654	571
655	569
656	569
657	569
658	567
659	568
660	567
661	566
662	566
663	565
664	565
665	564
666	564
667	564
668	562
669	563
670	562
671	561
672	560
673	559
674	559
675	559
676	557
677	557
678	557
679	556
680	555
681	555
682	554
683	553
684	553
685	553
686	551
687	551
688	550
689	549
690	549
691	549
692	547
693	547
694	546
695	546
696	544
697	543
698	544
699	542
700	542
701	542
702	540
703	540
704	539
705	538
706	537
707	536
708	536
709	534
710	534
711	534
712	531
713	532
714	531
715	529
716	530
717	528
718	527
719	526
720	525
721	526
722	523
723	523
724	523
725	521
726	521
727	519
728	519
729	519
730	516
731	517
732	515
733	514
734	514
735	513
736	511
737	511
738	511
739	510
740	507
741	507
742	507
743	505
744	505
745	504
746	503
747	503
748	501
749	501
750	499
751	498
752	499
753	497
754	496
755	495
756	494
757	494
758	492
759	492
760	491
761	489
762	489
763	488
764	487
765	486
766	485
767	484
768	483
769	481
770	483
771	480
772	479
773	479
774	477
775	477
776	475
777	475
778	475
779	472
780	473
781	472
782	470
783	470
784	468
785	467
786	467
787	465
788	466
789	463
790	463
791	463
792	460
793	461
794	459
795	459
796	459
797	455
798	456
799	456
800	453
801	454
802	451
803	452
804	451
805	447
806	449
807	447
808	446
809	446
810	444
811	445
812	443
813	442
814	443
815	440
816	440
817	439
818	439
819	439
820	436
821	436
822	436
823	434
824	435
825	433
826	434
827	433
828	431
829	433
830	431
831	429
832	431
833	428
834	429
835	428
836	427
837	427
838	425
839	426
840	426
841	423
842	425
843	423
844	423
845	423
846	422
847	423
848	421
849	421
850	423
851	419
852	421
853	421
854	419
855	421
856	418
857	419
858	419
859	417
860	420
861	419
862	417
863	419
864	417
865	418
866	417
867	417
868	418
869	415
870	417
871	419
872	415
873	419
874	417
875	417
876	418
877	415
878	419
879	417
880	417
881	419
882	417
883	419
884	419
885	418
886	419
887	417
888	419
889	419
890	417
891	421
892	419
893	419
894	421
895	419
896	421
897	421
898	421
899	423
900	421
901	423
902	423
903	421
904	424
905	423
906	425
907	425
908	423
909	427
910	426
911	425
912	427
913	427
914	427
915	428
916	427
917	430
918	428
919	429
920	431
921	429
922	431
923	431
924	432
925	433
926	433
927	435
928	434
929	433
930	436
931	435
932	436
933	437
934	437
935	439
936	437
937	439
938	440
939	439
940	441
941	441
942	440
943	443
944	442
945	443
946	443
947	443
948	445
949	443
950	445
951	447
952	445
953	447
954	447
955	447
956	449
957	448
958	449
959	449
960	450
961	451
962	450
963	452
964	451
965	451
966	453
967	453
968	453
969	455
970	453
971	455
972	455
973	455
974	456
975	455
976	457
977	457
978	457
979	459
980	458
981	458
982	460
983	459
984	460
985	461
986	460
987	462
988	460
989	462
990	462
991	461
992	463
993	463
994	463
995	464
996	463
997	464
998	464
999	464
1000	465
1001	464
1002	465
1003	466
1004	467
1005	465
1006	466
1007	468
1008	467
1009	466
1010	466
1011	469
1012	469
1013	467
1014	468
1015	469
1016	469
1017	469
1018	469
1019	470
1020	469
1021	469
1022	470
1023	471
1024	469
1025	470
1026	471
1027	471
1028	470
1029	470
1030	471
1031	472
1032	470
1033	470
1034	471
1035	472
1036	471
1037	471
1038	471
1039	471
1040	471
1041	472
1042	472
1043	471
1044	470
1045	472
1046	472
1047	470
1048	470
1049	471
1050	472
1051	471
1052	471
1053	471
1054	471
1055	470
1056	471
1057	471
1058	470
1059	469
1060	471
1061	471
1062	469
1063	469
1064	470
1065	471
1066	470
1067	469
1068	469
1069	469
1070	468
1071	469
1072	469
1073	468
1074	467
1075	468
1076	469
1077	467
1078	466
1079	467
1080	467
1081	466
1082	465
1083	466
1084	467
1085	465
1086	463
1087	465
1088	465
1089	463
1090	463
1091	463
1092	463
1093	461
1094	462
1095	463
1096	461
1097	460
1098	461
1099	461
1100	460
1101	459
1102	459
1103	459
1104	457
1105	457
1106	458
1107	457
1108	455
1109	455
1110	456
1111	455
1112	453
1113	453
1114	454
1115	453
1116	451
1117	451
1118	451
1119	450
1120	449
1121	450
1122	450
1123	447
1124	446
1125	447
1126	447
1127	445
1128	444
1129	444
1130	443
1131	441
1132	442
1133	442
1134	440
1135	438
1136	439
1137	439
1138	437
1139	435
1140	436
1141	435
1142	434
1143	433
1144	433
1145	432
1146	430
1147	431
1148	431
1149	429
1150	427
1151	427
1152	428
1153	426
1154	423
1155	423
1156	424
1157	422
1158	421
1159	421
1160	420
1161	418
1162	417
1163	417
1164	415
1165	413
1166	413
1167	414
1168	411
1169	409
1170	410
1171	410
1172	407
1173	405
1174	405
1175	406
1176	403
1177	401
1178	401
1179	401
1180	399
1181	397
1182	397
1183	397
1184	394
1185	393
1186	393
1187	391
1188	389
1189	389
1190	389
1191	386
1192	383
1193	383
1194	385
1195	381
1196	379
1197	379
1198	379
1199	375
1200	374
1201	375
1202	373
1203	370
1204	369
1205	369
1206	367
1207	364
1208	364
1209	363
1210	361
1211	358
1212	359
1213	358
1214	354
1215	353
1216	355
1217	354
1218	349
1219	348
1220	350
1221	348
1222	344
1223	343
1224	343
1225	342
1226	338
1227	338
1228	338
1229	335
1230	333
1231	334
1232	332
1233	329
1234	327
1235	329
1236	327
1237	322
1238	321
1239	323
1240	321
1241	316
1242	317
1243	317
1244	315
1245	311
1246	311
1247	311
1248	307
1249	305
1250	307
1251	305
1252	301
1253	300
1254	303
1255	300
1256	295
1257	295
1258	297
1259	295
1260	289
1261	290
1262	291
1263	289
1264	284
1265	285
1266	287
1267	282
1268	279
1269	281
1270	280
1271	276
1272	275
1273	277
1274	275
1275	271
1276	271
1277	272
1278	270
1279	266
1280	266
1281	269
1282	265
1283	261
1284	263
1285	264
1286	260
1287	258
1288	261
1289	260
1290	257
1291	255
1292	259
1293	255
1294	253
1295	255
1296	253
1297	251
1298	255
1299	251
1300	250
1301	253
1302	248
1303	250
1304	252
1305	247
1306	249
1307	251
1308	247
1309	249
1310	250
1311	245
1312	249
1313	249
1314	245
1315	250
1316	249
1317	247
1318	250
1319	249
1320	247
1321	251
1322	249
1323	248
1324	252
1325	249
1326	250
1327	254
1328	250
1329	252
1330	255
1331	252
1332	254
1333	257
1334	254
1335	255
1336	259
1337	255
1338	257
1339	261
1340	260
1341	258
1342	261
1343	264
1344	262
1345	261
1346	265
1347	267
1348	265
1349	265
1350	270
1351	271
1352	268
1353	269
1354	274
1355	273
1356	271
1357	273
1358	278
1359	277
1360	275
1361	278
1362	281
1363	281
1364	281
1365	283
1366	285
1367	283
1368	284
1369	287
1370	287
1371	287
1372	289
1373	292
1374	292
1375	291
1376	293
1377	296
1378	295
1379	295
1380	297
1381	300
1382	298
1383	298
1384	303
1385	303
1386	301
1387	302
1388	307
1389	307
1390	305
1391	307
1392	310
1393	311
1394	309
1395	311
1396	314
1397	313
1398	312
1399	315
1400	317
1401	317
1402	315
1403	319
1404	323
1405	319
1406	319
1407	324
1408	325
1409	323
1410	324
1411	328
1412	329
1413	327
1414	329
1415	332
1416	331
1417	330
1418	333
1419	335
1420	333
1421	334
1422	337
1423	338
1424	336
1425	337
1426	340
1427	340
1428	339
1429	341
1430	343
1431	342
1432	341
1433	343
1434	345
1435	343
1436	343
1437	347
1438	347
1439	346
1440	346
1441	349
1442	349
1443	347
1444	350
1445	351
1446	351
1447	350
1448	351
1449	354
1450	353
1451	351
1452	355
1453	356
1454	354
1455	354
1456	357
1457	357
1458	355
1459	356
1460	359
1461	359
1462	357
1463	358
1464	361
1465	360
1466	357
1467	360
1468	362
1469	361
1470	359
1471	362
1472	363
1473	361
1474	361
1475	363
1476	364
1477	362
1478	363
1479	365
1480	364
1481	363
1482	364
1483	365
1484	365
1485	363
1486	365
1487	365
1488	364
1489	365
1490	367
1491	366
1492	364
1493	365
1494	367
1495	366
1496	364
1497	367
1498	367
1499	365
1500	364
1501	367
1502	368
1503	365
1504	365
1505	367
1506	367
1507	365
1508	365
1509	367
1510	367
1511	365
1512	365
1513	367
1514	365
1515	365
1516	366
1517	367
1518	365
1519	363
1520	366
1521	367
1522	364
1523	363
1524	365
1525	365
1526	363
1527	363
1528	365
1529	363
1530	361
1531	363
1532	364
1533	361
1534	360
1535	362
1536	363
1537	360
1538	359
1539	361
1540	361
1541	358
1542	357
1543	359
1544	359
1545	357
1546	357
1547	359
1548	358
1549	355
1550	356
1551	357
1552	355
1553	354
1554	355
1555	355
1556	353
1557	351
1558	354
1559	353
1560	350
1561	349
1562	351
1563	351
1564	348
1565	348
1566	349
1567	348
1568	345
1569	347
1570	347
1571	345
1572	343
1573	345
1574	345
1575	342
1576	341
1577	342
1578	341
1579	338
1580	338
1581	339
1582	338
1583	335
1584	335
1585	337
1586	334
1587	331
1588	333
1589	335
1590	331
1591	328
1592	331
1593	331
1594	327
1595	325
1596	328
1597	327
1598	323
1599	322
1600	325
1601	323
1602	319
1603	319
1604	321
1605	319
1606	316
1607	317
1608	317
1609	315
1610	313
1611	314
1612	313
1613	309
1614	309
1615	311
1616	309
1617	305
1618	305
1619	307
1620	304
1621	300
1622	301
1623	303
1624	299
1625	295
1626	297
1627	298
1628	294
1629	291
1630	293
1631	293
1632	289
1633	287
1634	289
1635	287
1636	284
1637	283
1638	284
1639	281
1640	278
1641	278
1642	280
1643	277
1644	272
1645	274
1646	275
1647	270
1648	267
1649	269
1650	269
1651	265
1652	262
1653	264
1654	263
1655	259
1656	257
1657	259
1658	257
1659	253
1660	253
1661	253
1662	247
1663	250
1664	248
1665	244
1666	245
1667	243
1668	238
1669	241
1670	239
1671	235
1672	237
1673	234
1674	231
1675	233
1676	229
1677	226
1678	229
1679	225
1680	221
1681	225
1682	219
1683	219
1684	219
1685	215
1686	213
1687	215
1688	211
1689	210
1690	211
1691	205
1692	206
1693	206
1694	201
1695	201
1696	202
1697	195
1698	198
1699	196
1700	191
1701	193
1702	191
1703	187
1704	189
1705	189
1706	183
1707	185
1708	183
1709	179
1710	182
1711	181
1712	175
1713	179
1714	175
1715	172
1716	175
1717	171
1718	169
1719	172
1720	169
1721	166
1722	169
1723	165
1724	163
1725	167
1726	161
1727	161
1728	164
1729	159
1730	159
1731	163
1732	157
1733	159
1734	159
1735	155
1736	157
1737	158
1738	155
1739	156
1740	157
1741	154
1742	155
1743	157
1744	152
1745	155
1746	156
1747	151
1748	156
1749	155
1750	152
1751	156
1752	156
1753	152
1754	158
1755	157
1756	154
1757	159
1758	157
1759	155
1760	161
1761	159
1762	156
1763	163
1764	159
1765	159
1766	164
1767	161
1768	162
1769	166
1770	163
1771	163
1772	169
1773	165
1774	167
1775	171
1776	167
1777	171
1778	173
1779	170
1780	173
1781	175
1782	172
1783	176
1784	178
1785	175
1786	179
1787	181
1788	177
1789	183
1790	183
1791	181
1792	187
1793	186
1794	185
1795	190
1796	189
1797	188
1798	194
1799	193
1800	191
1801	198
1802	195
1803	196
1804	201
1805	199
1806	199
1807	205
1808	202
1809	204
1810	208
1811	206
1812	207
1813	212
1814	210
1815	211
1816	216
1817	213
1818	215
1819	219
1820	216
1821	220
1822	222
1823	221
1824	223
1825	226
1826	223
1827	227
1828	229
1829	226
1830	230
1831	233
1832	229
1833	235
1834	235
1835	233
1836	237
1837	238
1838	235
1839	240
1840	241
1841	238
1842	243
1843	243
1844	241
1845	247
1846	245
1847	245
1848	249
1849	249
1850	247
1851	253
1852	250
1853	251
1854	255
1855	253
1856	253
1857	257
1858	255
1859	255
1860	259
1861	261
1862	255
1863	261
1864	263
1865	261
1866	260
1867	264
1868	265
1869	263
1870	264
1871	268
1872	268
1873	266
1874	267
1875	270
1876	270
1877	268
1878	271
1879	274
1880	271
1881	271
1882	274
1883	276
1884	273
1885	273
1886	277
1887	278
1888	275
1889	276
1890	279
1891	279
1892	277
1893	279
1894	282
1895	281
1896	278
1897	281
1898	284
1899	283
1900	281
1901	283
1902	286
1903	285
1904	283
1905	285
1906	287
1907	285
1908	284
1909	287
1910	289
1911	286
1912	286
1913	289
1914	289
1915	287
1916	287
1917	291
1918	289
1919	287
1920	290
1921	292
1922	289
1923	289
1924	292
1925	293
1926	290
1927	290
1928	293
1929	293
1930	290
1931	291
1932	293
1933	293
1934	291
1935	293
1936	295
1937	292
1938	291
1939	293
1940	295
1941	292
1942	291
1943	295
1944	295
1945	291
1946	291
1947	295
1948	295
1949	291
1950	291
1951	294
1952	293
1953	291
1954	292
1955	295
1956	293
1957	290
1958	292
1959	294
1960	291
1961	290
1962	292
1963	293
1964	290
1965	289
1966	292
1967	292
1968	289
1969	289
1970	291
1971	290
1972	287
1973	289
1974	291
1975	289
1976	287
1977	289
1978	290
1979	287
1980	285
1981	289
1982	287
1983	285
1984	284
1985	287
1986	286
1987	283
1988	284
1989	286
1990	284
1991	281
1992	283
1993	285
1994	282
1995	279
1996	281
1997	283
1998	280
1999	277
2000	279
2001	281
2002	277
2003	275
2004	278
2005	279
2006	274
2007	274
2008	277
2009	275
2010	271
2011	272
2012	275
2013	271
2014	269
2015	270
2016	273
2017	269
2018	266
2019	269
2020	270
2021	265
2022	263
2023	267
2024	267
2025	262
2026	262
2027	265
2028	263
2029	259
2030	259
2031	262
2032	260
2033	255
2034	259
2035	258
2036	254
2037	255
2038	255
2039	251
2040	251
2041	254
2042	249
2043	250
2044	251
2045	246
2046	249
2047	248
2048	245
2049	245
2050	245
2051	241
2052	243
2053	243
2054	238
2055	241
2056	239
2057	236
2058	238
2059	236
2060	232
2061	236
2062	233
2063	229
2064	233
2065	229
2066	227
2067	229
2068	227
2069	223
2070	227
2071	222
2072	221
2073	223
2074	219
2075	218
2076	221
2077	216
2078	215
2079	217
2080	212
2081	213
2082	214
2083	209
2084	209
2085	211
2086	205
2087	207
2088	207
2089	201
2090	205
2091	203
2092	199
2093	201
2094	199
2095	194
2096	198
2097	196
2098	191
2099	196
2100	191
2101	189
2102	191
2103	189
2104	185
2105	189
2106	185
2107	183
2108	185
2109	181
2110	179
2111	182
2112	178
2113	175
2114	179
2115	173
2116	173
2117	177
2118	170
2119	170
2120	171
2121	167
2122	167
2123	169
2124	163
2125	165
2126	165
2127	161
2128	161
2129	162
2130	155
2131	159
2132	158
2133	154
2134	156
2135	155
2136	150
2137	155
2138	153
2139	148
2140	151
2141	150
2142	146
2143	151
2144	147
2145	145
2146	148
2147	146
2148	142
2149	147
2150	143
2151	141
2152	145
2153	141
2154	140
2155	143
2156	139
2157	138
2158	142
2159	137
2160	137
2161	141
2162	135
2163	136
2164	139
2165	134
2166	135
2167	138
2168	134
2169	135
2170	137
2171	132
2172	135
2173	137
2174	131
2175	135
2176	135
2177	131
2178	135
2179	136
2180	131
2181	136
2182	135
2183	131
2184	136
2185	135
2186	131
2187	137
2188	135
2189	133
2190	137
2191	135
2192	133
2193	138
2194	135
2195	134
2196	139
2197	135
2198	135
2199	140
2200	137
2201	137
2202	141
2203	138
2204	137
2205	143
2206	139
2207	140
2208	143
2209	139
2210	141
2211	144
2212	142
2213	143
2214	146
2215	143
2216	145
2217	149
2218	144
2219	148
2220	150
2221	147
2222	149
2223	152
2224	149
2225	152
2226	154
2227	149
2228	154
2229	156
2230	151
2231	157
2232	157
2233	153
2234	159
2235	159
2236	155
2237	161
2238	161
2239	158
2240	163
2241	163
2242	159
2243	165
2244	164
2245	163
2246	167
2247	165
2248	165
2249	170
2250	167
2251	168
2252	172
2253	169
2254	170
2255	173
2256	171
2257	173
2258	175
2259	172
2260	175
2261	178
2262	174
2263	177
2264	179
2265	177
2266	179
2267	182
2268	177
2269	182
2270	183
2271	179
2272	185
2273	185
2274	181
2275	187
2276	186
2277	185
2278	189
2279	189
2280	185
2281	191
2282	189
2283	189
2284	193
2285	191
2286	191
2287	195
2288	193
2289	191
2290	197
2291	194
2292	194
2293	199
2294	195
2295	197
2296	200
2297	197
2298	197
2299	201
2300	199
2301	199
2302	203
2303	199
2304	201
2305	205
2306	201
2307	203
2308	206
2309	202
2310	206
2311	207
2312	203
2313	207
2314	207
2315	205
2316	207
2317	209
2318	205
