-2165	265
-2164	266
-2163	265
-2162	262
-2161	263
-2160	265
-2159	266
-2158	264
-2157	262
-2156	261
-2155	264
-2154	266
-2153	266
-2152	261
-2151	259
-2150	259
-2149	259
-2148	257
-2147	253
-2146	249
-2145	249
-2144	247
-2143	241
-2142	241
-2141	241
-2140	237
-2139	230
-2138	231
-2137	230
-2136	225
-2135	219
-2134	222
-2133	218
-2132	211
-2131	209
-2130	209
-2129	205
-2128	199
-2127	199
-2126	198
-2125	191
-2124	187
-2123	188
-2122	186
-2121	179
-2120	177
-2119	179
-2118	174
-2117	169
-2116	169
-2115	169
-2114	163
-2113	159
-2112	161
-2111	162
-2110	155
-2109	154
-2108	158
-2107	155
-2106	151
-2105	152
-2104	155
-2103	153
-2102	149
-2101	155
-2100	156
-2099	153
-2098	153
-2097	159
-2096	159
-2095	156
-2094	162
-2093	167
-2092	165
-2091	165
-2090	173
-2089	175
-2088	173
-2087	177
-2086	183
-2085	185
-2084	183
-2083	191
-2082	196
-2081	197
-2080	199
-2079	207
-2078	208
-2077	208
-2076	214
-2075	220
-2074	221
-2073	221
-2072	229
-2071	233
-2070	233
-2069	235
-2068	242
-2067	245
-2066	245
-2065	248
-2064	254
-2063	255
-2062	254
-2061	260
-2060	264
-2059	267
-2058	267
-2057	269
-2056	272
-2055	277
-2054	279
-2053	279
-2052	279
-2051	282
-2050	286
-2049	289
-2048	287
-2047	287
-2046	291
-2045	294
-2044	295
-2043	295
-2042	295
-2041	297
-2040	301
-2039	303
-2038	303
-2037	301
-2036	301
-2035	305
-2034	307
-2033	307
-2032	305
-2031	305
-2030	308
-2029	311
-2028	310
-2027	308
-2026	307
-2025	311
-2024	312
-2023	311
-2022	309
-2021	307
-2020	309
-2019	310
-2018	311
-2017	309
-2016	307
-2015	307
-2014	309
-2013	309
-2012	307
-2011	304
-2010	303
-2009	305
-2008	305
-2007	305
-2006	300
-2005	299
-2004	299
-2003	299
-2002	297
-2001	295
-2000	293
-1999	294
-1998	294
-1997	291
-1996	287
-1995	285
-1994	285
-1993	287
-1992	284
-1991	279
-1990	276
-1989	275
-1988	277
-1987	275
-1986	271
-1985	267
-1984	266
-1983	267
-1982	265
-1981	261
-1980	255
-1979	257
-1978	255
-1977	253
-1976	247
-1975	247
-1974	248
-1973	242
-1972	237
-1971	239
-1970	238
-1969	233
-1968	230
-1967	233
-1966	227
-1965	223
-1964	222
-1963	223
-1962	216
-1961	214
-1960	215
-1959	213
-1958	207
-1957	206
-1956	208
-1955	203
-1954	198
-1953	199
-1952	199
-1951	193
-1950	191
-1949	194
-1948	191
-1947	185
-1946	185
-1945	189
-1944	183
-1943	180
-1942	182
-1941	182
-1940	176
-1939	175
-1938	178
-1937	175
-1936	171
-1935	173
-1934	173
-1933	170
-1932	168
-1931	171
-1930	170
-1929	165
-1928	166
-1927	170
-1926	165
-1925	163
-1924	166
-1923	167
-1922	162
-1921	162
-1920	166
-1919	165
-1918	159
-1917	163
-1916	165
-1915	162
-1914	159
-1913	163
-1912	165
-1911	159
-1910	161
-1909	165
-1908	163
-1907	159
-1906	161
-1905	165
-1904	162
-1903	159
-1902	163
-1901	166
-1900	161
-1899	161
-1898	165
-1897	166
-1896	161
-1895	163
-1894	167
-1893	165
-1892	163
-1891	167
-1890	170
-1889	166
-1888	165
-1887	170
-1886	171
-1885	167
-1884	169
-1883	174
-1882	172
-1881	171
-1880	174
-1879	177
-1878	174
-1877	174
-1876	179
-1875	181
-1874	177
-1873	180
-1872	185
-1871	185
-1870	183
-1869	188
-1868	191
-1867	191
-1866	189
-1865	196
-1864	197
-1863	196
-1862	197
-1861	203
-1860	203
-1859	202
-1858	207
-1857	211
-1856	210
-1855	209
-1854	215
-1853	218
-1852	216
-1851	218
-1850	223
-1849	223
-1848	221
-1847	226
-1846	230
-1845	229
-1844	229
-1843	234
-1842	237
-1841	234
-1840	235
-1839	241
-1838	242
-1837	239
-1836	243
-1835	247
-1834	245
-1833	245
-1832	249
-1831	253
-1830	249
-1829	250
-1828	254
-1827	255
-1826	251
-1825	254
-1824	259
-1823	258
-1822	255
-1821	255
-1820	260
-1819	261
-1818	259
-1817	258
-1816	259
-1815	262
-1814	263
-1813	261
-1812	258
-1811	259
-1810	262
-1809	263
-1808	261
-1807	258
-1806	257
-1805	259
-1804	261
-1803	259
-1802	255
-1801	255
-1800	258
-1799	257
-1798	253
-1797	250
-1796	253
-1795	251
-1794	246
-1793	245
-1792	247
-1791	244
-1790	239
-1789	239
-1788	241
-1787	235
-1786	231
-1785	233
-1784	231
-1783	225
-1782	223
-1781	223
-1780	220
-1779	214
-1778	214
-1777	213
-1776	207
-1775	203
-1774	204
-1773	202
-1772	194
-1771	191
-1770	194
-1769	189
-1768	182
-1767	183
-1766	183
-1765	176
-1764	173
-1763	175
-1762	172
-1761	166
-1760	165
-1759	167
-1758	163
-1757	159
-1756	161
-1755	163
-1754	157
-1753	156
-1752	159
-1751	161
-1750	157
-1749	158
-1748	163
-1747	163
-1746	161
-1745	167
-1744	172
-1743	171
-1742	172
-1741	179
-1740	183
-1739	183
-1738	189
-1737	196
-1736	199
-1735	199
-1734	207
-1733	213
-1732	216
-1731	218
-1730	226
-1729	233
-1728	233
-1727	238
-1726	246
-1725	251
-1724	251
-1723	259
-1722	265
-1721	271
-1720	273
-1719	276
-1718	281
-1717	289
-1716	293
-1715	298
-1714	299
-1713	305
-1712	310
-1711	316
-1710	319
-1709	319
-1708	323
-1707	331
-1706	335
-1705	339
-1704	339
-1703	342
-1702	347
-1701	353
-1700	355
-1699	357
-1698	359
-1697	363
-1696	366
-1695	370
-1694	373
-1693	373
-1692	377
-1691	381
-1690	383
-1689	386
-1688	386
-1687	388
-1686	391
-1685	394
-1684	396
-1683	397
-1682	398
-1681	401
-1680	403
-1679	404
-1678	404
-1677	406
-1676	409
-1675	411
-1674	412
-1673	411
-1672	411
-1671	415
-1670	417
-1669	417
-1668	417
-1667	416
-1666	417
-1665	419
-1664	419
-1663	419
-1662	418
-1661	419
-1660	420
-1659	421
-1658	419
-1657	419
-1656	419
-1655	420
-1654	421
-1653	419
-1652	417
-1651	417
-1650	418
-1649	418
-1648	415
-1647	413
-1646	412
-1645	413
-1644	413
-1643	411
-1642	409
-1641	407
-1640	406
-1639	407
-1638	405
-1637	401
-1636	399
-1635	399
-1634	399
-1633	397
-1632	393
-1631	390
-1630	389
-1629	388
-1628	386
-1627	382
-1626	379
-1625	377
-1624	376
-1623	374
-1622	369
-1621	365
-1620	364
-1619	362
-1618	359
-1617	354
-1616	350
-1615	347
-1614	347
-1613	343
-1612	337
-1611	331
-1610	328
-1609	327
-1608	325
-1607	319
-1606	312
-1605	308
-1604	307
-1603	303
-1602	297
-1601	290
-1600	286
-1599	284
-1598	280
-1597	273
-1596	266
-1595	262
-1594	259
-1593	255
-1592	247
-1591	241
-1590	239
-1589	235
-1588	225
-1587	221
-1586	220
-1585	214
-1584	205
-1583	203
-1582	201
-1581	194
-1580	187
-1579	187
-1578	184
-1577	177
-1576	173
-1575	175
-1574	170
-1573	164
-1572	163
-1571	165
-1570	159
-1569	155
-1568	159
-1567	161
-1566	154
-1565	155
-1564	159
-1563	158
-1562	155
-1561	159
-1560	163
-1559	161
-1558	159
-1557	167
-1556	169
-1555	167
-1554	169
-1553	177
-1552	177
-1551	175
-1550	180
-1549	187
-1548	186
-1547	186
-1546	191
-1545	197
-1544	195
-1543	198
-1542	203
-1541	206
-1540	205
-1539	209
-1538	215
-1537	215
-1536	214
-1535	219
-1534	223
-1533	222
-1532	223
-1531	229
-1530	231
-1529	227
-1528	231
-1527	235
-1526	235
-1525	234
-1524	239
-1523	243
-1522	239
-1521	241
-1520	245
-1519	247
-1518	243
-1517	245
-1516	249
-1515	247
-1514	245
-1513	249
-1512	251
-1511	248
-1510	247
-1509	251
-1508	251
-1507	247
-1506	249
-1505	252
-1504	249
-1503	247
-1502	249
-1501	251
-1500	246
-1499	247
-1498	249
-1497	248
-1496	244
-1495	245
-1494	247
-1493	244
-1492	241
-1491	244
-1490	244
-1489	240
-1488	239
-1487	242
-1486	239
-1485	235
-1484	237
-1483	239
-1482	235
-1481	231
-1480	235
-1479	234
-1478	231
-1477	229
-1476	232
-1475	230
-1474	225
-1473	227
-1472	229
-1471	226
-1470	222
-1469	226
-1468	225
-1467	221
-1466	220
-1465	223
-1464	221
-1463	217
-1462	221
-1461	222
-1460	217
-1459	215
-1458	219
-1457	218
-1456	215
-1455	215
-1454	219
-1453	215
-1452	212
-1451	215
-1450	217
-1449	213
-1448	211
-1447	215
-1446	214
-1445	210
-1444	211
-1443	214
-1442	210
-1441	209
-1440	211
-1439	211
-1438	206
-1437	206
-1436	209
-1435	207
-1434	203
-1433	205
-1432	207
-1431	202
-1430	199
-1429	202
-1428	203
-1427	197
-1426	196
-1425	199
-1424	197
-1423	191
-1422	191
-1421	194
-1420	189
-1419	186
-1418	187
-1417	187
-1416	181
-1415	179
-1414	182
-1413	179
-1412	173
-1411	174
-1410	175
-1409	169
-1408	165
-1407	169
-1406	167
-1405	161
-1404	159
-1403	163
-1402	159
-1401	155
-1400	157
-1399	158
-1398	153
-1397	152
-1396	155
-1395	156
-1394	150
-1393	153
-1392	157
-1391	156
-1390	153
-1389	159
-1388	163
-1387	163
-1386	163
-1385	172
-1384	173
-1383	173
-1382	178
-1381	187
-1380	187
-1379	191
-1378	199
-1377	206
-1376	207
-1375	213
-1374	222
-1373	227
-1372	229
-1371	238
-1370	245
-1369	247
-1368	251
-1367	261
-1366	267
-1365	272
-1364	274
-1363	280
-1362	287
-1361	295
-1360	299
-1359	303
-1358	307
-1357	315
-1356	321
-1355	327
-1354	329
-1353	335
-1352	339
-1351	347
-1350	351
-1349	355
-1348	357
-1347	363
-1346	369
-1345	374
-1344	377
-1343	379
-1342	383
-1341	390
-1340	394
-1339	397
-1338	399
-1337	403
-1336	408
-1335	413
-1334	415
-1333	417
-1332	420
-1331	425
-1330	429
-1329	431
-1328	433
-1327	435
-1326	439
-1325	443
-1324	445
-1323	447
-1322	449
-1321	452
-1320	455
-1319	457
-1318	458
-1317	461
-1316	463
-1315	466
-1314	467
-1313	468
-1312	469
-1311	472
-1310	474
-1309	475
-1308	475
-1307	476
-1306	479
-1305	482
-1304	483
-1303	483
-1302	482
-1301	484
-1300	486
-1299	487
-1298	486
-1297	487
-1296	487
-1295	489
-1294	488
-1293	487
-1292	487
-1291	487
-1290	489
-1289	489
-1288	487
-1287	487
-1286	487
-1285	488
-1284	488
-1283	487
-1282	485
-1281	485
-1280	485
-1279	485
-1278	483
-1277	482
-1276	479
-1275	479
-1274	479
-1273	477
-1272	475
-1271	473
-1270	472
-1269	471
-1268	469
-1267	465
-1266	462
-1265	461
-1264	460
-1263	459
-1262	455
-1261	451
-1260	448
-1259	447
-1258	444
-1257	441
-1256	437
-1255	434
-1254	432
-1253	429
-1252	425
-1251	419
-1250	415
-1249	412
-1248	410
-1247	405
-1246	399
-1245	394
-1244	391
-1243	387
-1242	381
-1241	375
-1240	369
-1239	365
-1238	362
-1237	355
-1236	347
-1235	339
-1234	335
-1233	331
-1232	325
-1231	317
-1230	309
-1229	303
-1228	299
-1227	292
-1226	283
-1225	274
-1224	269
-1223	265
-1222	259
-1221	248
-1220	239
-1219	237
-1218	231
-1217	221
-1216	217
-1215	215
-1214	211
-1213	202
-1212	202
-1211	203
-1210	197
-1209	196
-1208	199
-1207	201
-1206	198
-1205	203
-1204	209
-1203	212
-1202	213
-1201	222
-1200	229
-1199	232
-1198	236
-1197	247
-1196	254
-1195	258
-1194	263
-1193	274
-1192	283
-1191	289
-1190	292
-1189	298
-1188	306
-1187	315
-1186	322
-1185	326
-1184	329
-1183	337
-1182	345
-1181	351
-1180	355
-1179	357
-1178	362
-1177	371
-1176	375
-1175	379
-1174	381
-1173	385
-1172	391
-1171	398
-1170	400
-1169	402
-1168	405
-1167	409
-1166	415
-1165	417
-1164	419
-1163	421
-1162	425
-1161	429
-1160	432
-1159	433
-1158	434
-1157	437
-1156	441
-1155	443
-1154	444
-1153	445
-1152	447
-1151	450
-1150	452
-1149	454
-1148	453
-1147	455
-1146	457
-1145	459
-1144	459
-1143	460
-1142	460
-1141	462
-1140	463
-1139	463
-1138	464
-1137	463
-1136	464
-1135	466
-1134	467
-1133	466
-1132	465
-1131	465
-1130	466
-1129	466
-1128	466
-1127	465
-1126	464
-1125	465
-1124	465
-1123	463
-1122	462
-1121	462
-1120	462
-1119	461
-1118	460
-1117	457
-1116	456
-1115	456
-1114	456
-1113	455
-1112	452
-1111	449
-1110	448
-1109	447
-1108	447
-1107	444
-1106	441
-1105	439
-1104	439
-1103	437
-1102	435
-1101	431
-1100	430
-1099	429
-1098	426
-1097	423
-1096	419
-1095	417
-1094	417
-1093	413
-1092	409
-1091	405
-1090	402
-1089	400
-1088	399
-1087	395
-1086	391
-1085	386
-1084	383
-1083	381
-1082	377
-1081	371
-1080	367
-1079	365
-1078	363
-1077	358
-1076	351
-1075	346
-1074	343
-1073	341
-1072	337
-1071	329
-1070	323
-1069	319
-1068	317
-1067	313
-1066	306
-1065	299
-1064	295
-1063	293
-1062	289
-1061	282
-1060	275
-1059	272
-1058	271
-1057	266
-1056	259
-1055	252
-1054	249
-1053	247
-1052	241
-1051	233
-1050	232
-1049	229
-1048	221
-1047	217
-1046	217
-1045	212
-1044	204
-1043	204
-1042	203
-1041	197
-1040	191
-1039	194
-1038	191
-1037	185
-1036	185
-1035	187
-1034	185
-1033	180
-1032	183
-1031	186
-1030	183
-1029	182
-1028	187
-1027	189
-1026	187
-1025	189
-1024	197
-1023	197
-1022	195
-1021	203
-1020	209
-1019	210
-1018	212
-1017	221
-1016	225
-1015	225
-1014	230
-1013	239
-1012	243
-1011	245
-1010	252
-1009	259
-1008	263
-1007	266
-1006	270
-1005	279
-1004	285
-1003	291
-1002	292
-1001	297
-1000	303
-999	311
-998	314
-997	317
-996	327
-995	332
-994	333
-993	342
-992	347
-991	349
-990	355
-989	363
-988	363
-987	370
-986	377
-985	379
-984	383
-983	391
-982	393
-981	397
-980	403
-979	407
-978	409
-977	416
-976	419
-975	421
-974	426
-973	431
-972	431
-971	437
-970	441
-969	442
-968	445
-967	451
-966	451
-965	455
-964	459
-963	460
-962	463
-961	467
-960	468
-959	471
-958	475
-957	476
-956	478
-955	481
-954	483
-953	485
-952	487
-951	489
-950	489
-949	493
-948	495
-947	496
-946	498
-945	500
-944	501
-943	502
-942	504
-941	506
-940	506
-939	509
-938	509
-937	509
-936	511
-935	511
-934	511
-933	514
-932	515
-931	515
-930	516
-929	517
-928	515
-927	517
-926	518
-925	517
-924	518
-923	519
-922	517
-921	518
-920	518
-919	517
-918	517
-917	517
-916	516
-915	514
-914	515
-913	514
-912	511
-911	511
-910	511
-909	509
-908	509
-907	507
-906	505
-905	504
-904	503
-903	501
-902	499
-901	497
-900	495
-899	492
-898	491
-897	488
-896	485
-895	483
-894	480
-893	475
-892	475
-891	470
-890	466
-889	464
-888	460
-887	456
-886	453
-885	449
-884	443
-883	439
-882	435
-881	429
-880	424
-879	421
-878	413
-877	407
-876	404
-875	395
-874	389
-873	385
-872	375
-871	369
-870	364
-869	354
-868	346
-867	340
-866	332
-865	322
-864	318
-863	311
-862	301
-861	297
-860	290
-859	280
-858	279
-857	273
-856	265
-855	265
-854	263
-853	258
-852	259
-851	262
-850	260
-849	263
-848	270
-847	272
-846	276
-845	287
-844	291
-843	298
-842	309
-841	316
-840	322
-839	332
-838	340
-837	347
-836	358
-835	367
-834	373
-833	383
-832	391
-831	397
-830	405
-829	415
-828	420
-827	428
-826	437
-825	443
-824	447
-823	456
-822	461
-821	467
-820	475
-819	481
-818	484
-817	491
-816	497
-815	500
-814	505
-813	513
-812	515
-811	521
-810	526
-809	529
-808	533
-807	539
-806	541
-805	545
-804	550
-803	553
-802	556
-801	561
-800	563
-799	566
-798	570
-797	574
-796	575
-795	579
-794	582
-793	583
-792	587
-791	589
-790	590
-789	594
-788	596
-787	598
-786	599
-785	602
-784	603
-783	605
-782	606
-781	609
-780	609
-779	611
-778	613
-777	613
-776	614
-775	616
-774	616
-773	617
-772	618
-771	619
-770	619
-769	621
-768	619
-767	620
-766	621
-765	621
-764	621
-763	621
-762	621
-761	621
-760	621
-759	621
-758	619
-757	620
-756	619
-755	618
-754	619
-753	617
-752	616
-751	616
-750	615
-749	613
-748	613
-747	613
-746	610
-745	609
-744	609
-743	606
-742	604
-741	604
-740	601
-739	599
-738	598
-737	595
-736	593
-735	592
-734	589
-733	586
-732	585
-731	581
-730	579
-729	577
-728	573
-727	569
-726	568
-725	564
-724	560
-723	558
-722	554
-721	549
-720	547
-719	543
-718	539
-717	534
-716	530
-715	526
-714	521
-713	517
-712	513
-711	507
-710	503
-709	498
-708	491
-707	486
-706	482
-705	474
-704	469
-703	464
-702	456
-701	451
-700	445
-699	436
-698	429
-697	423
-696	415
-695	408
-694	403
-693	393
-692	383
-691	379
-690	370
-689	360
-688	357
-687	347
-686	338
-685	333
-684	325
-683	315
-682	312
-681	306
-680	299
-679	297
-678	294
-677	289
-676	289
-675	291
-674	287
-673	291
-672	297
-671	297
-670	301
-669	311
-668	313
-667	318
-666	329
-665	334
-664	338
-663	349
-662	353
-661	359
-660	367
-659	375
-658	378
-657	388
-656	395
-655	398
-654	406
-653	415
-652	417
-651	424
-650	431
-649	435
-648	439
-647	447
-646	449
-645	455
-644	461
-643	464
-642	467
-641	474
-640	477
-639	479
-638	485
-637	489
-636	491
-635	496
-634	499
-633	501
-632	505
-631	509
-630	510
-629	514
-628	517
-627	519
-626	522
-625	525
-624	527
-623	529
-622	532
-621	533
-620	535
-619	538
-618	539
-617	541
-616	543
-615	545
-614	546
-613	549
-612	549
-611	551
-610	552
-609	553
-608	555
-607	555
-606	557
-605	559
-604	558
-603	561
-602	561
-601	561
-600	563
-599	563
-598	563
-597	565
-596	565
-595	565
-594	565
-593	566
-592	566
-591	566
-590	567
-589	567
-588	566
-587	567
-586	567
-585	566
-584	567
-583	567
-582	565
-581	566
-580	565
-579	563
-578	564
-577	563
-576	562
-575	563
-574	561
-573	560
-572	561
-571	559
-570	557
-569	557
-568	555
-567	555
-566	553
-565	553
-564	551
-563	549
-562	549
-561	547
-560	544
-559	543
-558	542
-557	539
-556	539
-555	536
-554	534
-553	533
-552	530
-551	527
-550	526
-549	523
-548	521
-547	518
-546	517
-545	513
-544	509
-543	508
-542	505
-541	501
-540	499
-539	495
-538	491
-537	489
-536	485
-535	481
-534	478
-533	473
-532	469
-531	465
-530	461
-529	455
-528	451
-527	447
-526	441
-525	436
-524	433
-523	425
-522	420
-521	417
-520	408
-519	402
-518	399
-517	390
-516	383
-515	379
-514	371
-513	363
-512	358
-511	350
-510	342
-509	338
-508	331
-507	322
-506	319
-505	313
-504	305
-503	304
-502	303
-501	295
-500	295
-499	297
-498	291
-497	296
-496	300
-495	299
-494	303
-493	313
-492	315
-491	321
-490	331
-489	337
-488	342
-487	355
-486	361
-485	369
-484	379
-483	389
-482	395
-481	407
-480	415
-479	422
-478	431
-477	442
-476	447
-475	457
-474	467
-473	473
-472	479
-471	490
-470	495
-469	503
-468	511
-467	517
-466	522
-465	530
-464	536
-463	541
-462	547
-461	553
-460	558
-459	565
-458	569
-457	574
-456	579
-455	585
-454	588
-453	594
-452	599
-451	602
-450	607
-449	612
-448	615
-447	618
-446	623
-445	626
-444	629
-443	634
-442	637
-441	639
-440	643
-439	647
-438	649
-437	652
-436	655
-435	657
-434	660
-433	664
-432	665
-431	668
-430	671
-429	673
-428	675
-427	678
-426	679
-425	682
-424	683
-423	685
-422	687
-421	689
-420	690
-419	693
-418	693
-417	695
-416	697
-415	697
-414	698
-413	700
-412	700
-411	701
-410	703
-409	703
-408	705
-407	705
-406	705
-405	707
-404	706
-403	707
-402	708
-401	707
-400	707
-399	709
-398	708
-397	707
-396	708
-395	707
-394	707
-393	707
-392	707
-391	707
-390	705
-389	705
-388	703
-387	703
-386	702
-385	701
-384	699
-383	699
-382	697
-381	696
-380	695
-379	693
-378	691
-377	691
-376	689
-375	686
-374	685
-373	683
-372	681
-371	679
-370	675
-369	673
-368	671
-367	668
-366	667
-365	663
-364	660
-363	657
-362	653
-361	651
-360	646
-359	642
-358	639
-357	635
-356	631
-355	628
-354	623
-353	618
-352	614
-351	609
-350	605
-349	599
-348	593
-347	588
-346	582
-345	577
-344	570
-343	563
-342	558
-341	549
-340	543
-339	535
-338	527
-337	518
-336	511
-335	503
-334	493
-333	486
-332	475
-331	465
-330	457
-329	445
-328	435
-327	426
-326	417
-325	403
-324	397
-323	387
-322	375
-321	369
-320	364
-319	355
-318	353
-317	353
-316	350
-315	353
-314	360
-313	363
-312	369
-311	381
-310	388
-309	399
-308	410
-307	421
-306	431
-305	444
-304	453
-303	464
-302	477
-301	487
-300	495
-299	507
-298	517
-297	525
-296	533
-295	543
-294	549
-293	559
-292	567
-291	575
-290	581
-289	589
-288	596
-287	602
-286	609
-285	616
-284	623
-283	629
-282	634
-281	641
-280	645
-279	651
-278	656
-277	661
-276	666
-275	671
-274	676
-273	681
-272	685
-271	689
-270	693
-269	697
-268	702
-267	705
-266	708
-265	712
-264	715
-263	717
-262	719
-261	723
-260	725
-259	728
-258	731
-257	732
-256	735
-255	737
-254	739
-253	741
-252	743
-251	745
-250	747
-249	749
-248	750
-247	751
-246	753
-245	754
-244	755
-243	755
-242	757
-241	757
-240	757
-239	759
-238	759
-237	761
-236	761
-235	761
-234	762
-233	763
-232	763
-231	763
-230	763
-229	764
-228	763
-227	764
-226	763
-225	763
-224	763
-223	763
-222	763
-221	763
-220	762
-219	761
-218	761
-217	760
-216	759
-215	759
-214	758
-213	757
-212	756
-211	755
-210	753
-209	752
-208	751
-207	749
-206	747
-205	746
-204	744
-203	742
-202	740
-201	738
-200	735
-199	734
-198	731
-197	729
-196	726
-195	723
-194	721
-193	717
-192	715
-191	712
-190	709
-189	705
-188	701
-187	698
-186	695
-185	690
-184	687
-183	683
-182	679
-181	674
-180	669
-179	664
-178	659
-177	653
-176	649
-175	643
-174	639
-173	632
-172	626
-171	619
-170	613
-169	606
-168	600
-167	592
-166	586
-165	578
-164	572
-163	563
-162	555
-161	547
-160	537
-159	529
-158	519
-157	509
-156	500
-155	487
-154	478
-153	466
-152	457
-151	447
-150	435
-149	426
-148	414
-147	405
-146	397
-145	387
-144	383
-143	378
-142	377
-141	378
-140	377
-139	385
-138	387
-137	396
-136	405
-135	413
-134	425
-133	436
-132	446
-131	459
-130	469
-129	483
-128	491
-127	503
-126	513
-125	523
-124	534
-123	545
-122	553
-121	564
-120	571
-119	581
-118	589
-117	597
-116	605
-115	613
-114	620
-113	627
-112	634
-111	641
-110	647
-109	655
-108	661
-107	667
-106	672
-105	679
-104	683
-103	689
-102	693
-101	699
-100	703
-99	709
-98	712
-97	718
-96	721
-95	726
-94	729
-93	735
-92	737
-91	743
-90	745
-89	750
-88	751
-87	756
-86	758
-85	761
-84	765
-83	767
-82	770
-81	773
-80	776
-79	777
-78	781
-77	783
-76	785
-75	787
-74	789
-73	791
-72	793
-71	795
-70	796
-69	799
-68	799
-67	802
-66	803
-65	804
-64	805
-63	806
-62	808
-61	808
-60	809
-59	810
-58	811
-57	811
-56	812
-55	813
-54	813
-53	815
-52	813
-51	814
-50	814
-49	814
-48	815
-47	814
-46	815
-45	814
-44	813
-43	813
-42	813
-41	813
-40	812
-39	812
-38	811
-37	811
-36	809
-35	809
-34	808
-33	807
-32	807
-31	805
-30	805
-29	802
-28	802
-27	799
-26	798
-25	796
-24	794
-23	793
-22	790
-21	789
-20	786
-19	783
-18	782
-17	779
-16	778
-15	774
-14	772
-13	767
-12	766
-11	763
-10	759
-9	757
-8	753
-7	749
-6	746
-5	741
-4	738
-3	734
-2	729
-1	725
0	719
1	715
2	709
3	703
4	698
5	693
6	687
7	681
8	675
9	668
10	661
11	653
12	647
13	638
14	631
15	622
16	615
17	605
18	597
19	586
20	575
21	565
22	553
23	541
24	530
25	516
26	506
27	490
28	478
29	465
30	451
31	438
32	425
33	415
34	407
35	397
36	394
37	390
38	393
39	395
40	401
41	413
42	420
43	436
44	447
45	463
46	477
47	489
48	503
49	515
50	529
51	540
52	551
53	565
54	575
55	589
56	597
57	609
58	617
59	628
60	636
61	645
62	654
63	663
64	669
65	677
66	684
67	692
68	697
69	705
70	711
71	718
72	722
73	728
74	734
75	739
76	743
77	749
78	754
79	758
80	762
81	767
82	770
83	775
84	779
85	783
86	786
87	791
88	794
89	797
90	800
91	804
92	805
93	809
94	812
95	814
96	816
97	819
98	821
99	823
100	825
101	827
102	829
103	831
104	832
105	835
106	837
107	838
108	839
109	840
110	842
111	843
112	844
113	845
114	846
115	847
116	848
117	848
118	849
119	850
120	850
121	851
122	851
123	852
124	852
125	851
126	851
127	851
128	852
129	851
130	851
131	850
132	850
133	849
134	848
135	848
136	847
137	847
138	845
139	844
140	844
141	843
142	841
143	839
144	838
145	837
146	835
147	833
148	831
149	830
150	829
151	826
152	824
153	822
154	820
155	818
156	815
157	813
158	810
159	808
160	806
161	802
162	799
163	795
164	793
165	790
166	787
167	783
168	779
169	776
170	773
171	767
172	763
173	759
174	755
175	751
176	746
177	741
178	737
179	731
180	725
181	719
182	713
183	708
184	701
185	695
186	688
187	681
188	674
189	667
190	658
191	649
192	641
193	633
194	625
195	613
196	603
197	592
198	582
199	569
200	559
201	545
202	535
203	518
204	507
205	491
206	479
207	462
208	450
209	435
210	422
211	410
212	398
213	391
214	383
215	383
216	382
217	391
218	394
219	408
220	418
221	432
222	444
223	460
224	472
225	485
226	499
227	511
228	525
229	537
230	549
231	559
232	569
233	579
234	588
235	598
236	607
237	616
238	623
239	631
240	639
241	646
242	651
243	659
244	665
245	671
246	677
247	684
248	689
249	693
250	698
251	705
252	709
253	713
254	718
255	723
256	727
257	731
258	735
259	739
260	743
261	747
262	750
263	753
264	756
265	759
266	761
267	764
268	766
269	769
270	771
271	774
272	776
273	779
274	781
275	783
276	785
277	787
278	789
279	791
280	792
281	793
282	794
283	795
284	797
285	798
286	799
287	799
288	801
289	802
290	803
291	803
292	804
293	805
294	805
295	805
296	805
297	805
298	805
299	805
300	805
301	805
302	806
303	805
304	805
305	805
306	805
307	805
308	805
309	803
310	803
311	801
312	801
313	799
314	799
315	798
316	797
317	797
318	795
319	793
320	792
321	790
322	789
323	787
324	785
325	783
326	782
327	780
328	778
329	775
330	773
331	770
332	767
333	765
334	763
335	760
336	757
337	755
338	753
339	749
340	745
341	742
342	739
343	735
344	731
345	728
346	725
347	721
348	716
349	712
350	707
351	703
352	699
353	695
354	691
355	686
356	681
357	675
358	669
359	663
360	658
361	652
362	647
363	639
364	634
365	627
366	620
367	613
368	605
369	598
370	591
371	581
372	575
373	565
374	556
375	547
376	536
377	527
378	516
379	505
380	495
381	481
382	470
383	457
384	445
385	435
386	421
387	406
388	394
389	377
390	369
391	355
392	347
393	341
394	333
395	333
396	331
397	335
398	342
399	347
400	359
401	369
402	379
403	395
404	405
405	420
406	433
407	445
408	459
409	470
410	479
411	493
412	502
413	513
414	523
415	533
416	542
417	551
418	558
419	567
420	574
421	583
422	589
423	595
424	602
425	607
426	613
427	620
428	625
429	631
430	635
431	641
432	646
433	651
434	655
435	660
436	664
437	669
438	673
439	677
440	681
441	685
442	687
443	691
444	695
445	699
446	701
447	705
448	707
449	710
450	712
451	715
452	717
453	719
454	721
455	724
456	726
457	728
458	730
459	732
460	734
461	735
462	737
463	739
464	739
465	741
466	743
467	743
468	745
469	745
470	746
471	747
472	748
473	749
474	749
475	750
476	751
477	751
478	753
479	753
480	753
481	753
482	752
483	753
484	753
485	751
486	751
487	751
488	751
489	751
490	750
491	749
492	749
493	749
494	747
495	747
496	746
497	745
498	744
499	743
500	741
501	739
502	738
503	737
504	735
505	733
506	732
507	730
508	727
509	726
510	725
511	722
512	719
513	717
514	714
515	711
516	709
517	705
518	703
519	699
520	696
521	693
522	689
523	685
524	682
525	679
526	673
527	669
528	665
529	659
530	655
531	649
532	644
533	639
534	633
535	629
536	623
537	617
538	613
539	605
540	599
541	591
542	585
543	578
544	570
545	563
546	557
547	547
548	541
549	530
550	521
551	511
552	502
553	493
554	483
555	472
556	462
557	447
558	439
559	425
560	414
561	403
562	389
563	379
564	365
565	351
566	343
567	330
568	325
569	317
570	311
571	311
572	307
573	311
574	317
575	319
576	331
577	340
578	349
579	365
580	373
581	387
582	398
583	410
584	422
585	431
586	441
587	455
588	463
589	475
590	483
591	492
592	501
593	509
594	517
595	527
596	533
597	541
598	547
599	555
600	561
601	567
602	573
603	580
604	585
605	591
606	596
607	603
608	607
609	611
610	617
611	621
612	625
613	629
614	633
615	637
616	641
617	644
618	648
619	651
620	655
621	658
622	661
623	664
624	666
625	668
626	671
627	673
628	675
629	677
630	678
631	681
632	681
633	683
634	685
635	686
636	687
637	689
638	690
639	691
640	692
641	693
642	695
643	695
644	696
645	696
646	697
647	697
648	697
649	697
650	697
651	697
652	697
653	697
654	697
655	697
656	697
657	697
658	697
659	697
660	697
661	695
662	695
663	693
664	693
665	692
666	691
667	690
668	689
669	688
670	687
671	685
672	685
673	683
674	681
675	679
676	677
677	675
678	674
679	671
680	670
681	667
682	665
683	663
684	661
685	659
686	655
687	653
688	651
689	648
690	646
691	642
692	639
693	635
694	632
695	629
696	625
697	622
698	619
699	615
700	611
701	607
702	602
703	598
704	593
705	589
706	585
707	579
708	575
709	570
710	565
711	561
712	554
713	549
714	543
715	536
716	531
717	524
718	519
719	511
720	504
721	498
722	491
723	483
724	476
725	466
726	460
727	450
728	441
729	433
730	421
731	413
732	403
733	392
734	383
735	370
736	363
737	352
738	341
739	333
740	319
741	309
742	299
743	285
744	281
745	269
746	263
747	257
748	247
749	247
750	238
751	241
752	237
753	242
754	241
755	247
756	251
757	257
758	267
759	270
760	281
761	289
762	295
763	308
764	312
765	323
766	331
767	337
768	349
769	354
770	361
771	371
772	375
773	385
774	391
775	396
776	404
777	408
778	415
779	422
780	425
781	433
782	437
783	443
784	447
785	451
786	457
787	462
788	465
789	470
790	472
791	477
792	481
793	483
794	487
795	490
796	493
797	497
798	499
799	503
800	505
801	508
802	511
803	513
804	516
805	519
806	519
807	523
808	524
809	526
810	528
811	529
812	531
813	533
814	534
815	537
816	537
817	539
818	540
819	541
820	543
821	543
822	545
823	546
824	545
825	547
826	547
827	548
828	549
829	549
830	551
831	551
832	551
833	553
834	551
835	552
836	553
837	551
838	553
839	552
840	552
841	552
842	551
843	552
844	551
845	551
846	551
847	551
848	551
849	551
850	549
851	549
852	548
853	547
854	547
855	545
856	545
857	543
858	543
859	542
860	541
861	540
862	539
863	537
864	536
865	534
866	532
867	531
868	528
869	527
870	526
871	523
872	523
873	519
874	518
875	515
876	511
877	511
878	507
879	505
880	503
881	499
882	498
883	495
884	491
885	489
886	483
887	481
888	477
889	471
890	470
891	463
892	461
893	457
894	451
895	447
896	442
897	437
898	433
899	425
900	422
901	415
902	409
903	404
904	396
905	391
906	383
907	374
908	370
909	359
910	353
911	346
912	336
913	331
914	319
915	311
916	304
917	291
918	286
919	275
920	266
921	261
922	248
923	245
924	234
925	233
926	226
927	225
928	222
929	223
930	226
931	229
932	236
933	241
934	252
935	255
936	269
937	274
938	284
939	297
940	302
941	317
942	324
943	334
944	345
945	351
946	362
947	372
948	379
949	390
950	397
951	406
952	413
953	419
954	427
955	435
956	440
957	450
958	455
959	461
960	468
961	473
962	479
963	486
964	490
965	497
966	500
967	506
968	510
969	514
970	519
971	523
972	527
973	533
974	535
975	541
976	543
977	548
978	551
979	555
980	559
981	561
982	563
983	567
984	569
985	572
986	575
987	577
988	581
989	583
990	585
991	587
992	589
993	591
994	593
995	595
996	597
997	599
998	601
999	602
1000	603
1001	605
1002	607
1003	607
1004	609
1005	609
1006	611
1007	611
1008	613
1009	613
1010	614
1011	613
1012	615
1013	615
1014	615
1015	615
1016	615
1017	617
1018	615
1019	616
1020	615
1021	615
1022	615
1023	614
1024	615
1025	614
1026	613
1027	612
1028	612
1029	611
1030	609
1031	607
1032	608
1033	605
1034	604
1035	603
1036	602
1037	600
1038	597
1039	597
1040	595
1041	593
1042	590
1043	588
1044	587
1045	583
1046	582
1047	579
1048	577
1049	573
1050	571
1051	569
1052	565
1053	562
1054	559
1055	557
1056	553
1057	549
1058	547
1059	542
1060	539
1061	534
1062	531
1063	526
1064	521
1065	517
1066	513
1067	508
1068	502
1069	498
1070	493
1071	487
1072	481
1073	475
1074	471
1075	463
1076	457
1077	451
1078	445
1079	437
1080	431
1081	425
1082	419
1083	407
1084	401
1085	394
1086	387
1087	375
1088	367
1089	357
1090	346
1091	334
1092	328
1093	319
1094	307
1095	296
1096	291
1097	281
1098	269
1099	261
1100	255
1101	245
1102	238
1103	236
1104	227
1105	225
1106	227
1107	223
1108	223
1109	231
1110	230
1111	237
1112	245
1113	247
1114	255
1115	267
1116	273
1117	280
1118	291
1119	301
1120	305
1121	314
1122	323
1123	334
1124	338
1125	347
1126	357
1127	365
1128	369
1129	377
1130	385
1131	391
1132	396
1133	403
1134	410
1135	415
1136	418
1137	425
1138	430
1139	434
1140	437
1141	443
1142	447
1143	451
1144	453
1145	459
1146	461
1147	465
1148	467
1149	472
1150	474
1151	476
1152	479
1153	482
1154	484
1155	485
1156	489
1157	491
1158	492
1159	493
1160	495
1161	498
1162	498
1163	500
1164	501
1165	503
1166	503
1167	503
1168	505
1169	507
1170	506
1171	507
1172	509
1173	508
1174	509
1175	508
1176	509
1177	509
1178	507
1179	509
1180	509
1181	509
1182	507
1183	507
1184	507
1185	506
1186	506
1187	505
1188	505
1189	503
1190	502
1191	502
1192	501
1193	499
1194	497
1195	497
1196	495
1197	493
1198	493
1199	491
1200	489
1201	485
1202	485
1203	483
1204	481
1205	478
1206	476
1207	475
1208	471
1209	468
1210	468
1211	464
1212	461
1213	458
1214	457
1215	453
1216	449
1217	447
1218	445
1219	441
1220	436
1221	434
1222	432
1223	426
1224	423
1225	421
1226	418
1227	411
1228	408
1229	406
1230	402
1231	396
1232	393
1233	391
1234	386
1235	379
1236	377
1237	373
1238	367
1239	361
1240	359
1241	355
1242	349
1243	343
1244	341
1245	337
1246	328
1247	323
1248	322
1249	316
1250	308
1251	303
1252	302
1253	294
1254	287
1255	283
1256	281
1257	271
1258	266
1259	263
1260	259
1261	250
1262	245
1263	243
1264	235
1265	231
1266	228
1267	219
1268	217
1269	213
1270	204
1271	203
1272	201
1273	191
1274	191
1275	187
1276	180
1277	180
1278	177
1279	170
1280	171
1281	168
1282	162
1283	166
1284	163
1285	158
1286	161
1287	158
1288	156
1289	161
1290	157
1291	157
1292	163
1293	159
1294	161
1295	166
1296	164
1297	167
1298	172
1299	170
1300	175
1301	181
1302	179
1303	185
1304	189
1305	189
1306	197
1307	201
1308	200
1309	209
1310	211
1311	213
1312	221
1313	225
1314	226
1315	236
1316	238
1317	241
1318	249
1319	251
1320	255
1321	263
1322	265
1323	268
1324	274
1325	281
1326	282
1327	285
1328	293
1329	299
1330	299
1331	304
1332	311
1333	316
1334	315
1335	321
1336	327
1337	331
1338	330
1339	337
1340	341
1341	345
1342	345
1343	351
1344	355
1345	357
1346	357
1347	363
1348	367
1349	368
1350	371
1351	376
1352	377
1353	379
1354	381
1355	386
1356	388
1357	388
1358	391
1359	395
1360	396
1361	397
1362	401
1363	404
1364	405
1365	405
1366	409
1367	410
1368	410
1369	411
1370	415
1371	415
1372	417
1373	417
1374	421
1375	422
1376	422
1377	423
1378	426
1379	425
1380	425
1381	427
1382	429
1383	427
1384	427
1385	429
1386	430
1387	429
1388	429
1389	430
1390	431
1391	428
1392	429
1393	430
1394	429
1395	427
1396	427
1397	428
1398	426
1399	424
1400	425
1401	425
1402	422
1403	421
1404	420
1405	420
1406	415
1407	415
1408	414
1409	413
1410	409
1411	408
1412	407
1413	404
1414	399
1415	399
1416	397
1417	393
1418	389
1419	389
1420	385
1421	380
1422	377
1423	375
1424	373
1425	367
1426	364
1427	363
1428	357
1429	351
1430	348
1431	347
1432	340
1433	335
1434	333
1435	329
1436	322
1437	316
1438	315
1439	309
1440	301
1441	297
1442	296
1443	289
1444	279
1445	277
1446	274
1447	267
1448	259
1449	257
1450	253
1451	243
1452	241
1453	239
1454	229
1455	228
1456	225
1457	218
1458	219
1459	215
1460	209
1461	213
1462	211
1463	206
1464	210
1465	210
1466	209
1467	214
1468	214
1469	214
1470	223
1471	223
1472	225
1473	235
1474	235
1475	241
1476	250
1477	252
1478	255
1479	266
1480	271
1481	273
1482	282
1483	289
1484	293
1485	297
1486	305
1487	311
1488	314
1489	319
1490	327
1491	333
1492	335
1493	341
1494	348
1495	353
1496	355
1497	360
1498	366
1499	371
1500	372
1501	378
1502	383
1503	387
1504	387
1505	393
1506	397
1507	399
1508	403
1509	407
1510	411
1511	412
1512	414
1513	419
1514	422
1515	423
1516	425
1517	429
1518	431
1519	431
1520	434
1521	437
1522	439
1523	439
1524	442
1525	445
1526	446
1527	445
1528	448
1529	450
1530	451
1531	450
1532	452
1533	455
1534	453
1535	454
1536	455
1537	457
1538	455
1539	457
1540	457
1541	458
1542	456
1543	457
1544	458
1545	457
1546	457
1547	456
1548	457
1549	456
1550	455
1551	455
1552	455
1553	453
1554	452
1555	452
1556	453
1557	449
1558	447
1559	448
1560	447
1561	445
1562	443
1563	444
1564	441
1565	439
1566	437
1567	437
1568	435
1569	431
1570	431
1571	429
1572	427
1573	423
1574	423
1575	421
1576	417
1577	414
1578	413
1579	411
1580	406
1581	403
1582	403
1583	399
1584	395
1585	392
1586	391
1587	387
1588	382
1589	379
1590	378
1591	373
1592	368
1593	367
1594	365
1595	358
1596	353
1597	351
1598	349
1599	341
1600	339
1601	335
1602	332
1603	325
1604	321
1605	321
1606	314
1607	307
1608	305
1609	303
1610	295
1611	290
1612	287
1613	285
1614	276
1615	271
1616	271
1617	267
1618	259
1619	255
1620	255
1621	246
1622	244
1623	243
1624	235
1625	233
1626	232
1627	225
1628	223
1629	221
1630	214
1631	215
1632	213
1633	205
1634	207
1635	205
1636	199
1637	200
1638	198
1639	193
1640	197
1641	193
1642	189
1643	193
1644	190
1645	185
1646	191
1647	187
1648	183
1649	189
1650	185
1651	185
1652	190
1653	185
1654	185
1655	189
1656	185
1657	187
1658	189
1659	186
1660	188
1661	191
1662	186
1663	189
1664	191
1665	187
1666	190
1667	193
1668	188
1669	191
1670	193
1671	189
1672	193
1673	194
1674	189
1675	193
1676	193
1677	190
1678	193
1679	193
1680	189
1681	194
1682	193
1683	188
1684	193
1685	191
1686	187
1687	191
1688	189
1689	187
1690	191
1691	187
1692	185
1693	189
1694	185
1695	185
1696	187
1697	183
1698	183
1699	187
1700	181
1701	181
1702	185
1703	179
1704	179
1705	182
1706	177
1707	179
1708	180
1709	175
1710	178
1711	179
1712	174
1713	178
1714	179
1715	175
1716	179
1717	179
1718	174
1719	179
1720	179
1721	175
1722	179
1723	179
1724	177
1725	183
1726	182
1727	179
1728	185
1729	185
1730	182
1731	189
1732	187
1733	187
1734	191
1735	189
1736	189
1737	195
1738	193
1739	193
1740	198
1741	195
1742	197
1743	203
1744	199
1745	200
1746	205
1747	202
1748	203
1749	207
1750	204
1751	207
1752	210
1753	206
1754	209
1755	213
1756	209
1757	211
1758	214
1759	211
1760	214
1761	215
1762	210
1763	214
1764	215
1765	211
1766	215
1767	215
1768	211
1769	216
1770	215
1771	210
1772	214
1773	212
1774	209
1775	213
1776	209
1777	207
1778	211
1779	207
1780	204
1781	209
1782	204
1783	201
1784	204
1785	199
1786	198
1787	199
1788	193
1789	193
1790	195
1791	187
1792	187
1793	189
1794	181
1795	181
1796	182
1797	175
1798	175
1799	175
1800	170
1801	171
1802	170
1803	164
1804	166
1805	165
1806	158
1807	161
1808	159
1809	154
1810	157
1811	155
1812	150
1813	154
1814	153
1815	149
1816	155
1817	153
1818	151
1819	157
1820	156
1821	155
1822	161
1823	161
1824	161
1825	169
1826	169
1827	171
1828	178
1829	177
1830	180
1831	189
1832	189
1833	191
1834	199
1835	201
1836	205
1837	214
1838	214
1839	219
1840	226
1841	227
1842	233
1843	240
1844	239
1845	247
1846	254
1847	255
1848	260
1849	267
1850	267
1851	271
1852	278
1853	284
1854	283
1855	289
1856	295
1857	299
1858	299
1859	305
1860	310
1861	314
1862	314
1863	319
1864	325
1865	327
1866	327
1867	333
1868	338
1869	340
1870	340
1871	346
1872	350
1873	351
1874	351
1875	358
1876	361
1877	361
1878	362
1879	367
1880	369
1881	370
1882	371
1883	376
1884	377
1885	377
1886	379
1887	383
1888	383
1889	383
1890	386
1891	390
1892	389
1893	389
1894	391
1895	395
1896	394
1897	393
1898	396
1899	398
1900	396
1901	396
1902	399
1903	399
1904	399
1905	399
1906	401
1907	401
1908	400
1909	399
1910	402
1911	400
1912	399
1913	399
1914	400
1915	399
1916	397
1917	398
1918	398
1919	396
1920	393
1921	395
1922	395
1923	392
1924	389
1925	391
1926	389
1927	387
1928	383
1929	385
1930	383
1931	378
1932	379
1933	377
1934	375
1935	370
1936	371
1937	369
1938	365
1939	361
1940	362
1941	359
1942	355
1943	351
1944	351
1945	347
1946	341
1947	339
1948	338
1949	333
1950	327
1951	327
1952	324
1953	319
1954	313
1955	313
1956	309
1957	302
1958	299
1959	297
1960	294
1961	285
1962	283
1963	280
1964	275
1965	266
1966	265
1967	262
1968	255
1969	249
1970	247
1971	239
1972	235
1973	233
1974	223
1975	219
1976	218
1977	211
1978	206
1979	204
1980	195
1981	191
1982	191
1983	182
1984	180
1985	178
1986	169
1987	171
1988	169
1989	161
1990	162
1991	161
1992	155
1993	157
1994	156
1995	151
1996	155
1997	155
1998	151
1999	157
2000	157
2001	155
2002	161
2003	161
2004	159
2005	168
2006	167
2007	170
2008	177
2009	177
2010	178
2011	187
2012	186
2013	189
2014	197
2015	195
2016	199
2017	207
2018	205
2019	210
2020	215
2021	215
2022	219
2023	225
2024	223
2025	229
2026	233
2027	231
2028	237
2029	241
2030	239
2031	245
2032	247
2033	246
2034	251
2035	254
2036	251
2037	257
2038	260
2039	258
2040	259
2041	264
2042	266
2043	263
2044	265
2045	270
2046	269
2047	267
2048	271
2049	273
2050	271
2051	269
2052	273
2053	275
2054	273
2055	271
2056	275
2057	276
2058	273
2059	271
2060	275
2061	275
2062	271
2063	271
2064	274
2065	272
2066	269
2067	269
2068	271
2069	268
2070	265
2071	267
2072	267
2073	264
2074	260
2075	263
2076	262
2077	257
2078	254
2079	258
2080	254
2081	249
2082	253
2083	249
2084	243
2085	246
2086	242
2087	239
2088	241
2089	235
2090	232
2091	233
2092	228
2093	226
2094	227
2095	219
2096	219
2097	220
2098	212
2099	211
2100	212
2101	204
2102	204
2103	203
2104	197
2105	197
2106	195
2107	189
2108	189
2109	187
2110	180
2111	183
2112	180
2113	173
2114	175
2115	172
2116	167
2117	170
2118	167
2119	161
2120	163
2121	159
2122	155
2123	159
2124	153
2125	151
2126	154
2127	149
2128	146
2129	150
2130	145
2131	144
2132	148
2133	142
2134	142
2135	145
2136	141
2137	141
2138	145
2139	139
2140	140
2141	143
2142	139
2143	141
2144	143
2145	138
2146	141
2147	144
2148	139
2149	142
2150	143
2151	140
2152	143
2153	144
2154	139
2155	145
2156	145
2157	140
2158	145
2159	146
2160	141
2161	145
2162	145
2163	142
2164	147
2165	146
2166	142
2167	147
2168	145
2169	143
2170	148
2171	145
2172	143
2173	150
2174	147
2175	144
2176	149
2177	145
2178	145
2179	151
2180	145
2181	145
2182	151
2183	146
2184	147
2185	151
2186	145
2187	147
2188	151
2189	147
2190	150
2191	153
2192	147
2193	151
2194	154
2195	151
2196	154
2197	156
2198	151
2199	157
2200	159
2201	155
2202	159
2203	163
2204	161
2205	165
2206	166
2207	163
2208	170
2209	171
2210	169
2211	175
2212	176
2213	175
2214	183
2215	183
2216	181
2217	189
2218	189
2219	190
2220	197
2221	196
2222	197
2223	205
2224	204
2225	205
2226	211
2227	211
2228	212
2229	219
2230	218
2231	220
2232	226
2233	225
2234	227
2235	234
2236	231
2237	235
2238	241
2239	239
2240	242
2241	247
2242	245
2243	249
2244	253
2245	252
2246	255
2247	259
2248	257
2249	260
2250	265
2251	266
2252	264
2253	268
2254	273
2255	271
2256	271
2257	275
2258	279
2259	277
2260	276
2261	281
2262	283
2263	282
2264	281
2265	287
2266	287
2267	286
2268	286
2269	291
2270	291
2271	287
2272	289
2273	294
2274	293
2275	290
2276	293
2277	295
2278	294
2279	293
2280	295
2281	296
2282	294
2283	292
2284	295
2285	295
2286	293
2287	291
2288	295
