2300	337
2299	335
2298	334
2297	331
2296	331
2295	333
2294	327
2293	325
2292	326
2291	325
2290	319
2289	318
2288	319
2287	318
2286	311
2285	311
2284	311
2283	309
2282	302
2281	302
2280	301
2279	297
2278	291
2277	292
2276	291
2275	286
2274	282
2273	282
2272	281
2271	274
2270	270
2269	271
2268	269
2267	261
2266	260
2265	259
2264	255
2263	249
2262	251
2261	247
2260	241
2259	243
2258	237
2257	230
2256	231
2255	225
2254	221
2253	221
2252	215
2251	209
2250	211
2249	205
2248	199
2247	199
2246	191
2245	189
2244	190
2243	183
2242	182
2241	183
2240	175
2239	177
2238	178
2237	172
2236	174
2235	177
2234	171
2233	174
2232	176
2231	171
2230	176
2229	179
2228	173
2227	179
2226	180
2225	176
2224	182
2223	183
2222	179
2221	185
2220	185
2219	181
2218	187
2217	187
2216	185
2215	190
2214	189
2213	186
2212	191
2211	191
2210	187
2209	195
2208	191
2207	191
2206	197
2205	195
2204	191
2203	199
2202	196
2201	196
2200	201
2199	198
2198	197
2197	203
2196	199
2195	200
2194	205
2193	201
2192	202
2191	207
2190	202
2189	205
2188	207
2187	204
2186	206
2185	210
2184	206
2183	208
2182	212
2181	206
2180	209
2179	212
2178	207
2177	211
2176	213
2175	207
2174	211
2173	213
2172	209
2171	213
2170	214
2169	208
2168	212
2167	213
2166	207
2165	212
2164	212
2163	207
2162	211
2161	210
2160	206
2159	211
2158	208
2157	205
2156	209
2155	207
2154	203
2153	207
2152	204
2151	201
2150	205
2149	202
2148	197
2147	201
2146	197
2145	194
2144	199
2143	195
2142	191
2141	195
2140	189
2139	187
2138	190
2137	185
2136	183
2135	187
2134	182
2133	183
2132	187
2131	181
2130	183
2129	187
2128	184
2127	188
2126	193
2125	189
2124	194
2123	200
2122	199
2121	207
2120	212
2119	211
2118	219
2117	223
2116	225
2115	235
2114	241
2113	241
2112	250
2111	255
2110	255
2109	266
2108	272
2107	274
2106	279
2105	287
2104	293
2103	293
2102	298
2101	305
2100	309
2099	311
2098	315
2097	322
2096	325
2095	325
2094	331
2093	336
2092	337
2091	338
2090	342
2089	347
2088	346
2087	347
2086	351
2085	354
2084	353
2083	353
2082	357
2081	357
2080	355
2079	357
2078	359
2077	358
2076	356
2075	357
2074	358
2073	355
2072	351
2071	354
2070	354
2069	350
2068	347
2067	349
2066	346
2065	341
2064	338
2063	339
2062	337
2061	331
2060	328
2059	329
2058	324
2057	317
2056	315
2055	315
2054	310
2053	303
2052	303
2051	300
2050	293
2049	288
2048	287
2047	285
2046	276
2045	271
2044	271
2043	267
2042	258
2041	255
2040	254
2039	246
2038	243
2037	243
2036	233
2035	229
2034	229
2033	219
2032	218
2031	217
2030	208
2029	207
2028	206
2027	198
2026	198
2025	197
2024	189
2023	190
2022	189
2021	183
2020	185
2019	183
2018	175
2017	179
2016	178
2015	172
2014	176
2013	174
2012	170
2011	175
2010	173
2009	169
2008	174
2007	171
2006	169
2005	175
2004	171
2003	170
2002	175
2001	171
2000	173
1999	178
1998	172
1997	174
1996	178
1995	174
1994	177
1993	181
1992	176
1991	179
1990	182
1989	177
1988	181
1987	183
1986	179
1985	182
1984	185
1983	179
1982	185
1981	187
1980	181
1979	186
1978	186
1977	183
1976	188
1975	188
1974	183
1973	188
1972	187
1971	184
1970	189
1969	189
1968	185
1967	190
1966	187
1965	185
1964	191
1963	188
1962	185
1961	191
1960	187
1959	187
1958	191
1957	189
1956	187
1955	191
1954	187
1953	187
1952	191
1951	187
1950	187
1949	191
1948	185
1947	187
1946	190
1945	185
1944	188
1943	190
1942	183
1941	187
1940	187
1939	183
1938	186
1937	187
1936	181
1935	187
1934	186
1933	181
1932	185
1931	183
1930	179
1929	183
1928	181
1927	178
1926	183
1925	179
1924	177
1923	183
1922	178
1921	176
1920	179
1919	174
1918	175
1917	178
1916	173
1915	174
1914	177
1913	171
1912	172
1911	175
1910	169
1909	171
1908	173
1907	167
1906	169
1905	171
1904	165
1903	167
1902	169
1901	164
1900	167
1899	169
1898	163
1897	166
1896	167
1895	161
1894	166
1893	167
1892	162
1891	167
1890	167
1889	162
1888	167
1887	167
1886	165
1885	171
1884	171
1883	167
1882	175
1881	175
1880	175
1879	181
1878	179
1877	179
1876	187
1875	187
1874	187
1873	195
1872	195
1871	195
1870	203
1869	203
1868	205
1867	215
1866	214
1865	215
1864	223
1863	223
1862	226
1861	234
1860	233
1859	236
1858	243
1857	243
1856	247
1855	254
1854	252
1853	255
1852	262
1851	262
1850	263
1849	269
1848	273
1847	271
1846	273
1845	279
1844	281
1843	280
1842	281
1841	287
1840	287
1839	287
1838	287
1837	293
1836	293
1835	291
1834	292
1833	297
1832	295
1831	293
1830	295
1829	299
1828	297
1827	294
1826	297
1825	298
1824	296
1823	293
1822	296
1821	296
1820	293
1819	290
1818	293
1817	291
1816	286
1815	283
1814	286
1813	282
1812	278
1811	275
1810	276
1809	270
1808	264
1807	263
1806	263
1805	255
1804	251
1803	251
1802	243
1801	239
1800	238
1799	230
1798	226
1797	227
1796	218
1795	213
1794	212
1793	204
1792	200
1791	202
1790	193
1789	190
1788	191
1787	182
1786	183
1785	184
1784	177
1783	178
1782	179
1781	172
1780	175
1779	177
1778	173
1777	177
1776	179
1775	174
1774	179
1773	181
1772	177
1771	185
1770	186
1769	183
1768	189
1767	190
1766	187
1765	194
1764	191
1763	193
1762	199
1761	197
1760	195
1759	201
1758	198
1757	198
1756	203
1755	198
1754	198
1753	203
1752	199
1751	198
1750	201
1749	195
1748	195
1747	198
1746	191
1745	191
1744	193
1743	187
1742	187
1741	189
1740	181
1739	183
1738	183
1737	178
1736	181
1735	181
1734	175
1733	180
1732	183
1731	181
1730	187
1729	191
1728	191
1727	201
1726	207
1725	209
1724	221
1723	230
1722	234
1721	247
1720	255
1719	261
1718	273
1717	283
1716	289
1715	297
1714	309
1713	321
1712	325
1711	334
1710	343
1709	353
1708	356
1707	365
1706	373
1705	381
1704	383
1703	393
1702	399
1701	405
1700	407
1699	415
1698	421
1697	425
1696	427
1695	433
1694	438
1693	440
1692	443
1691	447
1690	451
1689	452
1688	454
1687	458
1686	460
1685	460
1684	462
1683	464
1682	466
1681	464
1680	466
1679	467
1678	467
1677	465
1676	466
1675	466
1674	465
1673	463
1672	463
1671	462
1670	460
1669	457
1668	457
1667	455
1666	451
1665	447
1664	447
1663	444
1662	439
1661	436
1660	435
1659	431
1658	425
1657	421
1656	419
1655	414
1654	407
1653	404
1652	401
1651	394
1650	388
1649	383
1648	380
1647	371
1646	367
1645	363
1644	357
1643	348
1642	343
1641	339
1640	331
1639	322
1638	319
1637	315
1636	305
1635	297
1634	294
1633	289
1632	277
1631	270
1630	268
1629	261
1628	250
1627	248
1626	243
1625	233
1624	231
1623	227
1622	217
1621	217
1620	211
1619	202
1618	202
1617	198
1616	191
1615	193
1614	189
1613	182
1612	184
1611	179
1610	175
1609	179
1608	173
1607	171
1606	175
1605	171
1604	171
1603	175
1602	171
1601	171
1600	175
1599	171
1598	173
1597	177
1596	173
1595	177
1594	181
1593	175
1592	179
1591	183
1590	179
1589	183
1588	185
1587	181
1586	185
1585	187
1584	184
1583	189
1582	189
1581	184
1580	189
1579	189
1578	184
1577	190
1576	189
1575	183
1574	189
1573	188
1572	182
1571	187
1570	185
1569	181
1568	187
1567	184
1566	180
1565	185
1564	181
1563	179
1562	184
1561	181
1560	179
1559	185
1558	181
1557	179
1556	185
1555	182
1554	182
1553	188
1552	185
1551	186
1550	191
1549	189
1548	191
1547	197
1546	195
1545	198
1544	203
1543	199
1542	203
1541	207
1540	205
1539	211
1538	215
1537	212
1536	217
1535	220
1534	217
1533	223
1532	225
1531	223
1530	229
1529	231
1528	228
1527	235
1526	236
1525	234
1524	239
1523	240
1522	237
1521	243
1520	243
1519	241
1518	247
1517	246
1516	245
1515	251
1514	247
1513	247
1512	251
1511	249
1510	249
1509	253
1508	249
1507	249
1506	253
1505	249
1504	249
1503	253
1502	249
1501	249
1500	251
1499	247
1498	247
1497	251
1496	245
1495	245
1494	247
1493	241
1492	243
1491	244
1490	239
1489	242
1488	242
1487	235
1486	238
1485	237
1484	233
1483	237
1482	235
1481	231
1480	234
1479	231
1478	227
1477	233
1476	230
1475	227
1474	231
1473	227
1472	225
1471	230
1470	227
1469	226
1468	231
1467	226
1466	226
1465	230
1464	225
1463	227
1462	230
1461	226
1460	229
1459	229
1458	225
1457	229
1456	229
1455	225
1454	229
1453	230
1452	225
1451	229
1450	228
1449	223
1448	228
1447	227
1446	223
1445	227
1444	223
1443	220
1442	223
1441	220
1440	218
1439	221
1438	215
1437	215
1436	217
1435	212
1434	209
1433	211
1432	206
1431	205
1430	207
1429	199
1428	199
1427	202
1426	194
1425	193
1424	194
1423	186
1422	187
1421	187
1420	180
1419	181
1418	181
1417	175
1416	177
1415	177
1414	169
1413	173
1412	173
1411	167
1410	173
1409	173
1408	167
1407	173
1406	173
1405	171
1404	179
1403	179
1402	179
1401	186
1400	185
1399	185
1398	193
1397	193
1396	194
1395	202
1394	200
1393	203
1392	211
1391	208
1390	209
1389	215
1388	213
1387	215
1386	221
1385	217
1384	219
1383	223
1382	218
1381	222
1380	223
1379	218
1378	221
1377	220
1376	214
1375	218
1374	215
1373	211
1372	213
1371	209
1370	203
1369	207
1368	202
1367	196
1366	199
1365	194
1364	191
1363	195
1362	188
1361	187
1360	191
1359	186
1358	189
1357	195
1356	191
1355	196
1354	203
1353	203
1352	211
1351	219
1350	221
1349	233
1348	241
1347	246
1346	258
1345	269
1344	275
1343	283
1342	297
1341	307
1340	313
1339	325
1338	337
1337	349
1336	356
1335	367
1334	379
1333	389
1332	394
1331	407
1330	415
1329	424
1328	430
1327	440
1326	447
1325	453
1324	459
1323	467
1322	474
1321	479
1320	485
1319	490
1318	495
1317	497
1316	502
1315	508
1314	511
1313	514
1312	517
1311	521
1310	523
1309	523
1308	527
1307	529
1306	531
1305	531
1304	533
1303	533
1302	532
1301	532
1300	533
1299	533
1298	531
1297	531
1296	530
1295	528
1294	525
1293	525
1292	523
1291	519
1290	516
1289	514
1288	510
1287	507
1286	502
1285	499
1284	494
1283	489
1282	484
1281	480
1280	473
1279	467
1278	461
1277	457
1276	447
1275	440
1274	433
1273	426
1272	415
1271	407
1270	400
1269	393
1268	379
1267	371
1266	363
1265	353
1264	339
1263	331
1262	323
1261	312
1260	299
1259	292
1258	285
1257	271
1256	262
1255	257
1254	251
1253	239
1252	237
1251	233
1250	225
1249	226
1248	225
1247	219
1246	222
1245	223
1244	221
1243	228
1242	230
1241	229
1240	237
1239	239
1238	239
1237	246
1236	248
1235	249
1234	257
1233	259
1232	259
1231	262
1230	269
1229	269
1228	267
1227	270
1226	275
1225	275
1224	271
1223	275
1222	279
1221	277
1220	273
1219	277
1218	277
1217	275
1216	271
1215	274
1214	272
1213	267
1212	265
1211	265
1210	263
1209	255
1208	255
1207	253
1206	245
1205	245
1204	242
1203	233
1202	234
1201	230
1200	221
1199	221
1198	218
1197	211
1196	211
1195	210
1194	205
1193	209
1192	208
1191	207
1190	214
1189	217
1188	218
1187	229
1186	234
1185	239
1184	253
1183	259
1182	265
1181	276
1180	289
1179	296
1178	303
1177	317
1176	327
1175	334
1174	342
1173	353
1172	363
1171	368
1170	376
1169	387
1168	394
1167	399
1166	406
1165	415
1164	420
1163	425
1162	431
1161	438
1160	443
1159	446
1158	452
1157	457
1156	460
1155	463
1154	467
1153	471
1152	473
1151	476
1150	479
1149	482
1148	483
1147	485
1146	487
1145	490
1144	489
1143	491
1142	493
1141	494
1140	493
1139	494
1138	496
1137	495
1136	495
1135	495
1134	495
1133	495
1132	494
1131	495
1130	495
1129	493
1128	491
1127	492
1126	491
1125	489
1124	487
1123	487
1122	486
1121	483
1120	482
1119	481
1118	478
1117	476
1116	474
1115	473
1114	469
1113	467
1112	465
1111	463
1110	458
1109	455
1108	454
1107	450
1106	445
1105	441
1104	439
1103	435
1102	429
1101	426
1100	424
1099	417
1098	413
1097	408
1096	405
1095	398
1094	392
1093	388
1092	383
1091	375
1090	369
1089	365
1088	359
1087	351
1086	345
1085	341
1084	334
1083	324
1082	319
1081	315
1080	306
1079	296
1078	293
1077	287
1076	277
1075	269
1074	266
1073	260
1072	249
1071	244
1070	241
1069	231
1068	229
1067	226
1066	215
1065	214
1064	212
1063	204
1062	205
1061	203
1060	195
1059	198
1058	197
1057	193
1056	197
1055	196
1054	191
1053	198
1052	197
1051	195
1050	201
1049	201
1048	201
1047	208
1046	207
1045	209
1044	215
1043	215
1042	215
1041	222
1040	220
1039	222
1038	227
1037	225
1036	229
1035	235
1034	231
1033	235
1032	239
1031	236
1030	239
1029	242
1028	238
1027	242
1026	245
1025	241
1024	243
1023	245
1022	241
1021	245
1020	245
1019	241
1018	243
1017	243
1016	237
1015	239
1014	237
1013	233
1012	234
1011	231
1010	225
1009	227
1008	222
1007	215
1006	216
1005	210
1004	205
1003	206
1002	199
1001	193
1000	195
999	187
998	187
997	185
996	183
995	184
994	182
993	187
992	185
991	196
990	193
989	206
988	207
987	220
986	225
985	239
984	245
983	257
982	268
981	275
980	289
979	298
978	308
977	322
976	327
975	341
974	349
973	357
972	369
971	377
970	387
969	398
968	403
967	413
966	419
965	426
964	434
963	439
962	449
961	455
960	460
959	468
958	471
957	477
956	483
955	487
954	493
953	498
952	502
951	508
950	510
949	515
948	518
947	521
946	526
945	528
944	531
943	537
942	538
941	542
940	543
939	545
938	547
937	548
936	550
935	551
934	551
933	553
932	551
931	552
930	553
929	551
928	551
927	549
926	546
925	545
924	542
923	539
922	537
921	533
920	530
919	525
918	521
917	517
916	511
915	506
914	500
913	493
912	487
911	479
910	473
909	465
908	455
907	447
906	437
905	428
904	419
903	405
902	397
901	383
900	372
899	361
898	346
897	337
896	323
895	311
894	305
893	293
892	289
891	282
890	277
889	279
888	276
887	282
886	287
885	290
884	301
883	307
882	315
881	326
880	331
879	343
878	350
877	355
876	365
875	370
874	377
873	383
872	387
871	395
870	396
869	399
868	404
867	405
866	409
865	411
864	411
863	413
862	410
861	411
860	411
859	408
858	409
857	403
856	402
855	400
854	394
853	393
852	387
851	381
850	379
849	369
848	365
847	359
846	350
845	347
844	337
843	331
842	325
841	315
840	311
839	301
838	296
837	293
836	283
835	285
834	280
833	278
832	283
831	281
830	289
829	293
828	298
827	310
826	315
825	327
824	341
823	349
822	363
821	373
820	383
819	399
818	408
817	421
816	433
815	443
814	455
813	463
812	473
811	485
810	493
809	503
808	511
807	520
806	529
805	535
804	543
803	551
802	558
801	566
800	573
799	580
798	586
797	591
796	597
795	603
794	607
793	613
792	617
791	623
790	626
789	631
788	635
787	639
786	642
785	646
784	648
783	651
782	653
781	655
780	657
779	658
778	660
777	661
776	663
775	664
774	664
773	664
772	665
771	664
770	664
769	663
768	663
767	662
766	661
765	660
764	658
763	655
762	654
761	652
760	649
759	647
758	644
757	642
756	638
755	635
754	632
753	627
752	623
751	619
750	615
749	611
748	606
747	601
746	597
745	591
744	586
743	579
742	574
741	569
740	561
739	557
738	550
737	543
736	537
735	529
734	523
733	517
732	508
731	502
730	493
729	485
728	478
727	467
726	460
725	451
724	441
723	433
722	422
721	414
720	403
719	391
718	385
717	371
716	364
715	351
714	340
713	333
712	319
711	313
710	305
709	294
708	292
707	282
706	278
705	277
704	270
703	274
702	271
701	271
700	277
699	275
698	282
697	286
696	287
695	297
694	299
693	305
692	311
691	313
690	322
689	325
688	329
687	337
686	337
685	344
684	347
683	348
682	354
681	353
680	357
679	359
678	357
677	361
676	359
675	360
674	362
673	358
672	359
671	357
670	355
669	355
668	349
667	349
666	345
665	339
664	339
663	331
662	329
661	324
660	317
659	315
658	305
657	301
656	297
655	287
654	286
653	276
652	271
651	269
650	259
649	259
648	253
647	249
646	249
645	246
644	249
643	247
642	254
641	253
640	265
639	267
638	275
637	285
636	287
635	301
634	307
633	315
632	327
631	331
630	343
629	353
628	359
627	373
626	379
625	390
624	399
623	405
622	415
621	423
620	430
619	441
618	446
617	455
616	463
615	469
614	477
613	483
612	489
611	497
610	501
609	509
608	514
607	519
606	524
605	527
604	533
603	537
602	540
601	545
600	549
599	552
598	555
597	557
596	561
595	564
594	566
593	569
592	570
591	573
590	575
589	575
588	577
587	579
586	580
585	582
584	581
583	582
582	583
581	582
580	583
579	581
578	581
577	580
576	579
575	579
574	577
573	577
572	575
571	573
570	571
569	569
568	567
567	565
566	562
565	560
564	557
563	553
562	550
561	546
560	542
559	539
558	534
557	531
556	527
555	521
554	517
553	511
552	506
551	501
550	494
549	489
548	482
547	475
546	469
545	459
544	454
543	444
542	435
541	428
540	415
539	407
538	395
537	381
536	373
535	357
534	349
533	336
532	323
531	314
530	300
529	293
528	285
527	275
526	277
525	272
524	275
523	280
522	281
521	293
520	299
519	307
518	319
517	325
516	337
515	347
514	353
513	365
512	371
511	379
510	387
509	390
508	398
507	403
506	406
505	413
504	414
503	419
502	421
501	421
500	423
499	422
498	421
497	421
496	417
495	417
494	413
493	409
492	407
491	399
490	396
489	389
488	381
487	375
486	365
485	358
484	350
483	337
482	332
481	321
480	315
479	309
478	302
477	305
476	303
475	307
474	317
473	325
472	340
471	355
470	367
469	387
468	399
467	417
466	433
465	447
464	465
463	479
462	493
461	507
460	519
459	532
458	545
457	555
456	567
455	577
454	586
453	596
452	604
451	613
450	621
449	630
448	638
447	645
446	651
445	658
444	663
443	670
442	675
441	681
440	685
439	690
438	694
437	698
436	702
435	707
434	710
433	714
432	718
431	721
430	724
429	727
428	729
427	733
426	735
425	737
424	739
423	741
422	743
421	744
420	745
419	747
418	748
417	749
416	750
415	751
414	751
413	752
412	753
411	753
410	752
409	752
408	751
407	751
406	750
405	749
404	747
403	746
402	744
401	743
400	740
399	738
398	736
397	733
396	731
395	727
394	724
393	720
392	716
391	711
390	707
389	703
388	697
387	691
386	686
385	680
384	673
383	666
382	659
381	652
380	644
379	635
378	627
377	617
376	607
375	597
374	586
373	576
372	564
371	552
370	540
369	526
368	513
367	498
366	485
365	471
364	455
363	443
362	429
361	415
360	407
359	395
358	392
357	388
356	386
355	391
354	393
353	401
352	410
351	417
350	429
349	437
348	446
347	457
346	465
345	475
344	483
343	489
342	498
341	503
340	511
339	517
338	521
337	528
336	533
335	537
334	541
333	543
332	547
331	550
330	552
329	555
328	555
327	557
326	559
325	559
324	560
323	560
322	559
321	560
320	558
319	558
318	557
317	555
316	554
315	551
314	549
313	547
312	543
311	540
310	535
309	532
308	527
307	521
306	518
305	511
304	504
303	498
302	491
301	485
300	477
299	468
298	462
297	451
296	444
295	436
294	426
293	422
292	414
291	408
290	406
289	402
288	405
287	407
286	412
285	421
284	427
283	439
282	451
281	463
280	478
279	490
278	503
277	518
276	529
275	545
274	557
273	569
272	581
271	593
270	604
269	615
268	624
267	635
266	645
265	654
264	663
263	672
262	681
261	689
260	695
259	703
258	709
257	716
256	721
255	727
254	733
253	739
252	743
251	749
250	753
249	757
248	763
247	766
246	770
245	775
244	777
243	781
242	784
241	786
240	788
239	791
238	793
237	795
236	797
235	799
234	801
233	803
232	805
231	805
230	805
229	807
228	807
227	807
226	809
225	809
224	809
223	809
222	809
221	808
220	808
219	807
218	805
217	805
216	803
215	802
214	801
213	799
212	796
211	795
210	792
209	789
208	786
207	783
206	779
205	775
204	772
203	767
202	762
201	758
200	753
199	745
198	741
197	735
196	729
195	721
194	715
193	707
192	699
191	690
190	683
189	673
188	664
187	654
186	644
185	631
184	621
183	609
182	597
181	584
180	571
179	558
178	542
177	527
176	511
175	499
174	485
173	471
172	459
171	447
170	437
169	427
168	423
167	419
166	421
165	421
164	429
163	433
162	445
161	452
160	464
159	473
158	483
157	493
156	501
155	511
154	522
153	531
152	539
151	547
150	553
149	561
148	564
147	571
146	575
145	581
144	586
143	589
142	593
141	596
140	598
139	601
138	603
137	603
136	605
135	604
134	603
133	603
132	601
131	598
130	596
129	593
128	588
127	583
126	578
125	571
124	564
123	557
122	549
121	540
120	529
119	521
118	511
117	503
116	494
115	486
114	479
113	474
112	474
111	475
110	479
109	487
108	497
107	510
106	523
105	538
104	556
103	571
102	586
101	601
100	617
99	630
98	647
97	658
96	671
95	684
94	693
93	705
92	716
91	727
90	737
89	746
88	754
87	763
86	770
85	777
84	785
83	791
82	797
81	803
80	809
79	815
78	820
77	823
76	827
75	831
74	836
73	840
72	843
71	845
70	847
69	850
68	852
67	855
66	856
65	857
64	858
63	859
62	861
61	861
60	861
59	861
58	861
57	861
56	860
55	859
54	859
53	859
52	857
51	855
50	853
49	851
48	850
47	847
46	845
45	843
44	840
43	837
42	834
41	830
40	827
39	824
38	821
37	816
36	812
35	808
34	805
33	799
32	793
31	789
30	784
29	779
28	773
27	765
26	760
25	753
24	745
23	738
22	731
21	723
20	714
19	703
18	695
17	685
16	673
15	662
14	651
13	639
12	626
11	614
10	601
9	587
8	573
7	559
6	545
5	533
4	520
3	507
2	499
1	491
0	485
-1	482
-2	484
-3	485
-4	491
-5	501
-6	509
-7	520
-8	532
-9	543
-10	554
-11	563
-12	575
-13	583
-14	592
-15	601
-16	607
-17	616
-18	621
-19	628
-20	631
-21	637
-22	640
-23	645
-24	648
-25	652
-26	655
-27	656
-28	659
-29	660
-30	661
-31	661
-32	661
-33	660
-34	659
-35	657
-36	655
-37	652
-38	649
-39	645
-40	641
-41	636
-42	631
-43	626
-44	620
-45	613
-46	607
-47	599
-48	591
-49	583
-50	577
-51	568
-52	563
-53	554
-54	549
-55	543
-56	539
-57	535
-58	535
-59	535
-60	535
-61	541
-62	545
-63	553
-64	559
-65	569
-66	575
-67	586
-68	596
-69	606
-70	617
-71	627
-72	637
-73	649
-74	656
-75	667
-76	676
-77	687
-78	694
-79	705
-80	713
-81	722
-82	729
-83	737
-84	745
-85	753
-86	761
-87	767
-88	775
-89	783
-90	787
-91	795
-92	799
-93	807
-94	811
-95	817
-96	823
-97	828
-98	833
-99	837
-100	842
-101	847
-102	851
-103	855
-104	859
-105	863
-106	867
-107	871
-108	874
-109	877
-110	879
-111	883
-112	885
-113	888
-114	890
-115	893
-116	895
-117	897
-118	899
-119	901
-120	901
-121	903
-122	903
-123	904
-124	905
-125	905
-126	905
-127	906
-128	906
-129	906
-130	906
-131	906
-132	905
-133	904
-134	903
-135	902
-136	900
-137	899
-138	897
-139	895
-140	893
-141	891
-142	889
-143	886
-144	883
-145	881
-146	878
-147	875
-148	871
-149	868
-150	863
-151	859
-152	855
-153	849
-154	845
-155	840
-156	835
-157	831
-158	825
-159	819
-160	814
-161	807
-162	803
-163	795
-164	788
-165	783
-166	775
-167	767
-168	761
-169	753
-170	747
-171	739
-172	731
-173	721
-174	712
-175	703
-176	692
-177	681
-178	671
-179	659
-180	648
-181	634
-182	621
-183	607
-184	593
-185	579
-186	567
-187	554
-188	544
-189	531
-190	524
-191	518
-192	514
-193	515
-194	515
-195	519
-196	523
-197	531
-198	540
-199	548
-200	558
-201	568
-202	575
-203	585
-204	591
-205	601
-206	607
-207	615
-208	621
-209	627
-210	632
-211	637
-212	639
-213	644
-214	646
-215	649
-216	651
-217	653
-218	654
-219	655
-220	655
-221	656
-222	655
-223	654
-224	652
-225	649
-226	647
-227	645
-228	642
-229	638
-230	634
-231	629
-232	625
-233	619
-234	614
-235	609
-236	602
-237	594
-238	586
-239	577
-240	569
-241	560
-242	551
-243	543
-244	535
-245	527
-246	521
-247	514
-248	511
-249	507
-250	507
-251	509
-252	510
-253	517
-254	523
-255	533
-256	543
-257	554
-258	565
-259	579
-260	593
-261	608
-262	622
-263	636
-264	650
-265	663
-266	677
-267	689
-268	700
-269	713
-270	723
-271	735
-272	745
-273	755
-274	763
-275	773
-276	780
-277	787
-278	795
-279	803
-280	809
-281	815
-282	819
-283	825
-284	829
-285	835
-286	839
-287	842
-288	846
-289	849
-290	853
-291	855
-292	857
-293	859
-294	861
-295	863
-296	865
-297	865
-298	865
-299	867
-300	867
-301	866
-302	865
-303	865
-304	865
-305	863
-306	861
-307	860
-308	859
-309	856
-310	854
-311	851
-312	849
-313	845
-314	841
-315	838
-316	835
-317	829
-318	825
-319	821
-320	815
-321	809
-322	804
-323	799
-324	792
-325	785
-326	779
-327	772
-328	764
-329	756
-330	748
-331	739
-332	730
-333	721
-334	711
-335	700
-336	689
-337	680
-338	667
-339	655
-340	645
-341	632
-342	619
-343	606
-344	593
-345	579
-346	566
-347	554
-348	539
-349	527
-350	517
-351	502
-352	492
-353	485
-354	477
-355	471
-356	469
-357	466
-358	466
-359	469
-360	470
-361	475
-362	481
-363	486
-364	491
-365	498
-366	505
-367	511
-368	519
-369	525
-370	530
-371	537
-372	543
-373	549
-374	554
-375	559
-376	563
-377	567
-378	572
-379	575
-380	577
-381	581
-382	583
-383	585
-384	587
-385	587
-386	587
-387	589
-388	589
-389	587
-390	587
-391	586
-392	584
-393	582
-394	579
-395	577
-396	573
-397	569
-398	564
-399	560
-400	555
-401	548
-402	541
-403	537
-404	529
-405	520
-406	513
-407	505
-408	495
-409	487
-410	479
-411	470
-412	463
-413	455
-414	449
-415	447
-416	443
-417	443
-418	447
-419	455
-420	460
-421	470
-422	483
-423	493
-424	508
-425	522
-426	534
-427	547
-428	561
-429	573
-430	586
-431	600
-432	613
-433	623
-434	633
-435	644
-436	654
-437	665
-438	675
-439	683
-440	692
-441	700
-442	707
-443	715
-444	722
-445	728
-446	734
-447	741
-448	747
-449	752
-450	757
-451	761
-452	766
-453	771
-454	775
-455	778
-456	781
-457	785
-458	788
-459	791
-460	793
-461	795
-462	798
-463	801
-464	802
-465	803
-466	805
-467	807
-468	809
-469	809
-470	809
-471	811
-472	813
-473	813
-474	813
-475	813
-476	813
-477	815
-478	814
-479	813
-480	813
-481	813
-482	813
-483	812
-484	811
-485	811
-486	810
-487	809
-488	808
-489	807
-490	805
-491	803
-492	801
-493	801
-494	799
-495	795
-496	793
-497	791
-498	789
-499	785
-500	783
-501	780
-502	776
-503	772
-504	769
-505	765
-506	761
-507	757
-508	752
-509	748
-510	743
-511	737
-512	731
-513	725
-514	720
-515	714
-516	707
-517	701
-518	694
-519	685
-520	678
-521	669
-522	662
-523	653
-524	644
-525	635
-526	625
-527	613
-528	604
-529	593
-530	581
-531	570
-532	559
-533	545
-534	533
-535	522
-536	509
-537	497
-538	488
-539	475
-540	465
-541	458
-542	450
-543	441
-544	438
-545	435
-546	431
-547	434
-548	435
-549	437
-550	444
-551	450
-552	453
-553	461
-554	468
-555	474
-556	481
-557	489
-558	493
-559	500
-560	507
-561	511
-562	515
-563	521
-564	525
-565	529
-566	535
-567	538
-568	539
-569	543
-570	545
-571	547
-572	548
-573	551
-574	551
-575	553
-576	554
-577	553
-578	553
-579	554
-580	553
-581	553
-582	551
-583	549
-584	546
-585	545
-586	542
-587	537
-588	534
-589	529
-590	523
-591	519
-592	511
-593	503
-594	499
-595	493
-596	484
-597	477
-598	471
-599	461
-600	453
-601	447
-602	440
-603	433
-604	431
-605	427
-606	425
-607	429
-608	429
-609	433
-610	441
-611	449
-612	457
-613	470
-614	479
-615	491
-616	503
-617	517
-618	527
-619	538
-620	549
-621	561
-622	571
-623	584
-624	593
-625	604
-626	612
-627	621
-628	628
-629	637
-630	645
-631	653
-632	659
-633	666
-634	671
-635	679
-636	684
-637	689
-638	695
-639	701
-640	706
-641	711
-642	714
-643	717
-644	721
-645	726
-646	729
-647	731
-648	734
-649	737
-650	740
-651	743
-652	744
-653	746
-654	749
-655	750
-656	751
-657	752
-658	753
-659	755
-660	755
-661	755
-662	755
-663	755
-664	756
-665	755
-666	753
-667	753
-668	752
-669	749
-670	747
-671	745
-672	743
-673	740
-674	737
-675	734
-676	731
-677	726
-678	721
-679	716
-680	712
-681	705
-682	700
-683	695
-684	689
-685	682
-686	670
-687	667
-688	655
-689	649
-690	641
-691	631
-692	623
-693	614
-694	603
-695	591
-696	581
-697	568
-698	556
-699	545
-700	531
-701	517
-702	505
-703	490
-704	475
-705	462
-706	447
-707	434
-708	421
-709	405
-710	394
-711	383
-712	373
-713	367
-714	365
-715	361
-716	361
-717	367
-718	367
-719	373
-720	381
-721	388
-722	393
-723	402
-724	407
-725	412
-726	421
-727	427
-728	431
-729	437
-730	441
-731	443
-732	447
-733	453
-734	453
-735	455
-736	458
-737	458
-738	459
-739	460
-740	458
-741	459
-742	459
-743	455
-744	453
-745	453
-746	450
-747	445
-748	444
-749	441
-750	435
-751	431
-752	428
-753	421
-754	419
-755	414
-756	406
-757	402
-758	399
-759	387
-760	383
-761	381
-762	373
-763	367
-764	365
-765	357
-766	353
-767	351
-768	345
-769	340
-770	341
-771	337
-772	333
-773	336
-774	335
-775	335
-776	340
-777	344
-778	347
-779	355
-780	361
-781	366
-782	374
-783	382
-784	389
-785	397
-786	408
-787	414
-788	421
-789	431
-790	439
-791	445
-792	455
-793	462
-794	467
-795	476
-796	483
-797	489
-798	495
-799	503
-800	507
-801	515
-802	521
-803	525
-804	530
-805	535
-806	540
-807	545
-808	550
-809	553
-810	557
-811	561
-812	565
-813	568
-814	571
-815	574
-816	576
-817	580
-818	583
-819	583
-820	585
-821	587
-822	589
-823	591
-824	591
-825	592
-826	593
-827	595
-828	595
-829	595
-830	595
-831	595
-832	595
-833	595
-834	594
-835	593
-836	593
-837	592
-838	590
-839	589
-840	588
-841	586
-842	583
-843	582
-844	580
-845	578
-846	575
-847	571
-848	569
-849	567
-850	563
-851	560
-852	558
-853	553
-854	549
-855	547
-856	543
-857	537
-858	534
-859	530
-860	525
-861	521
-862	516
-863	511
-864	507
-865	502
-866	496
-867	492
-868	487
-869	479
-870	475
-871	472
-872	464
-873	458
-874	454
-875	446
-876	439
-877	433
-878	425
-879	419
-880	414
-881	406
-882	397
-883	393
-884	383
-885	373
-886	370
-887	363
-888	353
-889	347
-890	341
-891	332
-892	327
-893	321
-894	312
-895	310
-896	306
-897	297
-898	295
-899	297
-900	291
-901	289
-902	293
-903	291
-904	291
-905	297
-906	298
-907	299
-908	307
-909	310
-910	311
-911	319
-912	326
-913	327
-914	335
-915	340
-916	342
-917	349
-918	355
-919	357
-920	360
-921	367
-922	367
-923	371
-924	377
-925	379
-926	379
-927	383
-928	383
-929	383
-930	389
-931	390
-932	387
-933	389
-934	391
-935	388
-936	389
-937	389
-938	383
-939	383
-940	383
-941	379
-942	377
-943	377
-944	371
-945	369
-946	367
-947	361
-948	356
-949	355
-950	350
-951	343
-952	341
-953	335
-954	328
-955	329
-956	324
-957	317
-958	317
-959	316
-960	309
-961	313
-962	315
-963	311
-964	315
-965	321
-966	321
-967	327
-968	335
-969	339
-970	343
-971	353
-972	358
-973	365
-974	377
-975	386
-976	390
-977	402
-978	412
-979	419
-980	431
-981	443
-982	451
-983	463
-984	473
-985	483
-986	491
-987	502
-988	509
-989	519
-990	527
-991	536
-992	544
-993	553
-994	559
-995	565
-996	572
-997	581
-998	587
-999	594
-1000	599
-1001	605
-1002	609
-1003	615
-1004	620
-1005	625
-1006	629
-1007	633
-1008	637
-1009	641
-1010	644
-1011	647
-1012	650
-1013	653
-1014	655
-1015	658
-1016	660
-1017	662
-1018	664
-1019	665
-1020	666
-1021	669
-1022	669
-1023	669
-1024	670
-1025	671
-1026	670
-1027	670
-1028	671
-1029	670
-1030	669
-1031	669
-1032	668
-1033	666
-1034	665
-1035	665
-1036	663
-1037	661
-1038	659
-1039	657
-1040	654
-1041	653
-1042	649
-1043	645
-1044	643
-1045	641
-1046	637
-1047	633
-1048	629
-1049	625
-1050	621
-1051	617
-1052	613
-1053	607
-1054	602
-1055	597
-1056	591
-1057	583
-1058	577
-1059	571
-1060	565
-1061	556
-1062	547
-1063	538
-1064	529
-1065	519
-1066	509
-1067	498
-1068	487
-1069	474
-1070	463
-1071	450
-1072	437
-1073	422
-1074	410
-1075	399
-1076	387
-1077	373
-1078	359
-1079	347
-1080	339
-1081	332
-1082	323
-1083	315
-1084	313
-1085	313
-1086	314
-1087	315
-1088	315
-1089	319
-1090	326
-1091	333
-1092	336
-1093	340
-1094	345
-1095	351
-1096	359
-1097	363
-1098	364
-1099	368
-1100	373
-1101	376
-1102	378
-1103	379
-1104	377
-1105	379
-1106	381
-1107	381
-1108	377
-1109	375
-1110	373
-1111	374
-1112	370
-1113	365
-1114	359
-1115	357
-1116	355
-1117	350
-1118	344
-1119	337
-1120	331
-1121	329
-1122	327
-1123	319
-1124	314
-1125	313
-1126	313
-1127	313
-1128	312
-1129	311
-1130	311
-1131	318
-1132	325
-1133	329
-1134	333
-1135	339
-1136	349
-1137	359
-1138	366
-1139	373
-1140	381
-1141	391
-1142	400
-1143	410
-1144	417
-1145	423
-1146	431
-1147	441
-1148	447
-1149	455
-1150	459
-1151	466
-1152	475
-1153	479
-1154	485
-1155	489
-1156	494
-1157	499
-1158	505
-1159	509
-1160	511
-1161	516
-1162	519
-1163	523
-1164	527
-1165	529
-1166	531
-1167	535
-1168	539
-1169	541
-1170	543
-1171	545
-1172	546
-1173	549
-1174	551
-1175	551
-1176	553
-1177	554
-1178	555
-1179	557
-1180	558
-1181	557
-1182	558
-1183	559
-1184	559
-1185	559
-1186	559
-1187	559
-1188	557
-1189	557
-1190	557
-1191	555
-1192	553
-1193	553
-1194	552
-1195	550
-1196	548
-1197	546
-1198	543
-1199	541
-1200	539
-1201	536
-1202	531
-1203	529
-1204	527
-1205	523
-1206	519
-1207	515
-1208	511
-1209	507
-1210	503
-1211	499
-1212	492
-1213	487
-1214	483
-1215	479
-1216	471
-1217	464
-1218	458
-1219	454
-1220	447
-1221	440
-1222	433
-1223	425
-1224	417
-1225	411
-1226	404
-1227	395
-1228	386
-1229	379
-1230	373
-1231	363
-1232	353
-1233	343
-1234	338
-1235	331
-1236	323
-1237	313
-1238	303
-1239	297
-1240	293
-1241	286
-1242	276
-1243	268
-1244	265
-1245	263
-1246	259
-1247	253
-1248	247
-1249	249
-1250	248
-1251	244
-1252	242
-1253	247
-1254	247
-1255	243
-1256	247
-1257	252
-1258	249
-1259	251
-1260	255
-1261	259
-1262	259
-1263	259
-1264	263
-1265	268
-1266	271
-1267	271
-1268	270
-1269	273
-1270	279
-1271	282
-1272	283
-1273	283
-1274	283
-1275	287
-1276	292
-1277	292
-1278	291
-1279	293
-1280	295
-1281	299
-1282	299
-1283	297
-1284	297
-1285	300
-1286	303
-1287	303
-1288	301
-1289	300
-1290	301
-1291	305
-1292	305
-1293	302
-1294	299
-1295	301
-1296	303
-1297	303
-1298	300
-1299	296
-1300	297
-1301	298
-1302	297
-1303	294
-1304	289
-1305	289
-1306	290
-1307	287
-1308	283
-1309	278
-1310	278
-1311	277
-1312	275
-1313	271
-1314	265
-1315	263
-1316	263
-1317	261
-1318	255
-1319	250
-1320	251
-1321	250
-1322	244
-1323	242
-1324	245
-1325	242
-1326	237
-1327	239
-1328	242
-1329	240
-1330	239
-1331	245
-1332	249
-1333	247
-1334	251
-1335	262
-1336	265
-1337	268
-1338	273
-1339	281
-1340	291
-1341	297
-1342	300
-1343	307
-1344	317
-1345	326
-1346	334
-1347	339
-1348	344
-1349	355
-1350	363
-1351	370
-1352	376
-1353	381
-1354	387
-1355	395
-1356	402
-1357	407
-1358	413
-1359	419
-1360	425
-1361	432
-1362	435
-1363	439
-1364	443
-1365	449
-1366	455
-1367	458
-1368	460
-1369	465
-1370	468
-1371	472
-1372	475
-1373	477
-1374	479
-1375	484
-1376	487
-1377	490
-1378	492
-1379	493
-1380	496
-1381	501
-1382	503
-1383	504
-1384	506
-1385	509
-1386	510
-1387	513
-1388	514
-1389	514
-1390	515
-1391	517
-1392	517
-1393	518
-1394	517
-1395	517
-1396	517
-1397	518
-1398	516
-1399	515
-1400	514
-1401	511
-1402	511
-1403	509
-1404	507
-1405	503
-1406	501
-1407	499
-1408	496
-1409	491
-1410	489
-1411	485
-1412	481
-1413	477
-1414	471
-1415	465
-1416	461
-1417	457
-1418	451
-1419	444
-1420	438
-1421	431
-1422	425
-1423	419
-1424	410
-1425	399
-1426	394
-1427	388
-1428	380
-1429	369
-1430	359
-1431	351
-1432	343
-1433	334
-1434	324
-1435	313
-1436	305
-1437	298
-1438	291
-1439	279
-1440	269
-1441	264
-1442	263
-1443	257
-1444	251
-1445	245
-1446	249
-1447	249
-1448	245
-1449	248
-1450	254
-1451	257
-1452	258
-1453	264
-1454	271
-1455	279
-1456	285
-1457	287
-1458	291
-1459	300
-1460	309
-1461	314
-1462	317
-1463	323
-1464	329
-1465	336
-1466	341
-1467	343
-1468	345
-1469	350
-1470	354
-1471	357
-1472	357
-1473	356
-1474	357
-1475	359
-1476	359
-1477	357
-1478	353
-1479	351
-1480	351
-1481	349
-1482	344
-1483	337
-1484	332
-1485	329
-1486	327
-1487	317
-1488	308
-1489	301
-1490	298
-1491	292
-1492	283
-1493	273
-1494	267
-1495	263
-1496	260
-1497	255
-1498	249
-1499	251
-1500	255
-1501	255
-1502	255
-1503	268
-1504	277
-1505	285
-1506	293
-1507	302
-1508	315
-1509	330
-1510	340
-1511	351
-1512	361
-1513	374
-1514	386
-1515	397
-1516	404
-1517	413
-1518	423
-1519	433
-1520	443
-1521	450
-1522	455
-1523	463
-1524	470
-1525	478
-1526	484
-1527	488
-1528	494
-1529	499
-1530	504
-1531	509
-1532	511
-1533	515
-1534	519
-1535	523
-1536	525
-1537	528
-1538	529
-1539	532
-1540	535
-1541	536
-1542	536
-1543	538
-1544	539
-1545	540
-1546	541
-1547	541
-1548	540
-1549	540
-1550	541
-1551	541
-1552	539
-1553	539
-1554	538
-1555	538
-1556	537
-1557	536
-1558	533
-1559	531
-1560	530
-1561	529
-1562	527
-1563	524
-1564	522
-1565	520
-1566	518
-1567	515
-1568	511
-1569	507
-1570	505
-1571	505
-1572	501
-1573	495
-1574	492
-1575	489
-1576	485
-1577	479
-1578	475
-1579	469
-1580	465
-1581	460
-1582	455
-1583	448
-1584	441
-1585	434
-1586	430
-1587	425
-1588	417
-1589	408
-1590	402
-1591	396
-1592	388
-1593	379
-1594	370
-1595	363
-1596	357
-1597	349
-1598	340
-1599	328
-1600	319
-1601	313
-1602	307
-1603	296
-1604	284
-1605	277
-1606	273
-1607	265
-1608	254
-1609	244
-1610	241
-1611	236
-1612	227
-1613	221
-1614	220
-1615	215
-1616	207
-1617	207
-1618	207
-1619	203
-1620	198
-1621	202
-1622	203
-1623	199
-1624	199
-1625	207
-1626	203
-1627	201
-1628	205
-1629	209
-1630	206
-1631	206
-1632	211
-1633	212
-1634	208
-1635	210
-1636	215
-1637	212
-1638	209
-1639	213
-1640	214
-1641	210
-1642	208
-1643	212
-1644	211
-1645	205
-1646	206
-1647	209
-1648	203
-1649	199
-1650	202
-1651	201
-1652	194
-1653	195
-1654	196
-1655	193
-1656	186
-1657	189
-1658	189
-1659	183
-1660	180
-1661	183
-1662	181
-1663	175
-1664	173
-1665	179
-1666	173
-1667	168
-1668	171
-1669	173
-1670	166
-1671	165
-1672	169
-1673	167
-1674	162
-1675	163
-1676	167
-1677	165
-1678	159
-1679	164
-1680	167
-1681	162
-1682	161
-1683	166
-1684	165
-1685	161
-1686	164
-1687	168
-1688	167
-1689	163
-1690	167
-1691	171
-1692	166
-1693	167
-1694	173
-1695	173
-1696	169
-1697	172
-1698	177
-1699	175
-1700	173
-1701	178
-1702	181
-1703	177
-1704	179
-1705	184
-1706	183
-1707	182
-1708	183
-1709	189
-1710	187
-1711	185
-1712	190
-1713	195
-1714	189
-1715	191
-1716	197
-1717	197
-1718	194
-1719	197
-1720	201
-1721	201
-1722	199
-1723	205
-1724	208
-1725	205
-1726	207
-1727	213
-1728	213
-1729	211
-1730	215
-1731	220
-1732	218
-1733	217
-1734	223
-1735	226
-1736	223
-1737	225
-1738	231
-1739	231
-1740	229
-1741	231
-1742	237
-1743	235
-1744	233
-1745	239
-1746	241
-1747	237
-1748	238
-1749	243
-1750	243
-1751	240
-1752	242
-1753	247
-1754	244
-1755	241
-1756	246
-1757	247
-1758	243
-1759	241
-1760	245
-1761	245
-1762	239
-1763	241
-1764	244
-1765	239
-1766	236
-1767	239
-1768	238
-1769	233
-1770	233
-1771	236
-1772	231
-1773	227
-1774	228
-1775	229
-1776	225
-1777	220
-1778	223
-1779	221
-1780	214
-1781	213
-1782	214
-1783	208
-1784	202
-1785	203
-1786	203
-1787	194
-1788	191
-1789	191
-1790	187
-1791	181
-1792	180
-1793	182
-1794	176
-1795	172
-1796	174
-1797	175
-1798	170
-1799	169
-1800	174
-1801	174
-1802	171
-1803	174
-1804	180
-1805	180
-1806	179
-1807	187
-1808	191
-1809	191
-1810	195
-1811	203
-1812	205
-1813	205
-1814	211
-1815	219
-1816	218
-1817	221
-1818	227
-1819	233
-1820	232
-1821	234
-1822	241
-1823	243
-1824	241
-1825	246
-1826	251
-1827	250
-1828	249
-1829	253
-1830	257
-1831	255
-1832	253
-1833	255
-1834	259
-1835	255
-1836	253
-1837	255
-1838	255
-1839	251
-1840	249
-1841	253
-1842	247
-1843	243
-1844	242
-1845	242
-1846	237
-1847	231
-1848	233
-1849	231
-1850	222
-1851	220
-1852	221
-1853	215
-1854	208
-1855	208
-1856	209
-1857	202
-1858	198
-1859	200
-1860	199
-1861	195
-1862	195
-1863	201
-1864	202
-1865	203
-1866	209
-1867	219
-1868	223
-1869	228
-1870	242
-1871	253
-1872	257
-1873	269
-1874	281
-1875	293
-1876	304
-1877	312
-1878	319
-1879	333
-1880	345
-1881	355
-1882	363
-1883	368
-1884	377
-1885	388
-1886	395
-1887	405
-1888	409
-1889	415
-1890	423
-1891	430
-1892	435
-1893	441
-1894	445
-1895	451
-1896	457
-1897	461
-1898	463
-1899	466
-1900	470
-1901	473
-1902	477
-1903	478
-1904	479
-1905	482
-1906	484
-1907	485
-1908	487
-1909	487
-1910	486
-1911	488
-1912	489
-1913	487
-1914	487
-1915	486
-1916	485
-1917	485
-1918	483
-1919	479
-1920	478
-1921	477
-1922	475
-1923	471
-1924	468
-1925	465
-1926	462
-1927	459
-1928	455
-1929	450
-1930	445
-1931	441
-1932	439
-1933	431
-1934	426
-1935	419
-1936	414
-1937	410
-1938	405
-1939	396
-1940	389
-1941	385
-1942	379
-1943	371
-1944	363
-1945	355
-1946	349
-1947	344
-1948	337
-1949	326
-1950	317
-1951	313
-1952	306
-1953	299
-1954	290
-1955	281
-1956	276
-1957	273
-1958	265
-1959	255
-1960	249
-1961	248
-1962	243
-1963	235
-1964	230
-1965	231
-1966	223
-1967	217
-1968	217
-1969	217
-1970	211
-1971	209
-1972	211
-1973	211
-1974	205
-1975	207
-1976	211
-1977	209
-1978	207
-1979	213
-1980	215
-1981	214
-1982	214
-1983	221
-1984	223
-1985	219
-1986	223
-1987	230
-1988	227
-1989	227
-1990	231
-1991	234
-1992	231
-1993	231
-1994	236
-1995	236
-1996	231
-1997	234
-1998	237
-1999	232
-2000	230
-2001	232
-2002	232
-2003	227
-2004	223
-2005	227
-2006	223
-2007	217
-2008	217
-2009	218
-2010	210
-2011	206
-2012	207
-2013	204
-2014	197
-2015	195
-2016	195
-2017	190
-2018	183
-2019	183
-2020	183
-2021	175
-2022	173
-2023	175
-2024	173
-2025	167
-2026	169
-2027	172
-2028	169
-2029	167
-2030	171
-2031	177
-2032	173
-2033	175
-2034	185
-2035	187
-2036	185
-2037	191
-2038	199
-2039	201
-2040	203
-2041	211
-2042	217
-2043	218
-2044	222
-2045	231
-2046	235
-2047	235
-2048	241
-2049	249
-2050	250
-2051	250
-2052	258
-2053	263
-2054	265
-2055	265
-2056	267
-2057	272
-2058	277
-2059	278
-2060	278
-2061	279
-2062	282
-2063	287
-2064	287
-2065	287
-2066	286
-2067	289
-2068	291
-2069	293
-2070	292
-2071	289
-2072	291
-2073	295
-2074	295
-2075	293
-2076	290
-2077	291
-2078	293
-2079	294
-2080	293
-2081	289
-2082	287
-2083	290
-2084	291
-2085	287
-2086	283
-2087	283
-2088	283
-2089	285
-2090	281
-2091	276
-2092	275
-2093	276
-2094	275
-2095	273
-2096	268
-2097	264
-2098	265
-2099	265
-2100	263
-2101	255
-2102	253
-2103	255
-2104	252
-2105	245
-2106	244
-2107	245
-2108	240
-2109	233
-2110	235
-2111	234
-2112	227
-2113	223
-2114	225
-2115	222
-2116	215
-2117	214
-2118	215
-2119	209
-2120	203
-2121	206
-2122	203
-2123	198
-2124	195
-2125	197
-2126	195
-2127	187
-2128	189
-2129	191
-2130	185
-2131	181
-2132	183
-2133	183
-2134	177
-2135	175
-2136	177
-2137	175
-2138	171
-2139	171
-2140	174
-2141	171
-2142	166
-2143	170
-2144	171
-2145	165
-2146	164
-2147	169
-2148	167
-2149	161
-2150	163
-2151	167
-2152	163
-2153	159
-2154	162
-2155	165
-2156	159
-2157	159
-2158	163
-2159	162
-2160	157
-2161	159
-2162	163
-2163	159
-2164	155
-2165	159
-2166	161
-2167	157
-2168	157
-2169	161
-2170	159
-2171	156
-2172	158
-2173	163
-2174	159
-2175	157
-2176	161
-2177	163
-2178	159
-2179	159
-2180	165
-2181	164
-2182	159
-2183	163
-2184	167
-2185	164
-2186	163
-2187	167
-2188	169
-2189	165
-2190	165
-2191	171
-2192	170
-2193	167
-2194	169
-2195	174
-2196	171
-2197	168
-2198	173
-2199	173
-2200	169
-2201	170
-2202	173
-2203	172
-2204	167
-2205	169
-2206	173
-2207	167
-2208	165
-2209	167
-2210	167
-2211	162
-2212	161
-2213	165
-2214	163
-2215	157
-2216	158
-2217	162
-2218	157
-2219	153
-2220	157
-2221	159
-2222	153
-2223	154
-2224	159
-2225	159
-2226	155
-2227	159
-2228	165
-2229	165
-2230	163
-2231	171
-2232	176
-2233	175
-2234	179
-2235	189
-2236	191
-2237	191
-2238	201
-2239	211
-2240	211
-2241	215
-2242	223
-2243	231
-2244	233
-2245	239
-2246	249
-2247	255
-2248	257
-2249	265
-2250	273
-2251	279
-2252	283
-2253	287
-2254	292
-2255	301
-2256	307
-2257	311
-2258	313
-2259	319
-2260	325
-2261	332
-2262	335
-2263	339
-2264	343
-2265	349
-2266	354
-2267	359
-2268	359
-2269	363
-2270	369
-2271	373
-2272	375
-2273	376
-2274	377
-2275	381
-2276	383
-2277	385
-2278	386
-2279	385
-2280	386
-2281	389
-2282	389
-2283	387
-2284	386
-2285	385
-2286	386
-2287	386
-2288	383
-2289	378
-2290	378
-2291	377
-2292	375
-2293	371
-2294	366
-2295	362
-2296	360
-2297	357
-2298	353
-2299	345
-2300	339
-2301	337
-2302	333
-2303	326
-2304	318
-2305	311
-2306	307
-2307	303
-2308	295
-2309	285
-2310	277
-2311	271
-2312	267
-2313	258
