2319	211
2318	118
2317	123
2316	123
2315	119
2314	123
2313	124
2312	119
2311	125
2310	123
2309	119
2308	125
2307	123
2306	121
2305	125
2304	122
2303	119
2302	124
2301	123
2300	119
2299	125
2298	121
2297	119
2296	126
2295	121
2294	121
2293	125
2292	120
2291	121
2290	125
2289	121
2288	121
2287	125
2286	121
2285	122
2284	125
2283	119
2282	122
2281	125
2280	119
2279	124
2278	123
2277	119
2276	122
2275	125
2274	119
2273	123
2272	124
2271	119
2270	124
2269	123
2268	119
2267	125
2266	123
2265	119
2264	124
2263	123
2262	119
2261	125
2260	122
2259	119
2258	125
2257	121
2256	120
2255	125
2254	121
2253	121
2252	125
2251	121
2250	120
2249	125
2248	120
2247	121
2246	125
2245	120
2244	121
2243	125
2242	119
2241	123
2240	125
2239	119
2238	123
2237	124
2236	119
2235	123
2234	123
2233	119
2232	123
2231	124
2230	119
2229	124
2228	123
2227	119
2226	123
2225	123
2224	119
2223	123
2222	123
2221	119
2220	125
2219	123
2218	119
2217	125
2216	122
2215	120
2214	125
2213	121
2212	119
2211	125
2210	121
2209	120
2208	125
2207	121
2206	121
2205	125
2204	121
2203	121
2202	125
2201	121
2200	120
2199	125
2198	120
2197	121
2196	125
2195	119
2194	123
2193	125
2192	119
2191	122
2190	125
2189	119
2188	122
2187	125
2186	119
2185	123
2184	123
2183	119
2182	124
2181	124
2180	119
2179	123
2178	123
2177	119
2176	125
2175	123
2174	119
2173	124
2172	123
2171	119
2170	124
2169	123
2168	119
2167	125
2166	123
2165	120
2164	125
2163	121
2162	121
2161	125
2160	121
2159	120
2158	125
2157	121
2156	121
2155	126
2154	120
2153	121
2152	125
2151	120
2150	121
2149	125
2148	119
2147	121
2146	125
2145	119
2144	122
2143	125
2142	119
2141	123
2140	124
2139	119
2138	123
2137	125
2136	119
2135	123
2134	124
2133	119
2132	123
2131	123
2130	119
2129	123
2128	124
2127	119
2126	123
2125	123
2124	119
2123	125
2122	122
2121	121
2120	124
2119	122
2118	119
2117	125
2116	122
2115	119
2114	125
2113	122
2112	119
2111	125
2110	121
2109	121
2108	125
2107	121
2106	121
2105	125
2104	120
2103	121
2102	125
2101	121
2100	121
2099	125
2098	119
2097	121
2096	125
2095	119
2094	121
2093	124
2092	119
2091	123
2090	124
2089	120
2088	123
2087	124
2086	118
2085	125
2084	123
2083	119
2082	125
2081	122
2080	120
2079	125
2078	123
2077	119
2076	125
2075	121
2074	121
2073	125
2072	121
2071	121
2070	125
2069	121
2068	121
2067	126
2066	120
2065	121
2064	125
2063	119
2062	122
2061	125
2060	120
2059	121
2058	125
2057	120
2056	122
2055	125
2054	119
2053	123
2052	125
2051	119
2050	123
2049	125
2048	119
2047	124
2046	124
2045	119
2044	124
2043	123
2042	119
2041	125
2040	123
2039	119
2038	125
2037	122
2036	119
2035	126
2034	121
2033	119
2032	125
2031	122
2030	120
2029	125
2028	121
2027	121
2026	125
2025	121
2024	121
2023	125
2022	119
2021	122
2020	125
2019	119
2018	123
2017	125
2016	119
2015	123
2014	125
2013	120
2012	123
2011	125
2010	119
2009	123
2008	123
2007	119
2006	123
2005	123
2004	119
2003	123
2002	123
2001	119
2000	124
1999	123
1998	119
1997	125
1996	122
1995	121
1994	125
1993	122
1992	119
1991	125
1990	121
1989	121
1988	125
1987	121
1986	121
1985	125
1984	120
1983	121
1982	125
1981	121
1980	122
1979	125
1978	119
1977	123
1976	124
1975	119
1974	123
1973	124
1972	119
1971	123
1970	124
1969	119
1968	123
1967	123
1966	119
1965	124
1964	123
1963	119
1962	123
1961	123
1960	119
1959	125
1958	122
1957	120
1956	125
1955	121
1954	121
1953	125
1952	121
1951	121
1950	125
1949	121
1948	121
1947	125
1946	119
1945	122
1944	125
1943	119
1942	123
1941	125
1940	119
1939	125
1938	123
1937	119
1936	124
1935	123
1934	120
1933	125
1932	122
1931	121
1930	124
1929	122
1928	119
1927	125
1926	121
1925	121
1924	125
1923	121
1922	121
1921	125
1920	120
1919	122
1918	125
1917	119
1916	123
1915	124
1914	119
1913	123
1912	124
1911	120
1910	123
1909	125
1908	119
1907	123
1906	125
1905	119
1904	123
1903	123
1902	119
1901	124
1900	123
1899	119
1898	124
1897	123
1896	119
1895	125
1894	123
1893	119
1892	124
1891	122
1890	121
1889	125
1888	122
1887	119
1886	125
1885	122
1884	121
1883	125
1882	121
1881	121
1880	125
1879	122
1878	120
1877	125
1876	121
1875	121
1874	125
1873	119
1872	121
1871	125
1870	119
1869	123
1868	124
1867	121
1866	122
1865	125
1864	119
1863	123
1862	125
1861	119
1860	123
1859	124
1858	120
1857	123
1856	124
1855	119
1854	123
1853	125
1852	119
1851	125
1850	123
1849	119
1848	125
1847	123
1846	119
1845	125
1844	122
1843	120
1842	124
1841	122
1840	119
1839	125
1838	122
1837	119
1836	125
1835	121
1834	120
1833	125
1832	121
1831	121
1830	125
1829	120
1828	121
1827	126
1826	119
1825	123
1824	125
1823	119
1822	123
1821	124
1820	119
1819	122
1818	125
1817	119
1816	123
1815	125
1814	119
1813	124
1812	123
1811	120
1810	123
1809	123
1808	118
1807	123
1806	123
1805	119
1804	123
1803	123
1802	119
1801	125
1800	122
1799	119
1798	125
1797	122
1796	119
1795	125
1794	121
1793	121
1792	125
1791	121
1790	119
1789	125
1788	121
1787	121
1786	125
1785	121
1784	121
1783	125
1782	119
1781	122
1780	125
1779	120
1778	122
1777	125
1776	119
1775	123
1774	124
1773	119
1772	123
1771	124
1770	119
1769	124
1768	124
1767	119
1766	123
1765	123
1764	119
1763	123
1762	123
1761	119
1760	125
1759	122
1758	119
1757	125
1756	121
1755	121
1754	125
1753	121
1752	119
1751	125
1750	120
1749	121
1748	124
1747	121
1746	121
1745	125
1744	119
1743	122
1742	125
1741	119
1740	123
1739	125
1738	119
1737	123
1736	124
1735	121
1734	123
1733	124
1732	119
1731	123
1730	125
1729	119
1728	123
1727	123
1726	119
1725	124
1724	123
1723	119
1722	125
1721	122
1720	119
1719	124
1718	122
1717	119
1716	125
1715	121
1714	119
1713	126
1712	121
1711	121
1710	125
1709	121
1708	121
1707	125
1706	120
1705	121
1704	125
1703	119
1702	122
1701	125
1700	120
1699	122
1698	124
1697	119
1696	123
1695	125
1694	119
1693	123
1692	123
1691	119
1690	124
1689	123
1688	119
1687	125
1686	122
1685	121
1684	124
1683	122
1682	119
1681	125
1680	122
1679	121
1678	125
1677	121
1676	120
1675	126
1674	120
1673	121
1672	125
1671	121
1670	121
1669	125
1668	120
1667	121
1666	125
1665	119
1664	122
1663	125
1662	119
1661	123
1660	124
1659	119
1658	123
1657	124
1656	119
1655	125
1654	123
1653	119
1652	125
1651	123
1650	119
1649	124
1648	123
1647	119
1646	125
1645	123
1644	119
1643	125
1642	121
1641	120
1640	125
1639	120
1638	121
1637	125
1636	120
1635	121
1634	125
1633	120
1632	121
1631	124
1630	119
1629	122
1628	124
1627	118
1626	123
1625	125
1624	119
1623	124
1622	123
1621	119
1620	124
1619	123
1618	120
1617	124
1616	121
1615	119
1614	124
1613	121
1612	119
1611	125
1610	121
1609	121
1608	125
1607	120
1606	121
1605	125
1604	119
1603	122
1602	123
1601	119
1600	123
1599	123
1598	119
1597	123
1596	123
1595	119
1594	124
1593	123
1592	119
1591	125
1590	122
1589	119
1588	124
1587	123
1586	119
1585	123
1584	121
1583	119
1582	123
1581	121
1580	119
1579	124
1578	122
1577	119
1576	124
1575	121
1574	119
1573	125
1572	119
1571	121
1570	125
1569	120
1568	121
1567	125
1566	120
1565	121
1564	124
1563	120
1562	122
1561	125
1560	119
1559	123
1558	124
1557	119
1556	123
1555	123
1554	119
1553	123
1552	124
1551	119
1550	124
1549	123
1548	119
1547	124
1546	122
1545	120
1544	123
1543	123
1542	119
1541	125
1540	123
1539	119
1538	125
1537	121
1536	121
1535	125
1534	121
1533	121
1532	125
1531	121
1530	121
1529	125
1528	121
1527	121
1526	125
1525	119
1524	122
1523	125
1522	119
1521	123
1520	123
1519	118
1518	123
1517	125
1516	119
1515	125
1514	123
1513	119
1512	125
1511	122
1510	119
1509	125
1508	122
1507	119
1506	125
1505	122
1504	119
1503	125
1502	121
1501	120
1500	125
1499	121
1498	120
1497	125
1496	119
1495	121
1494	125
1493	119
1492	121
1491	124
1490	119
1489	123
1488	123
1487	119
1486	121
1485	124
1484	119
1483	123
1482	123
1481	118
1480	123
1479	123
1478	118
1477	124
1476	122
1475	119
1474	123
1473	122
1472	119
1471	125
1470	122
1469	119
1468	125
1467	121
1466	119
1465	125
1464	121
1463	121
1462	125
1461	120
1460	121
1459	125
1458	120
1457	121
1456	125
1455	119
1454	123
1453	125
1452	119
1451	123
1450	124
1449	119
1448	123
1447	123
1446	119
1445	124
1444	123
1443	119
1442	125
1441	122
1440	119
1439	125
1438	121
1437	119
1436	125
1435	121
1434	120
1433	125
1432	120
1431	121
1430	125
1429	120
1428	121
1427	125
1426	119
1425	122
1424	124
1423	119
1422	122
1421	124
1420	119
1419	123
1418	124
1417	119
1416	123
1415	123
1414	119
1413	123
1412	122
1411	118
1410	123
1409	122
1408	117
1407	123
1406	122
1405	119
1404	125
1403	123
1402	119
1401	125
1400	121
1399	119
1398	125
1397	121
1396	121
1395	125
1394	119
1393	121
1392	125
1391	119
1390	121
1389	125
1388	121
1387	121
1386	125
1385	119
1384	122
1383	124
1382	119
1381	123
1380	123
1379	119
1378	122
1377	123
1376	120
1375	123
1374	122
1373	119
1372	124
1371	123
1370	119
1369	125
1368	121
1367	119
1366	125
1365	120
1364	121
1363	125
1362	119
1361	121
1360	125
1359	121
1358	121
1357	125
1356	120
1355	121
1354	125
1353	119
1352	123
1351	124
1350	119
1349	123
1348	123
1347	119
1346	123
1345	124
1344	119
1343	123
1342	123
1341	119
1340	124
1339	122
1338	119
1337	125
1336	122
1335	119
1334	125
1333	121
1332	121
1331	125
1330	120
1329	121
1328	125
1327	119
1326	122
1325	124
1324	118
1323	123
1322	123
1321	119
1320	123
1319	123
1318	119
1317	123
1316	123
1315	119
1314	123
1313	123
1312	119
1311	125
1310	122
1309	119
1308	125
1307	121
1306	119
1305	126
1304	121
1303	121
1302	125
1301	121
1300	121
1299	125
1298	120
1297	121
1296	125
1295	121
1294	121
1293	124
1292	119
1291	123
1290	123
1289	119
1288	123
1287	123
1286	119
1285	124
1284	123
1283	119
1282	123
1281	122
1280	119
1279	124
1278	121
1277	119
1276	123
1275	122
1274	119
1273	125
1272	121
1271	119
1270	125
1269	121
1268	121
1267	125
1266	120
1265	121
1264	125
1263	121
1262	121
1261	125
1260	119
1259	122
1258	125
1257	119
1256	123
1255	124
1254	119
1253	122
1252	124
1251	120
1250	122
1249	124
1248	119
1247	123
1246	124
1245	118
1244	123
1243	123
1242	119
1241	124
1240	123
1239	119
1238	123
1237	123
1236	118
1235	124
1234	123
1233	119
1232	124
1231	122
1230	119
1229	124
1228	122
1227	119
1226	124
1225	122
1224	119
1223	125
1222	121
1221	119
1220	125
1219	121
1218	119
1217	125
1216	119
1215	120
1214	123
1213	121
1212	119
1211	125
1210	119
1209	121
1208	123
1207	120
1206	121
1205	125
1204	119
1203	121
1202	123
1201	119
1200	122
1199	125
1198	119
1197	121
1196	124
1195	117
1194	123
1193	123
1192	119
1191	124
1190	123
1189	117
1188	121
1187	122
1186	118
1185	122
1184	122
1183	119
1182	124
1181	122
1180	119
1179	125
1178	122
1177	119
1176	123
1175	122
1174	119
1173	124
1172	123
1171	119
1170	125
1169	122
1168	119
1167	125
1166	121
1165	119
1164	125
1163	121
1162	119
1161	125
1160	119
1159	122
1158	125
1157	119
1156	121
1155	125
1154	121
1153	121
1152	125
1151	119
1150	121
1149	125
1148	119
1147	123
1146	123
1145	117
1144	122
1143	123
1142	119
1141	123
1140	123
1139	117
1138	123
1137	121
1136	117
1135	123
1134	121
1133	117
1132	123
1131	121
1130	117
1129	123
1128	121
1127	118
1126	124
1125	119
1124	119
1123	124
1122	118
1121	121
1120	123
1119	118
1118	119
1117	123
1116	119
1115	121
1114	123
1113	117
1112	121
1111	123
1110	117
1109	123
1108	123
1107	119
1106	123
1105	123
1104	118
1103	123
1102	123
1101	119
1100	123
1099	123
1098	119
1097	123
1096	123
1095	118
1094	124
1093	123
1092	118
1091	124
1090	121
1089	119
1088	125
1087	121
1086	119
1085	125
1084	121
1083	119
1082	124
1081	121
1080	120
1079	125
1078	120
1077	121
1076	125
1075	119
1074	121
1073	125
1072	119
1071	121
1070	124
1069	120
1068	121
1067	125
1066	119
1065	122
1064	125
1063	118
1062	123
1061	125
1060	119
1059	123
1058	122
1057	119
1056	123
1055	123
1054	119
1053	123
1052	122
1051	119
1050	125
1049	122
1048	119
1047	125
1046	121
1045	119
1044	126
1043	121
1042	120
1041	125
1040	119
1039	121
1038	125
1037	119
1036	121
1035	125
1034	119
1033	123
1032	124
1031	119
1030	121
1029	124
1028	119
1027	122
1026	123
1025	118
1024	123
1023	123
1022	119
1021	123
1020	123
1019	119
1018	123
1017	122
1016	119
1015	124
1014	122
1013	119
1012	124
1011	121
1010	119
1009	125
1008	121
1007	120
1006	125
1005	119
1004	121
1003	124
1002	118
1001	121
1000	123
999	118
998	122
997	119
996	123
995	122
994	121
993	124
992	121
991	124
990	119
989	125
988	118
987	125
986	118
985	125
984	120
983	123
982	121
981	123
980	123
979	122
978	123
977	120
976	124
975	119
974	123
973	118
972	125
971	119
970	123
969	119
968	121
967	121
966	122
965	123
964	121
963	124
962	119
961	124
960	119
959	125
958	118
957	125
956	119
955	124
954	121
953	123
952	121
951	121
950	123
949	119
948	125
947	119
946	125
945	119
944	125
943	119
942	124
941	119
940	123
939	121
938	123
937	123
936	121
935	123
934	119
933	124
932	119
931	125
930	117
929	125
928	119
927	124
926	119
925	123
924	121
923	123
922	123
921	121
920	123
919	119
918	124
917	119
916	125
915	119
914	125
913	119
912	123
911	121
910	123
909	121
908	121
907	122
906	119
905	123
904	119
903	124
902	119
901	125
900	119
899	124
898	119
897	123
896	120
895	123
894	121
893	121
892	123
891	119
890	124
889	119
888	125
887	119
886	125
885	119
884	123
883	119
882	123
881	121
880	122
879	122
878	121
877	124
876	119
875	124
874	118
873	125
872	118
871	125
870	119
869	123
868	121
867	123
866	121
865	121
864	122
863	119
862	123
861	119
860	125
859	119
858	124
857	119
856	123
855	119
854	123
853	121
852	123
851	121
850	121
849	123
848	119
847	123
846	118
845	125
844	119
843	125
842	119
841	123
840	119
839	123
838	121
837	123
836	123
835	121
834	123
833	119
832	123
831	118
830	124
829	118
828	124
827	121
826	124
825	120
824	123
823	121
822	121
821	123
820	119
819	123
818	119
817	125
816	118
815	125
814	118
813	125
812	119
811	123
810	120
809	123
808	121
807	121
806	124
805	119
804	124
803	119
802	125
801	118
800	124
799	118
798	123
797	119
796	123
795	119
794	121
793	123
792	122
791	123
790	119
789	123
788	119
787	125
786	119
785	125
784	119
783	125
782	120
781	124
780	121
779	122
778	121
777	121
776	123
775	119
774	125
773	119
772	125
771	119
770	124
769	119
768	123
767	119
766	123
765	121
764	121
763	122
762	121
761	124
760	119
759	125
758	119
757	125
756	119
755	125
754	119
753	123
752	120
751	123
750	121
749	121
748	123
747	121
746	123
745	119
744	124
743	119
742	125
741	119
740	125
739	121
738	124
737	121
736	123
735	122
734	121
733	123
732	119
731	124
730	119
729	124
728	118
727	126
726	119
725	125
724	121
723	124
722	121
721	123
720	121
719	121
718	123
717	119
716	124
715	119
714	125
713	119
712	125
711	119
710	125
709	119
708	123
707	121
706	123
705	122
704	120
703	123
702	119
701	125
700	119
699	125
698	119
697	125
696	119
695	125
694	119
693	123
692	121
691	121
690	122
689	120
688	123
687	119
686	125
685	119
684	125
683	119
682	125
681	119
680	123
679	121
678	123
677	121
676	121
675	123
674	119
673	124
672	119
671	125
670	119
669	125
668	119
667	124
666	119
665	123
664	121
663	123
662	123
661	121
660	123
659	120
658	124
657	119
656	125
655	118
654	125
653	119
652	124
651	120
650	124
649	121
648	122
647	121
646	121
645	123
644	121
643	124
642	119
641	125
640	119
639	125
638	118
637	125
636	119
635	124
634	121
633	123
632	121
631	121
630	123
629	119
628	124
627	119
626	125
625	119
624	125
623	119
622	125
621	120
620	123
619	121
618	122
617	122
616	120
615	124
614	119
613	124
612	119
611	125
610	118
609	125
608	119
607	125
606	121
605	124
604	122
603	123
602	123
601	121
600	123
599	119
598	125
597	119
596	125
595	119
594	125
593	119
592	123
591	121
590	122
589	122
588	121
587	123
586	120
585	125
584	119
583	124
582	118
581	125
580	119
579	125
578	120
577	123
576	121
575	121
574	122
573	119
572	123
571	121
570	125
569	119
568	125
567	118
566	125
565	119
564	122
563	121
562	123
561	122
560	121
559	123
558	121
557	124
556	119
555	125
554	118
553	125
552	118
551	125
550	119
549	124
548	121
547	123
546	121
545	121
544	123
543	119
542	124
541	119
540	125
539	119
538	125
537	120
536	125
535	119
534	123
533	121
532	122
531	122
530	121
529	125
528	119
527	125
526	119
525	125
524	118
523	125
522	119
521	124
520	121
519	123
518	121
517	123
516	123
515	120
514	123
513	119
512	125
511	119
510	125
509	119
508	125
507	119
506	123
505	121
504	122
503	122
502	121
501	124
500	120
499	124
498	119
497	125
496	118
495	125
494	118
493	125
492	119
491	123
490	121
489	122
488	122
487	121
486	123
485	119
484	124
483	119
482	125
481	119
480	125
479	119
478	124
477	119
476	123
475	121
474	121
473	123
472	120
471	125
470	120
469	125
468	119
467	125
466	118
465	125
464	119
463	125
462	119
461	123
460	121
459	121
458	123
457	120
456	124
455	121
454	125
453	119
452	125
451	119
450	124
449	119
448	123
447	121
446	123
445	123
444	122
443	123
442	119
441	123
440	119
439	124
438	118
437	125
436	119
435	125
434	119
433	123
432	120
431	122
430	121
429	121
428	123
427	120
426	124
425	119
424	125
423	118
422	124
421	119
420	123
419	120
418	123
417	122
416	122
415	123
414	119
413	123
412	119
411	125
410	119
409	125
408	119
407	125
406	119
405	123
404	121
403	123
402	121
401	121
400	123
399	119
398	123
397	119
396	125
395	119
394	125
393	119
392	124
391	119
390	123
389	121
388	122
387	123
386	120
385	123
384	120
383	124
382	118
381	125
380	118
379	125
378	119
377	124
376	119
375	123
374	121
373	123
372	123
371	121
370	123
369	119
368	124
367	118
366	125
365	119
364	125
363	119
362	123
361	120
360	122
359	121
358	121
357	122
356	119
355	125
354	119
353	124
352	118
351	125
350	119
349	125
348	119
347	123
346	120
345	122
344	121
343	121
342	122
341	119
340	124
339	120
338	124
337	118
336	125
335	119
334	125
333	119
332	123
331	120
330	122
329	121
328	121
327	123
326	121
325	124
324	119
323	125
322	119
321	125
320	118
319	125
318	119
317	124
316	121
315	123
314	122
313	121
312	123
311	119
310	123
309	119
308	125
307	119
306	125
305	119
304	124
303	119
302	123
301	121
300	122
299	123
298	121
297	123
296	119
295	124
294	118
293	125
292	118
291	125
290	119
289	125
288	121
287	124
286	121
285	121
284	123
283	119
282	124
281	120
280	124
279	119
278	125
277	118
276	124
275	119
274	123
273	121
272	123
271	123
270	121
269	124
268	121
267	124
266	119
265	124
264	118
263	125
262	118
261	125
260	121
259	123
258	120
257	122
256	122
255	121
254	122
253	122
252	120
251	123
250	119
249	125
248	119
247	125
246	119
245	123
244	121
243	122
242	122
241	121
240	123
239	119
238	125
237	119
236	125
235	119
234	123
233	119
232	123
231	121
230	121
229	124
228	119
227	125
226	118
225	125
224	119
223	124
222	119
221	123
220	121
219	122
218	122
217	121
216	123
215	119
214	125
213	118
212	125
211	119
210	123
209	121
208	122
207	122
206	121
205	123
204	119
203	125
202	119
201	125
200	118
199	125
198	119
197	123
196	121
195	121
194	123
193	119
192	124
191	118
190	125
189	119
188	123
187	119
186	123
185	122
184	121
183	122
182	119
181	124
180	120
179	125
178	119
177	125
176	119
175	125
174	120
173	123
172	123
171	121
170	124
169	119
168	125
167	118
166	125
165	119
164	123
163	121
162	122
161	123
160	120
159	123
158	119
157	125
156	119
155	124
154	119
153	123
152	119
151	123
150	121
149	121
148	123
147	120
146	124
145	119
144	125
143	118
142	125
141	119
140	123
139	122
138	121
137	123
136	121
135	124
134	119
133	125
132	117
131	125
130	119
129	124
128	120
127	123
126	122
125	121
124	124
123	119
122	125
121	119
120	124
119	119
118	123
117	119
116	123
115	121
114	121
113	123
112	119
111	124
110	117
109	125
108	118
107	125
106	119
105	123
104	121
103	121
102	123
101	119
100	124
99	118
98	123
97	122
96	119
95	125
94	122
93	119
92	124
91	122
90	118
89	123
88	121
87	119
86	123
85	123
84	119
83	124
82	123
81	119
80	124
79	122
78	118
77	124
76	122
75	119
74	123
73	123
72	119
71	123
70	123
69	119
68	124
67	123
66	118
65	124
64	123
63	118
62	123
61	123
60	119
59	123
58	123
57	119
56	123
55	123
54	118
53	123
52	123
51	119
50	123
49	124
48	118
47	123
46	123
45	119
44	123
43	123
42	118
41	123
40	124
39	119
38	123
37	123
36	119
35	123
34	123
33	118
32	122
31	123
30	119
29	122
28	124
27	118
26	122
25	125
24	119
23	123
22	124
21	119
20	123
19	124
18	119
17	122
16	123
15	118
14	122
13	123
12	119
11	122
10	124
9	119
8	119
7	124
6	125
5	122
4	117
3	122
2	123
1	123
0	121
-1	118
-2	122
-3	124
-4	119
-5	121
-6	125
-7	123
-8	119
-9	121
-10	124
-11	119
-12	122
-13	122
-14	119
-15	125
-16	119
-17	122
-18	121
-19	119
-20	124
-21	119
-22	121
-23	123
-24	119
-25	125
-26	119
-27	123
-28	123
-29	119
-30	125
-31	119
-32	121
-33	123
-34	118
-35	125
-36	119
-37	122
-38	121
-39	119
-40	124
-41	119
-42	122
-43	123
-44	117
-45	125
-46	119
-47	122
-48	123
-49	119
-50	124
-51	119
-52	123
-53	123
-54	119
-55	125
-56	119
-57	123
-58	122
-59	119
-60	125
-61	119
-62	122
-63	123
-64	118
-65	125
-66	119
-67	122
-68	123
-69	119
-70	125
-71	119
-72	121
-73	123
-74	118
-75	125
-76	119
-77	122
-78	123
-79	119
-80	124
-81	121
-82	122
-83	123
-84	119
-85	125
-86	119
-87	123
-88	123
-89	118
-90	125
-91	119
-92	121
-93	123
-94	118
-95	125
-96	119
-97	121
-98	123
-99	118
-100	125
-101	118
-102	124
-103	118
-104	125
-105	119
-106	124
-107	119
-108	123
-109	119
-110	123
-111	122
-112	121
-113	121
-114	121
-115	123
-116	120
-117	123
-118	119
-119	124
-120	118
-121	124
-122	118
-123	125
-124	119
-125	125
-126	119
-127	123
-128	119
-129	123
-130	121
-131	122
-132	121
-133	121
-134	123
-135	121
-136	123
-137	119
-138	123
-139	119
-140	125
-141	119
-142	125
-143	118
-144	124
-145	118
-146	123
-147	119
-148	124
-149	120
-150	122
-151	121
-152	121
-153	121
-154	121
-155	123
-156	119
-157	123
-158	119
-159	124
-160	118
-161	124
-162	118
-163	125
-164	119
-165	125
-166	118
-167	124
-168	120
-169	123
-170	121
-171	123
-172	120
-173	121
-174	122
-175	121
-176	123
-177	119
-178	123
-179	119
-180	123
-181	119
-182	125
-183	119
-184	125
-185	119
-186	124
-187	119
-188	123
-189	121
-190	123
-191	121
-192	122
-193	121
-194	121
-195	123
-196	119
-197	123
-198	119
-199	125
-200	119
-201	125
-202	118
-203	125
-204	119
-205	125
-206	119
-207	124
-208	119
-209	123
-210	120
-211	123
-212	121
-213	122
-214	123
-215	121
-216	123
-217	119
-218	124
-219	119
-220	125
-221	119
-222	124
-223	118
-224	125
-225	119
-226	125
-227	119
-228	123
-229	119
-230	123
-231	120
-232	121
-233	121
-234	121
-235	123
-236	121
-237	123
-238	119
-239	123
-240	119
-241	125
-242	119
-243	125
-244	117
-245	125
-246	119
-247	125
-248	119
-249	123
-250	119
-251	123
-252	121
-253	123
-254	121
-255	121
-256	122
-257	119
-258	125
-259	119
-260	123
-261	123
-262	119
-263	126
-264	119
-265	123
-266	123
-267	118
-268	124
-269	119
-270	122
-271	124
-272	119
-273	125
-274	120
-275	121
-276	123
-277	118
-278	124
-279	121
-280	121
-281	125
-282	119
-283	125
-284	121
-285	121
-286	124
-287	118
-288	124
-289	121
-290	121
-291	125
-292	118
-293	123
-294	121
-295	120
-296	125
-297	119
-298	123
-299	121
-300	120
-301	125
-302	119
-303	123
-304	121
-305	119
-306	124
-307	119
-308	123
-309	122
-310	119
-311	125
-312	118
-313	123
-314	122
-315	119
-316	125
-317	119
-318	123
-319	122
-320	119
-321	125
-322	119
-323	123
-324	123
-325	120
-326	125
-327	119
-328	123
-329	122
-330	119
-331	125
-332	119
-333	123
-334	123
-335	119
-336	125
-337	119
-338	123
-339	123
-340	119
-341	125
-342	118
-343	123
-344	122
-345	119
-346	125
-347	119
-348	122
-349	122
-350	119
-351	125
-352	119
-353	123
-354	123
-355	119
-356	124
-357	119
-358	122
-359	123
-360	119
-361	125
-362	119
-363	121
-364	123
-365	119
-366	124
-367	119
-368	122
-369	124
-370	118
-371	124
-372	119
-373	121
-374	123
-375	119
-376	125
-377	120
-378	120
-379	123
-380	118
-381	124
-382	121
-383	121
-384	123
-385	118
-386	123
-387	120
-388	121
-389	125
-390	118
-391	123
-392	121
-393	120
-394	125
-395	119
-396	123
-397	121
-398	119
-399	124
-400	119
-401	124
-402	122
-403	119
-404	123
-405	118
-406	123
-407	122
-408	119
-409	125
-410	118
-411	123
-412	122
-413	120
-414	125
-415	119
-416	121
-417	121
-418	119
-419	125
-420	119
-421	123
-422	122
-423	119
-424	125
-425	119
-426	121
-427	123
-428	119
-429	125
-430	119
-431	121
-432	123
-433	118
-434	124
-435	119
-436	121
-437	121
-438	117
-439	124
-440	119
-441	121
-442	123
-443	119
-444	123
-445	120
-446	121
-447	123
-448	118
-449	125
-450	121
-451	121
-452	123
-453	118
-454	124
-455	121
-456	121
-457	124
-458	118
-459	123
-460	121
-461	121
-462	125
-463	119
-464	123
-465	121
-466	119
-467	125
-468	118
-469	123
-470	121
-471	120
-472	125
-473	119
-474	123
-475	122
-476	119
-477	124
-478	118
-479	123
-480	123
-481	119
-482	125
-483	119
-484	122
-485	123
-486	119
-487	125
-488	119
-489	122
-490	123
-491	119
-492	125
-493	119
-494	122
-495	123
-496	118
-497	125
-498	119
-499	122
-500	124
-501	118
-502	124
-503	119
-504	121
-505	123
-506	119
-507	125
-508	119
-509	121
-510	123
-511	119
-512	125
-513	121
-514	121
-515	124
-516	119
-517	124
-518	121
-519	121
-520	124
-521	118
-522	123
-523	121
-524	121
-525	125
-526	117
-527	123
-528	121
-529	120
-530	125
-531	119
-532	124
-533	121
-534	119
-535	124
-536	119
-537	123
-538	122
-539	119
-540	125
-541	119
-542	123
-543	121
-544	119
-545	125
-546	119
-547	123
-548	122
-549	119
-550	124
-551	119
-552	123
-553	123
-554	119
-555	125
-556	119
-557	123
-558	122
-559	118
-560	124
-561	119
-562	122
-563	123
-564	119
-565	125
-566	119
-567	121
-568	123
-569	118
-570	125
-571	120
-572	122
-573	123
-574	117
-575	123
-576	119
-577	121
-578	123
-579	119
-580	124
-581	119
-582	120
-583	123
-584	118
-585	125
-586	121
-587	121
-588	125
-589	119
-590	124
-591	121
-592	121
-593	124
-594	119
-595	125
-596	121
-597	119
-598	123
-599	118
-600	124
-601	121
-602	121
-603	125
-604	117
-605	123
-606	121
-607	119
-608	125
-609	119
-610	123
-611	121
-612	119
-613	125
-614	119
-615	123
-616	121
-617	119
-618	124
-619	118
-620	123
-621	122
-622	119
-623	125
-624	119
-625	123
-626	122
-627	119
-628	125
-629	119
-630	122
-631	123
-632	118
-633	124
-634	119
-635	123
-636	123
-637	118
-638	124
-639	119
-640	121
-641	123
-642	119
-643	125
-644	119
-645	121
-646	123
-647	118
-648	125
-649	119
-650	122
-651	124
-652	118
-653	124
-654	119
-655	121
-656	123
-657	119
-658	125
-659	119
-660	121
-661	123
-662	118
-663	125
-664	121
-665	123
-666	123
-667	118
-668	125
-669	120
-670	121
-671	123
-672	118
-673	125
-674	119
-675	121
-676	124
-677	118
-678	123
-679	119
-680	121
-681	124
-682	118
-683	124
-684	120
-685	121
-686	123
-687	119
-688	125
-689	121
-690	119
-691	124
-692	117
-693	123
-694	121
-695	120
-696	125
-697	119
-698	123
-699	121
-700	119
-701	125
-702	119
-703	123
-704	121
-705	119
-706	124
-707	118
-708	123
-709	121
-710	119
-711	125
-712	117
-713	123
-714	121
-715	119
-716	125
-717	119
-718	123
-719	122
-720	119
-721	125
-722	119
-723	123
-724	123
-725	119
-726	125
-727	118
-728	122
-729	123
-730	119
-731	125
-732	119
-733	122
-734	123
-735	118
-736	124
-737	119
-738	122
-739	123
-740	118
-741	124
-742	119
-743	121
-744	121
-745	117
-746	124
-747	119
-748	121
-749	123
-750	119
-751	125
-752	120
-753	121
-754	123
-755	117
-756	125
-757	121
-758	121
-759	125
-760	117
-761	124
-762	121
-763	121
-764	123
-765	117
-766	123
-767	121
-768	120
-769	125
-770	119
-771	123
-772	121
-773	119
-774	123
-775	117
-776	123
-777	121
-778	120
-779	125
-780	118
-781	123
-782	121
-783	120
-784	125
-785	118
-786	123
-787	121
-788	119
-789	125
-790	118
-791	123
-792	121
-793	119
-794	125
-795	118
-796	122
-797	122
-798	119
-799	125
-800	119
-801	122
-802	122
-803	118
-804	124
-805	118
-806	122
-807	122
-808	119
-809	125
-810	119
-811	122
-812	122
-813	118
-814	124
-815	119
-816	121
-817	123
-818	119
-819	125
-820	119
-821	123
-822	123
-823	118
-824	124
-825	119
-826	121
-827	123
-828	119
-829	125
-830	119
-831	121
-832	123
-833	118
-834	125
-835	119
-836	121
-837	123
-838	117
-839	125
-840	120
-841	121
-842	123
-843	118
-844	124
-845	119
-846	121
-847	124
-848	119
-849	125
-850	119
-851	121
-852	123
-853	117
-854	123
-855	121
-856	121
-857	126
-858	118
-859	125
-860	121
-861	119
-862	123
-863	119
-864	124
-865	121
-866	119
-867	123
-868	117
-869	123
-870	122
-871	119
-872	124
-873	118
-874	121
-875	121
-876	119
-877	125
-878	119
-879	123
-880	121
-881	119
-882	123
-883	118
-884	123
-885	122
-886	119
-887	125
-888	119
-889	123
-890	121
-891	118
-892	123
-893	119
-894	122
-895	122
-896	119
-897	126
-898	119
-899	122
-900	123
-901	118
-902	124
-903	119
-904	122
-905	123
-906	119
-907	125
-908	119
-909	121
-910	123
-911	118
-912	125
-913	120
-914	121
-915	123
-916	117
-917	125
-918	120
-919	122
-920	124
-921	117
-922	123
-923	119
-924	121
-925	123
-926	119
-927	125
-928	120
-929	120
-930	123
-931	117
-932	123
-933	119
-934	121
-935	125
-936	118
-937	124
-938	121
-939	120
-940	123
-941	117
-942	123
-943	121
-944	120
-945	124
-946	118
-947	123
-948	121
-949	119
-950	123
-951	118
-952	123
-953	121
-954	119
-955	125
-956	118
-957	123
-958	121
-959	119
-960	125
-961	119
-962	123
-963	123
-964	119
-965	125
-966	119
-967	123
-968	121
-969	119
-970	124
-971	119
-972	123
-973	123
-974	118
-975	124
-976	118
-977	123
-978	123
-979	119
-980	125
-981	119
-982	123
-983	122
-984	118
-985	125
-986	120
-987	122
-988	123
-989	118
-990	123
-991	119
-992	122
-993	123
-994	119
-995	125
-996	119
-997	121
-998	123
-999	118
-1000	124
-1001	121
-1002	118
-1003	121
-1004	124
-1005	119
-1006	118
-1007	123
-1008	123
-1009	119
-1010	120
-1011	124
-1012	121
-1013	118
-1014	122
-1015	125
-1016	119
-1017	119
-1018	123
-1019	123
-1020	119
-1021	121
-1022	125
-1023	121
-1024	118
-1025	123
-1026	124
-1027	119
-1028	119
-1029	123
-1030	121
-1031	119
-1032	121
-1033	124
-1034	121
-1035	118
-1036	123
-1037	123
-1038	119
-1039	119
-1040	123
-1041	122
-1042	117
-1043	122
-1044	124
-1045	121
-1046	118
-1047	123
-1048	123
-1049	118
-1050	120
-1051	124
-1052	121
-1053	118
-1054	122
-1055	123
-1056	119
-1057	119
-1058	123
-1059	123
-1060	118
-1061	121
-1062	125
-1063	121
-1064	118
-1065	122
-1066	124
-1067	119
-1068	119
-1069	124
-1070	123
-1071	119
-1072	120
-1073	125
-1074	121
-1075	117
-1076	123
-1077	124
-1078	119
-1079	120
-1080	123
-1081	123
-1082	118
-1083	121
-1084	125
-1085	121
-1086	118
-1087	123
-1088	123
-1089	119
-1090	119
-1091	125
-1092	122
-1093	119
-1094	121
-1095	125
-1096	121
-1097	119
-1098	122
-1099	124
-1100	118
-1101	119
-1102	123
-1103	123
-1104	118
-1105	121
-1106	125
-1107	120
-1108	117
-1109	124
-1110	123
-1111	120
-1112	119
-1113	125
-1114	122
-1115	117
-1116	121
-1117	125
-1118	120
-1119	118
-1120	123
-1121	123
-1122	119
-1123	119
-1124	124
-1125	121
-1126	118
-1127	121
-1128	125
-1129	119
-1130	119
-1131	124
-1132	123
-1133	119
-1134	120
-1135	124
-1136	121
-1137	117
-1138	122
-1139	124
-1140	119
-1141	119
-1142	123
-1143	123
-1144	119
-1145	121
-1146	125
-1147	121
-1148	117
-1149	122
-1150	123
-1151	119
-1152	119
-1153	123
-1154	122
-1155	119
-1156	121
-1157	124
-1158	121
-1159	118
-1160	124
-1161	125
-1162	119
-1163	119
-1164	124
-1165	123
-1166	117
-1167	121
-1168	124
-1169	122
-1170	118
-1171	123
-1172	124
-1173	119
-1174	119
-1175	123
-1176	122
-1177	119
-1178	121
-1179	125
-1180	121
-1181	118
-1182	123
-1183	123
-1184	119
-1185	119
-1186	123
-1187	123
-1188	117
-1189	121
-1190	124
-1191	121
-1192	118
-1193	123
-1194	123
-1195	119
-1196	119
-1197	124
-1198	123
-1199	119
-1200	121
-1201	125
-1202	121
-1203	119
-1204	123
-1205	124
-1206	118
-1207	120
-1208	123
-1209	123
-1210	117
-1211	121
-1212	125
-1213	120
-1214	118
-1215	123
-1216	123
-1217	120
-1218	119
-1219	125
-1220	122
-1221	118
-1222	121
-1223	124
-1224	120
-1225	118
-1226	123
-1227	123
-1228	118
-1229	119
-1230	123
-1231	123
-1232	118
-1233	121
-1234	125
-1235	120
-1236	119
-1237	123
-1238	123
-1239	119
-1240	119
-1241	124
-1242	123
-1243	117
-1244	121
-1245	123
-1246	121
-1247	118
-1248	123
-1249	124
-1250	119
-1251	119
-1252	123
-1253	123
-1254	117
-1255	121
-1256	124
-1257	121
-1258	117
-1259	123
-1260	123
-1261	119
-1262	119
-1263	123
-1264	122
-1265	118
-1266	121
-1267	125
-1268	120
-1269	118
-1270	123
-1271	123
-1272	119
-1273	119
-1274	123
-1275	123
-1276	117
-1277	121
-1278	124
-1279	121
-1280	118
-1281	122
-1282	123
-1283	119
-1284	119
-1285	123
-1286	121
-1287	118
-1288	121
-1289	125
-1290	119
-1291	118
-1292	123
-1293	123
-1294	118
-1295	121
-1296	123
-1297	122
-1298	117
-1299	122
-1300	123
-1301	119
-1302	119
-1303	123
-1304	123
-1305	119
-1306	120
-1307	125
-1308	121
-1309	118
-1310	123
-1311	123
-1312	119
-1313	119
-1314	123
-1315	123
-1316	117
-1317	121
-1318	123
-1319	119
-1320	118
-1321	123
-1322	122
-1323	118
-1324	119
-1325	124
-1326	121
-1327	117
-1328	123
-1329	123
-1330	119
-1331	119
-1332	123
-1333	123
-1334	117
-1335	121
-1336	125
-1337	119
-1338	119
-1339	123
-1340	123
-1341	119
-1342	119
-1343	125
-1344	121
-1345	117
-1346	121
-1347	123
-1348	119
-1349	119
-1350	123
-1351	122
-1352	119
-1353	120
-1354	125
-1355	121
-1356	117
-1357	122
-1358	123
-1359	119
-1360	119
-1361	123
-1362	123
-1363	117
-1364	121
-1365	123
-1366	121
-1367	119
-1368	122
-1369	125
-1370	118
-1371	120
-1372	123
-1373	122
-1374	117
-1375	121
-1376	123
-1377	119
-1378	119
-1379	123
-1380	123
-1381	117
-1382	120
-1383	124
-1384	121
-1385	119
-1386	121
-1387	124
-1388	118
-1389	119
-1390	124
-1391	122
-1392	117
-1393	121
-1394	123
-1395	121
-1396	117
-1397	122
-1398	123
-1399	118
-1400	118
-1401	123
-1402	121
-1403	118
-1404	121
-1405	124
-1406	119
-1407	117
-1408	123
-1409	123
-1410	119
-1411	119
-1412	124
-1413	122
-1414	117
-1415	121
-1416	124
-1417	119
-1418	117
-1419	123
-1420	122
-1421	119
-1422	119
-1423	125
-1424	121
-1425	118
-1426	121
-1427	124
-1428	119
-1429	119
-1430	123
-1431	122
-1432	119
-1433	119
-1434	124
-1435	121
-1436	117
-1437	122
-1438	123
-1439	120
-1440	118
-1441	123
-1442	122
-1443	119
-1444	120
-1445	124
-1446	121
-1447	117
-1448	123
-1449	123
-1450	119
-1451	119
-1452	123
-1453	121
-1454	117
-1455	121
-1456	123
-1457	120
-1458	119
-1459	123
-1460	123
-1461	119
-1462	119
-1463	123
-1464	121
-1465	118
-1466	121
-1467	125
-1468	119
-1469	119
-1470	123
-1471	123
-1472	118
-1473	120
-1474	125
-1475	121
-1476	118
-1477	122
-1478	123
-1479	119
-1480	119
-1481	124
-1482	121
-1483	118
-1484	121
-1485	125
-1486	120
-1487	118
-1488	123
-1489	123
-1490	119
-1491	119
-1492	124
-1493	121
-1494	117
-1495	121
-1496	123
-1497	120
-1498	117
-1499	123
-1500	123
-1501	118
-1502	119
-1503	123
-1504	122
-1505	117
-1506	121
-1507	124
-1508	119
-1509	119
-1510	123
-1511	123
-1512	119
-1513	119
-1514	123
-1515	122
-1516	118
-1517	121
-1518	124
-1519	120
-1520	117
-1521	124
-1522	122
-1523	119
-1524	119
-1525	124
-1526	122
-1527	117
-1528	122
-1529	123
-1530	120
-1531	119
-1532	123
-1533	123
-1534	118
-1535	119
-1536	124
-1537	121
-1538	117
-1539	122
-1540	123
-1541	119
-1542	118
-1543	123
-1544	122
-1545	119
-1546	120
-1547	125
-1548	119
-1549	117
-1550	123
-1551	123
-1552	119
-1553	119
-1554	123
-1555	123
-1556	117
-1557	121
-1558	123
-1559	121
-1560	117
-1561	122
-1562	123
-1563	119
-1564	119
-1565	123
-1566	123
-1567	118
-1568	119
-1569	125
-1570	120
-1571	117
-1572	122
-1573	123
-1574	119
-1575	118
-1576	123
-1577	122
-1578	117
-1579	121
-1580	123
-1581	121
-1582	118
-1583	121
-1584	124
-1585	119
-1586	117
-1587	124
-1588	122
-1589	119
-1590	119
-1591	125
-1592	121
-1593	117
-1594	121
-1595	123
-1596	119
-1597	119
-1598	122
-1599	123
-1600	117
-1601	119
-1602	123
-1603	119
-1604	118
-1605	121
-1606	124
-1607	118
-1608	119
-1609	123
-1610	121
-1611	117
-1612	121
-1613	123
-1614	120
-1615	118
-1616	123
-1617	123
-1618	118
-1619	121
-1620	123
-1621	122
-1622	117
-1623	122
-1624	123
-1625	119
-1626	119
-1627	123
-1628	123
-1629	117
-1630	119
-1631	124
-1632	121
-1633	118
-1634	121
-1635	123
-1636	119
-1637	117
-1638	123
-1639	123
-1640	119
-1641	119
-1642	123
-1643	120
-1644	117
-1645	122
-1646	123
-1647	119
-1648	118
-1649	124
-1650	121
-1651	118
-1652	121
-1653	124
-1654	120
-1655	119
-1656	121
-1657	124
-1658	119
-1659	118
-1660	123
-1661	122
-1662	118
-1663	121
-1664	125
-1665	119
-1666	117
-1667	123
-1668	123
-1669	119
-1670	119
-1671	123
-1672	121
-1673	117
-1674	121
-1675	124
-1676	119
-1677	119
-1678	122
-1679	123
-1680	119
-1681	119
-1682	123
-1683	121
-1684	117
-1685	122
-1686	123
-1687	121
-1688	117
-1689	122
-1690	123
-1691	117
-1692	119
-1693	123
-1694	121
-1695	117
-1696	121
-1697	124
-1698	119
-1699	118
-1700	123
-1701	123
-1702	119
-1703	119
-1704	125
-1705	121
-1706	117
-1707	122
-1708	123
-1709	120
-1710	117
-1711	123
-1712	123
-1713	117
-1714	119
-1715	123
-1716	121
-1717	119
-1718	121
-1719	124
-1720	119
-1721	118
-1722	123
-1723	123
-1724	118
-1725	119
-1726	123
-1727	121
-1728	117
-1729	122
-1730	123
-1731	119
-1732	119
-1733	123
-1734	123
-1735	118
-1736	119
-1737	124
-1738	121
-1739	118
-1740	121
-1741	124
-1742	119
-1743	118
-1744	123
-1745	123
-1746	119
-1747	119
-1748	123
-1749	123
-1750	117
-1751	121
-1752	124
-1753	119
-1754	118
-1755	123
-1756	123
-1757	119
-1758	118
-1759	124
-1760	121
-1761	117
-1762	121
-1763	123
-1764	121
-1765	118
-1766	122
-1767	123
-1768	117
-1769	119
-1770	123
-1771	121
-1772	118
-1773	121
-1774	124
-1775	119
-1776	117
-1777	123
-1778	122
-1779	118
-1780	119
-1781	124
-1782	122
-1783	117
-1784	121
-1785	123
-1786	119
-1787	119
-1788	123
-1789	123
-1790	117
-1791	119
-1792	124
-1793	121
-1794	117
-1795	122
-1796	123
-1797	119
-1798	118
-1799	123
-1800	122
-1801	117
-1802	119
-1803	124
-1804	121
-1805	118
-1806	121
-1807	124
-1808	119
-1809	117
-1810	123
-1811	122
-1812	119
-1813	119
-1814	124
-1815	121
-1816	117
-1817	121
-1818	123
-1819	119
-1820	118
-1821	123
-1822	123
-1823	118
-1824	119
-1825	123
-1826	121
-1827	117
-1828	121
-1829	123
-1830	119
-1831	118
-1832	123
-1833	123
-1834	117
-1835	119
-1836	123
-1837	122
-1838	117
-1839	121
-1840	124
-1841	119
-1842	118
-1843	123
-1844	123
-1845	119
-1846	119
-1847	124
-1848	121
-1849	117
-1850	122
-1851	123
-1852	120
-1853	118
-1854	123
-1855	123
-1856	117
-1857	119
-1858	123
-1859	121
-1860	118
-1861	121
-1862	124
-1863	119
-1864	118
-1865	123
-1866	123
-1867	119
-1868	119
-1869	124
-1870	121
-1871	117
-1872	121
-1873	123
-1874	120
-1875	118
-1876	122
-1877	123
-1878	118
-1879	119
-1880	123
-1881	121
-1882	118
-1883	121
-1884	123
-1885	121
-1886	117
-1887	123
-1888	123
-1889	118
-1890	119
-1891	123
-1892	121
-1893	117
-1894	119
-1895	123
-1896	119
-1897	118
-1898	122
-1899	123
-1900	118
-1901	119
-1902	124
-1903	121
-1904	119
-1905	119
-1906	124
-1907	121
-1908	117
-1909	122
-1910	123
-1911	119
-1912	118
-1913	123
-1914	122
-1915	117
-1916	121
-1917	123
-1918	121
-1919	117
-1920	122
-1921	123
-1922	118
-1923	119
-1924	123
-1925	122
-1926	118
-1927	121
-1928	124
-1929	119
-1930	117
-1931	123
-1932	123
-1933	117
-1934	121
-1935	124
-1936	121
-1937	117
-1938	121
-1939	123
-1940	119
-1941	117
-1942	124
-1943	122
-1944	118
-1945	120
-1946	124
-1947	120
-1948	117
-1949	123
-1950	123
-1951	119
-1952	118
-1953	123
-1954	122
-1955	117
-1956	121
-1957	123
-1958	120
-1959	117
-1960	122
-1961	123
-1962	117
-1963	119
-1964	123
-1965	121
-1966	118
-1967	121
-1968	124
-1969	119
-1970	117
-1971	123
-1972	123
-1973	118
-1974	119
-1975	125
-1976	121
-1977	118
-1978	121
-1979	123
-1980	120
-1981	118
-1982	123
-1983	123
-1984	117
-1985	120
-1986	123
-1987	121
-1988	117
-1989	121
-1990	123
-1991	119
-1992	117
-1993	123
-1994	123
-1995	118
-1996	119
-1997	124
-1998	121
-1999	117
-2000	121
-2001	123
-2002	119
-2003	118
-2004	123
-2005	123
-2006	117
-2007	119
-2008	123
-2009	121
-2010	117
-2011	122
-2012	123
-2013	119
-2014	119
-2015	123
-2016	123
-2017	117
-2018	120
-2019	123
-2020	121
-2021	117
-2022	121
-2023	123
-2024	119
-2025	118
-2026	123
-2027	122
-2028	117
-2029	120
-2030	124
-2031	120
-2032	118
-2033	122
-2034	123
-2035	118
-2036	118
-2037	123
-2038	121
-2039	118
-2040	119
-2041	124
-2042	121
-2043	117
-2044	121
-2045	123
-2046	119
-2047	119
-2048	123
-2049	123
-2050	117
-2051	121
-2052	123
-2053	120
-2054	118
-2055	122
-2056	123
-2057	119
-2058	118
-2059	123
-2060	122
-2061	117
-2062	120
-2063	123
-2064	120
-2065	117
-2066	121
-2067	123
-2068	119
-2069	118
-2070	123
-2071	123
-2072	117
-2073	119
-2074	124
-2075	120
-2076	118
-2077	121
-2078	123
-2079	119
-2080	117
-2081	123
-2082	122
-2083	118
-2084	119
-2085	124
-2086	120
-2087	117
-2088	121
-2089	123
-2090	118
-2091	119
-2092	123
-2093	122
-2094	117
-2095	120
-2096	123
-2097	119
-2098	118
-2099	122
-2100	123
-2101	119
-2102	117
-2103	123
-2104	122
-2105	117
-2106	120
-2107	123
-2108	121
-2109	117
-2110	122
-2111	123
-2112	119
-2113	119
-2114	123
-2115	121
-2116	117
-2117	121
-2118	123
-2119	119
-2120	117
-2121	123
-2122	123
-2123	119
-2124	118
-2125	123
-2126	121
-2127	117
-2128	119
-2129	125
-2130	119
-2131	117
-2132	123
-2133	123
-2134	119
-2135	119
-2136	123
-2137	121
-2138	117
-2139	120
-2140	123
-2141	120
-2142	118
-2143	121
-2144	123
-2145	119
-2146	119
-2147	123
-2148	122
-2149	117
-2150	120
-2151	123
-2152	120
-2153	117
-2154	122
-2155	123
-2156	119
-2157	119
-2158	123
-2159	122
-2160	117
-2161	119
-2162	123
-2163	121
-2164	117
-2165	122
-2166	123
-2167	119
-2168	119
-2169	123
-2170	122
-2171	117
-2172	119
-2173	123
-2174	120
-2175	118
-2176	121
-2177	123
-2178	118
-2179	118
-2180	123
-2181	121
-2182	118
-2183	119
-2184	123
-2185	121
-2186	117
-2187	121
-2188	123
-2189	118
-2190	119
-2191	123
-2192	122
-2193	117
-2194	119
-2195	124
-2196	119
-2197	117
-2198	122
-2199	123
-2200	119
-2201	118
-2202	123
-2203	123
-2204	118
-2205	119
-2206	124
-2207	121
-2208	117
-2209	123
-2210	123
-2211	119
-2212	117
-2213	123
-2214	121
-2215	117
-2216	119
-2217	123
-2218	120
-2219	117
-2220	122
-2221	123
-2222	119
-2223	119
-2224	123
-2225	123
-2226	117
-2227	119
-2228	123
-2229	121
-2230	118
-2231	121
-2232	124
-2233	119
-2234	118
-2235	123
-2236	122
-2237	117
-2238	119
-2239	124
-2240	121
-2241	117
-2242	122
-2243	123
-2244	119
-2245	118
-2246	123
-2247	121
-2248	117
-2249	120
-2250	123
-2251	119
-2252	117
-2253	121
-2254	123
-2255	118
-2256	119
-2257	123
-2258	122
-2259	117
-2260	121
-2261	123
-2262	120
-2263	117
-2264	122
-2265	122
-2266	118
-2267	119
-2268	123
-2269	122
-2270	117
-2271	120
-2272	124
-2273	119
-2274	117
-2275	122
-2276	123
-2277	118
-2278	117
-2279	123
-2280	121
-2281	117
-2282	121
-2283	123
-2284	120
-2285	118
-2286	121
-2287	123
-2288	118
-2289	118
-2290	123
-2291	122
-2292	117
-2293	119
-2294	123
-2295	120
-2296	117
-2297	122
-2298	123
-2299	119
-2300	117
-2301	123
-2302	121
-2303	117
-2304	120
-2305	123
-2306	119
-2307	117
-2308	123
-2309	123
-2310	119
-2311	119
-2312	123
