1.042	20.899	0.557
1.042	20.900	0.557
1.042	20.890	0.535
1.042	20.896	0.548
1.042	20.892	0.567
1.042	20.889	0.559
1.042	20.894	0.562
1.041	20.894	0.554
1.041	20.894	0.549
1.041	20.890	0.547
1.040	20.895	0.545
1.039	20.898	0.544
1.037	20.896	0.553
1.034	20.895	0.547
1.033	20.893	0.555
1.033	20.899	0.565
1.032	20.889	0.540
1.032	20.900	0.561
1.031	20.899	0.567
1.031	20.889	0.547
1.030	20.885	0.553
1.030	20.896	0.552
1.030	20.898	0.547
1.029	20.894	0.554
1.029	20.894	0.559
1.028	20.900	0.532
1.028	20.895	0.562
1.027	20.892	0.546
1.027	20.893	0.549
1.027	20.893	0.558
1.026	20.901	0.552
1.026	20.891	0.561
1.025	20.895	0.557
1.025	20.889	0.542
1.024	20.894	0.567
1.024	20.897	0.537
1.023	20.890	0.555
1.023	20.898	0.559
1.023	20.895	0.552
1.022	20.901	0.557
1.022	20.895	0.526
1.022	20.901	0.554
1.022	20.898	0.561
1.021	20.895	0.533
1.021	20.889	0.546
1.021	20.892	0.534
1.021	20.895	0.550
1.021	20.889	0.547
1.021	20.888	0.556
1.020	20.896	0.549
1.020	20.890	0.551
1.020	20.896	0.572
1.019	20.897	0.545
1.019	20.893	0.559
1.019	20.896	0.551
1.018	20.897	0.554
1.018	20.901	0.539
1.018	20.899	0.573
1.017	20.895	0.541
1.017	20.892	0.547
1.016	20.894	0.558
1.016	20.887	0.556
1.016	20.893	0.545
1.015	20.899	0.551
1.015	20.891	0.557
1.015	20.892	0.562
1.014	20.892	0.559
1.014	20.882	0.546
1.014	20.888	0.513
1.013	20.889	0.525
1.013	20.885	0.539
1.012	20.882	0.562
1.012	20.878	0.504
1.012	20.879	0.534
1.012	20.877	0.554
1.011	20.869	0.534
1.011	20.882	0.565
1.011	20.876	0.544
1.010	20.872	0.535
1.010	20.872	0.546
1.010	20.871	0.553
1.009	20.865	0.563
1.009	20.865	0.548
1.008	20.865	0.542
1.008	20.869	0.533
1.008	20.872	0.553
1.008	20.859	0.558
1.008	20.860	0.573
1.007	20.860	0.566
1.007	20.853	0.545
1.007	20.858	0.561
1.007	20.858	0.553
1.007	20.852	0.554
1.007	20.855	0.564
1.006	20.855	0.544
1.006	20.848	0.552
1.006	20.853	0.548
1.006	20.853	0.538
1.006	20.852	0.557
1.005	20.852	0.552
1.005	20.851	0.571
1.005	20.854	0.547
1.005	20.848	0.556
1.005	20.837	0.543
1.004	20.851	0.556
1.004	20.850	0.563
1.004	20.839	0.546
1.004	20.847	0.556
1.003	20.849	0.562
1.003	20.841	0.551
1.003	20.842	0.560
1.003	20.842	0.554
1.003	20.835	0.563
1.002	20.842	0.562
1.002	20.838	0.553
1.001	20.843	0.571
1.001	20.838	0.552
1.001	20.836	0.555
1.001	20.837	0.536
1.000	20.833	0.557
1.000	20.834	0.552
1.000	20.831	0.551
0.999	20.829	0.570
0.999	20.825	0.554
0.999	20.833	0.568
0.999	20.828	0.555
0.999	20.819	0.560
0.998	20.829	0.539
0.998	20.824	0.522
0.998	20.825	0.551
0.998	20.827	0.572
0.998	20.820	0.556
0.997	20.824	0.519
0.997	20.825	0.542
0.997	20.820	0.554
0.997	20.820	0.517
0.996	20.814	0.536
0.996	20.810	0.547
0.996	20.817	0.555
0.996	20.819	0.563
0.996	20.815	0.565
0.995	20.810	0.555
0.995	20.811	0.548
0.995	20.815	0.569
0.995	20.812	0.562
0.995	20.809	0.543
0.995	20.812	0.534
0.994	20.805	0.574
0.994	20.807	0.554
0.994	20.808	0.556
0.993	20.808	0.562
0.993	20.801	0.570
0.993	20.783	0.560
0.992	20.801	0.553
0.992	20.797	0.568
0.992	20.739	0.454
0.991	20.500	0.437
0.991	20.716	0.533
0.990	20.781	0.548
0.990	20.792	0.525
0.989	20.791	0.570
0.989	20.792	0.570
0.988	20.779	0.564
0.988	20.786	0.563
0.988	20.785	0.554
0.987	20.776	0.547
0.987	20.786	0.566
0.987	20.769	0.571
0.987	20.773	0.555
0.986	20.777	0.576
0.986	20.781	0.572
0.986	20.777	0.561
0.985	20.775	0.555
0.985	20.771	0.552
0.985	20.772	0.561
0.985	20.771	0.576
0.985	20.771	0.565
0.985	20.773	0.571
0.984	20.772	0.578
0.984	20.759	0.551
0.984	20.764	0.540
0.983	20.764	0.560
0.983	20.761	0.559
0.983	20.761	0.559
0.983	20.759	0.567
0.982	20.752	0.572
0.983	20.764	0.567
0.982	20.762	0.574
0.982	20.763	0.562
0.982	20.758	0.581
0.982	20.756	0.576
0.981	20.749	0.571
0.981	20.752	0.577
0.981	20.754	0.555
0.981	20.754	0.567
0.980	20.755	0.568
0.980	20.744	0.560
0.980	20.750	0.573
0.979	20.744	0.577
0.979	20.740	0.574
0.979	20.746	0.562
0.978	20.738	0.558
0.978	20.728	0.571
0.977	20.735	0.562
0.977	20.734	0.575
0.977	20.737	0.569
0.977	20.729	0.557
0.976	20.732	0.566
0.976	20.729	0.551
0.976	20.726	0.561
0.976	20.728	0.568
0.976	20.727	0.563
0.976	20.725	0.567
0.975	20.712	0.560
0.975	20.726	0.577
0.975	20.718	0.566
0.974	20.712	0.564
0.974	20.723	0.575
0.974	20.714	0.543
0.974	20.706	0.568
0.973	20.712	0.564
0.973	20.706	0.573
0.973	20.690	0.570
0.973	20.707	0.536
0.972	20.702	0.532
0.972	20.703	0.539
0.972	20.697	0.572
0.971	20.689	0.572
0.971	20.693	0.569
0.971	20.693	0.578
0.970	20.682	0.569
0.970	20.686	0.572
0.970	20.687	0.563
0.969	20.683	0.565
0.969	20.674	0.569
0.969	20.670	0.567
0.968	20.676	0.555
0.968	20.667	0.570
0.968	20.674	0.571
0.967	20.671	0.567
0.967	20.669	0.576
0.967	20.655	0.562
0.967	20.664	0.575
0.967	20.655	0.576
0.966	20.647	0.558
0.966	20.649	0.570
0.966	20.648	0.577
0.966	20.641	0.578
0.966	20.644	0.549
0.965	20.642	0.578
0.965	20.651	0.567
0.965	20.641	0.533
0.965	20.634	0.549
0.964	20.631	0.568
0.964	20.632	0.578
0.964	20.622	0.577
0.964	20.625	0.573
0.963	20.615	0.581
0.963	20.608	0.572
0.963	20.607	0.584
0.963	20.610	0.583
0.962	20.594	0.583
0.962	20.589	0.586
0.962	20.578	0.562
0.962	20.570	0.552
0.961	20.563	0.584
0.961	20.562	0.583
0.961	20.552	0.585
0.961	20.553	0.595
0.961	20.554	0.591
0.960	20.550	0.595
0.960	20.542	0.580
0.960	20.539	0.573
0.960	20.534	0.582
0.960	20.531	0.576
0.959	20.520	0.576
0.959	20.518	0.554
0.959	20.516	0.593
0.959	20.507	0.585
0.958	20.492	0.586
0.958	20.494	0.582
0.958	20.488	0.598
0.958	20.485	0.584
0.957	20.485	0.584
0.957	20.479	0.584
0.957	20.475	0.586
0.957	20.467	0.585
0.957	20.466	0.567
0.957	20.467	0.590
0.956	20.457	0.589
0.956	20.458	0.602
0.956	20.457	0.596
0.956	20.449	0.596
0.956	20.450	0.593
0.955	20.441	0.579
0.955	20.438	0.604
0.955	20.434	0.596
0.955	20.433	0.594
0.954	20.423	0.581
0.954	20.414	0.593
0.954	20.404	0.609
0.953	20.390	0.563
0.953	20.384	0.597
0.953	20.366	0.587
0.952	20.376	0.602
0.952	20.381	0.609
0.952	20.362	0.596
0.952	20.360	0.598
0.951	20.343	0.595
0.951	20.330	0.583
0.951	20.326	0.609
0.950	20.317	0.617
0.950	20.308	0.608
0.950	20.304	0.600
0.949	20.293	0.602
0.949	20.287	0.609
0.949	20.279	0.572
0.948	20.264	0.581
0.948	20.270	0.611
0.948	20.270	0.615
0.947	20.258	0.605
0.947	20.257	0.627
0.947	20.248	0.616
0.946	20.232	0.609
0.946	20.225	0.628
0.946	20.215	0.603
0.945	20.204	0.579
0.945	20.198	0.620
0.944	20.189	0.625
0.944	20.180	0.625
0.944	20.177	0.621
0.943	20.168	0.621
0.943	20.157	0.609
0.943	20.158	0.629
0.943	20.139	0.636
0.942	20.143	0.608
0.942	20.139	0.624
0.942	20.129	0.635
0.941	20.129	0.634
0.941	20.122	0.628
0.940	20.101	0.621
0.940	20.097	0.601
0.940	20.094	0.637
0.940	20.087	0.628
0.940	20.085	0.625
0.939	20.078	0.625
0.939	20.080	0.626
0.939	20.077	0.631
0.939	20.072	0.632
0.938	20.065	0.632
0.938	20.056	0.637
0.938	20.043	0.629
0.938	20.036	0.617
0.937	20.035	0.638
0.937	20.021	0.629
0.937	20.019	0.639
0.936	20.012	0.636
0.936	20.012	0.636
0.936	20.011	0.638
0.935	20.004	0.627
0.935	20.000	0.608
0.935	19.992	0.641
0.935	19.971	0.609
0.934	19.970	0.645
0.934	19.963	0.641
0.934	19.946	0.632
0.933	19.944	0.628
0.933	19.934	0.642
0.932	19.922	0.609
0.932	19.924	0.644
0.932	19.922	0.642
0.932	19.911	0.633
0.931	19.905	0.633
0.931	19.894	0.649
0.931	19.892	0.620
0.930	19.878	0.655
0.930	19.868	0.645
0.930	19.856	0.637
0.929	19.854	0.662
0.929	19.840	0.642
0.929	19.843	0.646
0.929	19.841	0.649
0.928	19.826	0.654
0.928	19.823	0.651
0.928	19.811	0.660
0.928	19.808	0.638
0.927	19.806	0.667
0.927	19.803	0.650
0.927	19.801	0.623
0.927	19.789	0.650
0.926	19.783	0.645
0.926	19.777	0.658
0.926	19.769	0.659
0.925	19.755	0.655
0.925	19.747	0.635
0.924	19.727	0.663
0.924	19.720	0.663
0.924	19.722	0.661
0.923	19.719	0.659
0.923	19.703	0.656
0.923	19.705	0.668
0.923	19.707	0.661
0.923	19.704	0.647
0.922	19.701	0.665
0.922	19.691	0.661
0.922	19.688	0.655
0.922	19.680	0.667
0.922	19.666	0.671
0.921	19.671	0.664
0.921	19.666	0.665
0.921	19.659	0.672
0.921	19.659	0.675
0.921	19.660	0.663
0.921	19.654	0.664
0.921	19.653	0.655
0.920	19.654	0.673
0.920	19.644	0.663
0.920	19.636	0.669
0.920	19.628	0.643
0.920	19.626	0.667
0.919	19.622	0.661
0.919	19.612	0.667
0.919	19.608	0.672
0.919	19.609	0.664
0.919	19.600	0.673
0.918	19.598	0.671
0.918	19.593	0.661
0.918	19.582	0.677
0.917	19.578	0.674
0.917	19.568	0.641
0.917	19.564	0.686
0.916	19.557	0.667
0.916	19.553	0.672
0.915	19.546	0.667
0.915	19.545	0.685
0.915	19.534	0.693
0.915	19.524	0.680
0.914	19.518	0.688
0.914	19.507	0.634
0.914	19.499	0.679
0.913	19.490	0.671
0.913	19.478	0.690
0.913	19.466	0.683
0.912	19.466	0.692
0.912	19.447	0.695
0.912	19.448	0.666
0.912	19.448	0.697
0.911	19.438	0.691
0.911	19.434	0.696
0.910	19.425	0.692
0.910	19.415	0.654
0.910	19.413	0.703
0.910	19.398	0.689
0.909	19.391	0.688
0.909	19.385	0.702
0.908	19.356	0.694
0.908	19.363	0.683
0.907	19.355	0.690
0.907	19.342	0.705
0.907	19.340	0.678
0.907	19.337	0.695
0.907	19.326	0.695
0.906	19.322	0.697
0.906	19.326	0.700
0.906	19.325	0.669
0.906	19.324	0.696
0.906	19.315	0.692
0.906	19.323	0.705
0.906	19.319	0.700
0.906	19.311	0.693
0.905	19.307	0.709
0.905	19.301	0.696
0.905	19.284	0.702
0.904	19.285	0.707
0.904	19.277	0.707
0.904	19.264	0.679
0.903	19.264	0.704
0.903	19.254	0.716
0.903	19.248	0.710
0.902	19.237	0.710
0.902	19.223	0.715
0.901	19.213	0.673
0.901	19.191	0.663
0.901	19.199	0.715
0.900	19.195	0.714
0.900	19.185	0.710
0.900	19.175	0.701
0.900	19.178	0.711
0.899	19.083	0.609
0.899	18.880	0.598
0.899	19.152	0.721
0.898	19.145	0.715
0.898	19.137	0.720
0.898	19.131	0.710
0.897	19.120	0.708
0.897	19.118	0.714
0.897	19.111	0.716
0.896	19.101	0.726
0.896	19.108	0.708
0.895	19.093	0.696
0.895	19.080	0.731
0.894	19.075	0.726
0.894	19.062	0.727
0.893	19.055	0.727
0.893	19.038	0.716
0.892	19.024	0.715
0.892	19.021	0.726
0.892	19.013	0.720
0.892	19.006	0.725
0.891	18.997	0.717
0.891	18.986	0.731
0.890	18.974	0.681
0.890	18.972	0.727
0.890	18.965	0.732
0.890	18.951	0.736
0.889	18.950	0.728
0.889	18.938	0.730
0.889	18.923	0.733
0.888	18.927	0.721
0.888	18.918	0.736
0.887	18.908	0.749
0.887	18.893	0.736
0.887	18.889	0.741
0.886	18.873	0.730
0.886	18.867	0.753
0.885	18.855	0.743
0.885	18.853	0.716
0.885	18.844	0.747
0.885	18.842	0.744
0.884	18.832	0.748
0.884	18.823	0.735
0.884	18.812	0.735
0.883	18.805	0.741
0.883	18.798	0.738
0.882	18.787	0.748
0.882	18.788	0.748
0.882	18.782	0.746
0.881	18.767	0.745
0.881	18.765	0.743
0.881	18.760	0.758
0.881	18.751	0.750
0.880	18.744	0.755
0.880	18.730	0.704
0.879	18.717	0.744
0.879	18.711	0.758
0.879	18.698	0.769
0.878	18.694	0.766
0.878	18.690	0.762
0.878	18.679	0.750
0.877	18.668	0.755
0.876	18.662	0.755
0.876	18.649	0.774
0.876	18.645	0.752
0.875	18.644	0.758
0.875	18.624	0.767
0.874	18.616	0.748
0.874	18.615	0.782
0.874	18.610	0.752
0.873	18.606	0.770
0.873	18.597	0.757
0.872	18.586	0.777
0.872	18.577	0.763
0.872	18.568	0.767
0.872	18.567	0.749
0.871	18.557	0.772
0.871	18.541	0.774
0.871	18.542	0.775
0.870	18.535	0.783
0.870	18.524	0.764
0.870	18.523	0.785
0.869	18.514	0.778
0.869	18.502	0.754
0.869	18.490	0.753
0.869	18.490	0.781
0.868	18.484	0.787
0.868	18.476	0.781
0.868	18.462	0.789
0.868	18.461	0.772
0.867	18.459	0.782
0.867	18.449	0.781
0.867	18.445	0.752
0.867	18.445	0.793
0.867	18.433	0.777
0.866	18.434	0.800
0.866	18.429	0.779
0.866	18.422	0.771
0.866	18.416	0.789
0.865	18.407	0.779
0.865	18.405	0.779
0.865	18.399	0.797
0.865	18.386	0.778
0.864	18.380	0.779
0.864	18.378	0.801
0.864	18.367	0.783
0.864	18.369	0.787
0.863	18.365	0.785
0.863	18.351	0.776
0.863	18.354	0.804
0.862	18.342	0.798
0.862	18.340	0.793
0.862	18.328	0.804
0.862	18.326	0.761
0.861	18.324	0.790
0.861	18.318	0.799
0.861	18.307	0.801
0.860	18.302	0.799
0.860	18.298	0.802
0.860	18.290	0.798
0.860	18.293	0.806
0.860	18.284	0.781
0.860	18.274	0.790
0.859	18.271	0.781
0.859	18.267	0.804
0.859	18.259	0.794
0.859	18.260	0.811
0.859	18.252	0.807
0.858	18.250	0.797
0.858	18.244	0.806
0.858	18.241	0.798
0.858	18.237	0.815
0.858	18.227	0.782
0.858	18.230	0.808
0.857	18.227	0.798
0.857	18.221	0.798
0.857	18.213	0.797
0.857	18.207	0.776
0.856	18.203	0.799
0.856	18.191	0.807
0.856	18.189	0.809
0.855	18.186	0.804
0.855	18.170	0.802
0.854	18.169	0.824
0.854	18.155	0.803
0.853	18.125	0.815
0.853	18.140	0.816
0.853	18.134	0.819
0.852	18.128	0.813
0.852	18.114	0.804
0.852	18.109	0.819
0.851	18.103	0.825
0.851	18.097	0.823
0.851	18.088	0.777
0.850	18.082	0.820
0.850	18.065	0.814
0.849	18.058	0.811
0.849	18.057	0.814
0.849	18.051	0.823
0.848	18.041	0.815
0.848	18.038	0.821
0.848	18.028	0.780
0.848	18.021	0.819
0.847	18.009	0.829
0.847	18.006	0.826
0.847	18.000	0.829
0.847	17.988	0.825
0.846	17.983	0.823
0.846	17.977	0.808
0.845	17.958	0.789
0.845	17.952	0.830
0.845	17.943	0.811
0.845	17.944	0.831
0.844	17.931	0.845
0.844	17.933	0.824
0.844	17.927	0.829
0.844	17.920	0.848
0.843	17.908	0.827
0.843	17.905	0.837
0.843	17.900	0.810
0.843	17.891	0.842
0.842	17.884	0.849
0.842	17.875	0.839
0.842	17.871	0.839
0.841	17.856	0.831
0.841	17.851	0.804
0.841	17.849	0.850
0.840	17.833	0.838
0.840	17.829	0.825
0.840	17.822	0.839
0.839	17.807	0.837
0.839	17.808	0.843
0.839	17.803	0.844
0.838	17.794	0.857
0.838	17.786	0.806
0.838	17.778	0.847
0.838	17.779	0.857
0.838	17.772	0.845
0.837	17.768	0.851
0.837	17.763	0.852
0.837	17.761	0.863
0.837	17.753	0.849
0.837	17.756	0.860
0.836	17.746	0.802
0.836	17.740	0.860
0.836	17.736	0.821
0.835	17.727	0.851
0.835	17.719	0.851
0.835	17.721	0.853
0.835	17.710	0.854
0.834	17.674	0.807
0.834	17.687	0.821
0.834	17.671	0.860
0.833	17.680	0.800
0.833	17.688	0.847
0.833	17.643	0.839
0.832	17.658	0.856
0.832	17.648	0.820
0.832	17.641	0.829
0.832	17.646	0.831
0.831	17.637	0.858
0.831	17.629	0.853
0.831	17.609	0.851
0.830	17.559	0.826
0.830	17.615	0.818
0.830	17.613	0.824
0.830	17.615	0.852
0.829	17.612	0.859
0.829	17.609	0.869
0.829	17.603	0.856
0.829	17.595	0.852
0.828	17.585	0.862
0.828	17.576	0.848
0.828	17.566	0.863
0.827	17.555	0.863
0.827	17.550	0.863
0.827	17.545	0.879
0.826	17.535	0.878
0.826	17.537	0.857
0.826	17.531	0.858
0.826	17.520	0.885
0.825	17.518	0.864
0.825	17.508	0.872
0.825	17.504	0.870
0.825	17.499	0.847
0.825	17.497	0.882
0.824	17.492	0.892
0.824	17.489	0.874
0.824	17.478	0.862
0.824	17.479	0.840
0.824	17.476	0.862
0.824	17.468	0.866
0.823	17.465	0.880
0.823	17.457	0.880
0.823	17.450	0.871
0.823	17.449	0.869
0.823	17.442	0.875
0.823	17.436	0.853
0.822	17.437	0.879
0.822	17.430	0.890
0.822	17.426	0.879
0.822	17.421	0.871
0.822	17.418	0.879
0.822	17.415	0.862
0.821	17.408	0.865
0.821	17.408	0.884
0.821	17.404	0.881
0.821	17.401	0.880
0.820	17.388	0.863
0.820	17.391	0.884
0.820	17.383	0.874
0.820	17.374	0.849
0.819	17.374	0.880
0.819	17.368	0.883
0.819	17.350	0.889
0.819	17.344	0.886
0.818	17.341	0.881
0.818	17.333	0.874
0.818	17.336	0.876
0.818	17.329	0.884
0.818	17.325	0.849
0.817	17.319	0.869
0.817	17.321	0.897
0.817	17.316	0.881
0.817	17.314	0.902
0.817	17.308	0.879
0.817	17.304	0.882
0.816	17.301	0.891
0.816	17.291	0.888
0.816	17.292	0.885
0.816	17.286	0.887
0.815	17.277	0.877
0.815	17.274	0.895
0.815	17.265	0.873
0.814	17.261	0.884
0.814	17.259	0.889
0.814	17.253	0.902
0.814	17.243	0.902
0.813	17.242	0.882
0.813	17.232	0.884
0.813	17.227	0.899
0.812	17.219	0.899
0.812	17.212	0.902
0.812	17.209	0.901
0.811	17.202	0.868
0.811	17.190	0.894
0.811	17.195	0.902
0.811	17.189	0.904
0.810	17.175	0.900
0.810	17.173	0.908
0.810	17.167	0.894
0.809	17.161	0.862
0.809	17.155	0.893
0.808	17.144	0.899
0.808	17.134	0.887
0.808	17.134	0.887
0.808	17.124	0.911
0.807	17.115	0.912
0.807	17.111	0.931
0.806	17.089	0.899
0.806	17.083	0.882
0.805	17.075	0.916
0.805	17.066	0.919
0.805	17.055	0.907
0.804	17.034	0.921
0.804	17.041	0.908
0.804	16.833	0.796
0.803	16.820	0.913
0.803	17.002	0.896
0.803	17.007	0.899
0.802	16.994	0.920
0.802	16.998	0.921
0.802	16.987	0.914
0.802	16.980	0.931
0.801	16.978	0.927
0.801	16.970	0.919
0.801	16.958	0.914
0.800	16.956	0.917
0.800	16.946	0.922
0.800	16.934	0.914
0.799	16.932	0.921
0.799	16.918	0.924
0.799	16.913	0.945
0.798	16.893	0.905
0.797	16.879	0.945
0.797	16.873	0.930
0.797	16.865	0.922
0.796	16.850	0.936
0.796	16.844	0.890
0.795	16.833	0.941
0.795	16.822	0.941
0.794	16.821	0.939
0.794	16.813	0.934
0.794	16.806	0.924
0.794	16.802	0.947
0.793	16.797	0.927
0.793	16.789	0.958
0.793	16.785	0.938
0.792	16.772	0.936
0.792	16.763	0.951
0.791	16.758	0.944
0.791	16.746	0.950
0.791	16.746	0.965
0.790	16.738	0.949
0.790	16.731	0.941
0.790	16.723	0.925
0.790	16.719	0.941
0.789	16.703	0.945
0.789	16.714	0.960
0.789	16.707	0.946
0.788	16.704	0.956
0.788	16.697	0.949
0.788	16.691	0.954
0.788	16.685	0.959
0.787	16.679	0.948
0.787	16.673	0.959
0.787	16.667	0.926
0.787	16.664	0.957
0.787	16.650	0.937
0.786	16.648	0.962
0.786	16.641	0.956
0.786	16.635	0.959
0.786	16.633	0.952
0.785	16.629	0.946
0.785	16.624	0.963
0.785	16.619	0.967
0.785	16.616	0.961
0.785	16.609	0.954
0.785	16.609	0.952
0.784	16.605	0.956
0.784	16.603	0.967
0.784	16.598	0.958
0.784	16.594	0.958
0.784	16.590	0.961
0.784	16.582	0.954
0.783	16.574	0.959
0.783	16.570	0.954
0.783	16.566	0.962
0.782	16.550	0.961
0.782	16.545	0.948
0.782	16.545	0.958
0.782	16.541	0.970
0.781	16.535	0.970
0.781	16.529	0.962
0.781	16.527	0.947
0.781	16.522	0.954
0.781	16.517	0.962
0.781	16.505	0.964
0.781	16.506	0.973
0.780	16.499	0.970
0.780	16.500	0.965
0.780	16.493	0.957
0.779	16.479	0.957
0.779	16.477	0.969
0.779	16.474	0.977
0.779	16.456	0.961
0.778	16.461	0.974
0.778	16.460	0.969
0.778	16.455	0.974
0.778	16.450	0.972
0.778	16.436	0.965
0.777	16.438	0.962
0.777	16.436	0.986
0.777	16.430	0.981
0.777	16.430	0.969
0.777	16.430	0.974
0.777	16.423	0.956
0.776	16.424	0.977
0.776	16.418	0.975
0.776	16.412	0.979
0.776	16.413	0.974
0.776	16.410	0.968
0.776	16.406	0.949
0.775	16.400	0.981
0.775	16.391	0.966
0.775	16.382	0.975
0.775	16.381	0.981
0.775	16.371	0.977
0.774	16.360	0.950
0.774	16.357	0.987
0.774	16.350	0.983
0.774	16.352	0.993
0.773	16.342	0.984
0.773	16.334	0.988
0.773	16.338	0.987
0.773	16.332	0.982
0.773	16.332	0.965
0.773	16.333	0.986
0.773	16.332	0.976
0.773	16.329	0.978
0.772	16.331	0.988
0.772	16.320	0.990
0.772	16.319	0.956
0.772	16.320	0.996
0.771	16.313	0.976
0.771	16.306	0.985
0.771	16.303	0.998
0.770	16.293	0.984
0.770	16.295	0.984
0.770	16.293	0.979
0.770	16.286	0.984
0.770	16.285	0.979
0.769	16.275	0.981
0.769	16.271	0.986
0.769	16.267	0.982
0.768	16.255	0.988
0.768	16.244	0.977
0.768	16.242	0.996
0.768	16.237	0.986
0.767	16.235	0.998
0.767	16.224	0.996
0.766	16.189	0.988
0.766	16.200	0.994
0.766	16.191	0.994
0.766	16.181	0.997
0.765	16.185	1.008
0.765	16.184	0.993
0.765	16.179	1.003
0.765	16.180	0.984
0.765	16.177	0.991
0.765	16.170	0.991
0.765	16.171	0.993
0.765	16.171	0.994
0.765	16.166	0.996
0.765	16.166	0.991
0.764	16.162	0.992
0.764	16.154	0.976
0.763	16.142	1.008
0.763	16.140	0.995
0.763	16.133	0.998
0.763	16.126	0.995
0.763	16.127	1.001
0.763	16.128	1.007
0.763	16.128	1.010
0.763	16.122	0.995
0.763	16.126	0.998
0.763	16.123	1.002
0.763	16.116	0.997
0.763	16.117	1.009
0.762	16.108	0.995
0.762	16.107	1.002
0.762	16.100	1.000
0.762	16.097	1.010
0.762	16.091	0.979
0.761	16.083	0.992
0.761	16.071	0.991
0.761	16.076	1.000
0.761	16.071	1.007
0.760	16.059	1.014
0.760	16.054	1.007
0.760	16.049	1.009
0.760	16.042	1.018
0.759	16.040	1.018
0.759	16.039	1.003
0.759	16.030	0.999
0.759	16.035	1.010
0.758	16.028	1.006
0.758	16.026	1.012
0.758	16.022	1.008
0.758	16.018	0.993
0.758	16.008	1.019
0.757	16.000	1.013
0.757	15.998	1.016
0.757	15.992	0.999
0.757	15.989	1.000
0.757	15.983	1.006
0.756	15.977	1.019
0.756	15.969	1.015
0.756	15.957	1.021
0.755	15.954	1.002
0.755	15.952	1.017
0.755	15.945	1.010
0.755	15.944	1.014
0.755	15.944	1.025
0.755	15.935	1.015
0.755	15.934	1.026
0.755	15.931	1.023
0.754	15.930	0.993
0.754	15.925	1.015
0.754	15.921	1.018
0.754	15.923	1.020
0.754	15.922	1.021
0.754	15.916	1.026
0.754	15.917	1.031
0.753	15.914	1.024
0.753	15.906	1.030
0.753	15.908	1.009
0.753	15.908	0.991
0.752	15.897	1.016
0.752	15.892	0.999
0.752	15.893	1.024
0.752	15.885	1.002
0.752	15.880	1.023
0.752	15.877	1.028
0.751	15.868	1.032
0.751	15.866	1.036
0.751	15.860	1.023
0.751	15.857	1.028
0.751	15.851	1.032
0.750	15.840	1.035
0.750	15.837	1.002
0.750	15.835	1.035
0.749	15.819	1.027
0.749	15.818	1.040
0.749	15.810	1.029
0.748	15.802	1.026
0.748	15.798	1.026
0.747	15.795	1.029
0.747	15.788	1.014
0.747	15.781	1.006
0.747	15.778	1.025
0.746	15.769	1.031
0.746	15.763	1.037
0.746	15.753	1.026
0.746	15.759	1.036
0.746	15.756	1.033
0.745	15.743	1.027
0.745	15.738	1.048
0.745	15.733	1.028
0.745	15.735	1.040
0.745	15.733	1.036
0.745	15.725	1.031
0.744	15.716	1.009
0.744	15.712	1.046
0.744	15.707	1.039
0.743	15.705	1.037
0.743	15.693	1.040
0.742	15.678	1.030
0.742	15.680	1.046
0.742	15.669	1.042
0.741	15.652	1.009
0.741	15.643	1.049
0.741	15.635	1.049
0.741	15.622	1.040
0.740	15.614	1.050
0.740	15.602	1.053
0.740	15.597	1.031
0.739	15.595	1.050
0.739	15.591	1.056
0.739	15.588	1.039
0.738	15.576	1.055
0.738	15.571	1.053
0.738	15.563	1.054
0.737	15.558	1.059
0.737	15.547	1.045
0.737	15.537	1.023
0.737	15.534	1.060
0.737	15.529	1.056
0.736	15.528	1.064
0.736	15.517	1.049
0.736	15.513	1.067
0.736	15.512	1.059
0.736	15.511	1.057
0.735	15.505	1.054
0.735	15.501	1.064
0.735	15.495	1.063
0.735	15.495	1.030
0.734	15.488	1.062
0.734	15.482	1.014
0.734	15.478	1.058
0.734	15.476	1.056
0.734	15.471	1.063
0.733	15.470	1.059
0.733	15.469	1.069
0.733	15.459	1.062
0.733	15.460	1.060
0.733	15.454	1.060
0.733	15.452	1.065
0.733	15.449	1.062
0.732	15.445	1.065
0.731	15.425	1.032
0.731	15.421	1.036
0.731	15.415	1.060
0.731	15.408	1.060
0.731	15.408	1.055
0.730	15.397	1.078
0.730	15.398	1.077
0.730	15.395	1.074
0.730	15.388	1.077
0.729	15.388	1.068
0.729	15.388	1.063
0.729	15.383	1.081
0.729	15.382	1.072
0.728	15.377	1.081
0.728	15.371	1.058
0.728	15.364	1.048
0.728	15.357	1.075
0.727	15.347	1.081
0.727	15.337	1.062
0.727	15.328	1.068
0.726	15.324	1.084
0.726	15.322	1.073
0.726	15.315	1.072
0.725	15.313	1.075
0.725	15.305	1.054
0.724	15.285	1.088
0.724	15.297	1.081
0.724	15.291	1.074
0.724	15.283	1.081
0.723	15.069	0.964
0.723	15.195	1.081
0.723	15.252	1.075
0.722	15.244	1.059
0.722	15.238	1.084
0.722	15.235	1.085
0.722	15.234	1.090
0.722	15.224	1.094
0.722	15.230	1.088
0.721	15.217	1.064
0.721	15.218	1.088
0.721	15.215	1.083
0.721	15.216	1.083
0.721	15.206	1.067
0.721	15.200	1.073
0.720	15.190	1.090
0.720	15.184	1.077
0.720	15.180	1.099
0.720	15.167	1.099
0.720	15.170	1.077
0.720	15.165	1.097
0.719	15.152	1.095
0.719	15.145	1.096
0.718	15.138	1.104
0.718	15.129	1.099
0.718	15.128	1.064
0.718	15.123	1.097
0.717	15.119	1.066
0.717	15.113	1.092
0.717	15.111	1.086
0.717	15.107	1.104
0.717	15.101	1.105
0.716	15.096	1.092
0.716	15.093	1.083
0.716	15.087	1.104
0.716	15.077	1.093
0.715	15.074	1.065
0.715	15.070	1.101
0.715	15.062	1.093
0.715	15.063	1.101
0.714	15.055	1.101
0.714	15.052	1.100
0.714	15.047	1.108
0.714	15.044	1.091
0.713	15.034	1.104
0.713	15.027	1.106
0.713	15.023	1.094
0.713	15.017	1.111
0.712	15.005	1.100
0.712	15.001	1.102
0.712	14.998	1.085
0.712	14.992	1.106
0.712	14.992	1.110
0.712	14.990	1.113
0.711	14.984	1.110
0.711	14.974	1.095
0.711	14.976	1.107
0.711	14.974	1.121
0.711	14.968	1.112
0.711	14.968	1.108
0.711	14.960	1.108
0.710	14.962	1.108
0.710	14.962	1.112
0.710	14.963	1.113
0.710	14.958	1.129
0.710	14.955	1.104
0.710	14.947	1.123
0.709	14.942	1.108
0.709	14.930	1.112
0.709	14.931	1.120
0.709	14.928	1.116
0.708	14.923	1.107
0.708	14.913	1.120
0.708	14.909	1.119
0.707	14.906	1.116
0.707	14.895	1.121
0.707	14.895	1.098
0.706	14.887	1.121
0.706	14.874	1.126
0.706	14.867	1.116
0.706	14.866	1.129
0.705	14.861	1.128
0.705	14.860	1.122
0.705	14.853	1.122
0.705	14.846	1.099
0.704	14.844	1.123
0.704	14.843	1.125
0.704	14.840	1.128
0.704	14.836	1.120
0.704	14.829	1.101
0.703	14.829	1.128
0.703	14.829	1.120
0.703	14.821	1.111
0.703	14.818	1.127
0.703	14.816	1.134
0.703	14.807	1.125
0.702	14.797	1.130
0.702	14.792	1.125
0.702	14.783	1.123
0.702	14.782	1.129
0.701	14.777	1.121
0.701	14.762	1.124
0.701	14.758	1.120
0.701	14.757	1.139
0.700	14.752	1.135
0.700	14.749	1.135
0.700	14.739	1.119
0.700	14.740	1.131
0.700	14.731	1.138
0.699	14.721	1.147
0.699	14.717	1.111
0.699	14.710	1.128
0.699	14.701	1.140
0.698	14.703	1.125
0.698	14.693	1.132
0.697	14.682	1.133
0.697	14.674	1.141
0.697	14.673	1.147
0.697	14.669	1.113
0.697	14.669	1.144
0.697	14.658	1.139
0.696	14.647	1.122
0.696	14.649	1.144
0.696	14.636	1.139
0.696	14.640	1.145
0.695	14.634	1.147
0.695	14.624	1.142
0.695	14.623	1.149
0.694	14.620	1.143
0.694	14.607	1.141
0.694	14.597	1.142
0.693	14.591	1.124
0.693	14.589	1.110
0.693	14.587	1.152
0.693	14.577	1.143
0.693	14.572	1.141
0.693	14.566	1.146
0.693	14.562	1.148
0.693	14.563	1.145
0.692	14.556	1.146
0.692	14.546	1.145
0.692	14.546	1.147
0.691	14.541	1.141
0.691	14.529	1.113
0.691	14.533	1.149
0.691	14.525	1.127
0.691	14.524	1.110
0.690	14.517	1.152
0.690	14.513	1.147
0.689	14.500	1.158
0.689	14.499	1.156
0.689	14.492	1.164
0.689	14.490	1.147
0.689	14.487	1.150
0.688	14.479	1.141
0.688	14.474	1.133
0.687	14.467	1.154
0.687	14.455	1.170
0.686	14.451	1.157
0.686	14.447	1.153
0.686	14.443	1.159
0.686	14.437	1.159
0.686	14.429	1.158
0.685	14.425	1.151
0.685	14.414	1.140
0.685	14.410	1.161
0.685	14.407	1.163
0.684	14.400	1.160
0.684	14.395	1.153
0.684	14.396	1.171
0.684	14.389	1.159
0.684	14.375	1.164
0.683	14.374	1.175
0.683	14.368	1.162
0.683	14.365	1.159
0.682	14.358	1.144
0.682	14.355	1.172
0.682	14.338	1.131
0.682	14.340	1.160
0.682	14.343	1.171
0.682	14.338	1.175
0.682	14.333	1.156
0.681	14.322	1.166
0.681	14.317	1.160
0.681	14.314	1.167
0.681	14.308	1.178
0.680	14.309	1.166
0.680	14.306	1.164
0.679	14.290	1.180
0.679	14.284	1.172
0.679	14.287	1.164
0.679	14.280	1.167
0.679	14.268	1.176
0.679	14.260	1.180
0.679	14.257	1.145
0.678	14.252	1.174
0.678	14.250	1.184
0.678	14.247	1.176
0.678	14.242	1.166
0.677	14.235	1.184
0.677	14.234	1.176
0.677	14.228	1.176
0.677	14.220	1.170
0.677	14.221	1.172
0.676	14.220	1.177
0.676	14.219	1.174
0.676	14.215	1.187
0.676	14.209	1.169
0.676	14.203	1.172
0.675	14.194	1.185
0.675	14.187	1.186
0.675	14.177	1.155
0.674	14.171	1.184
0.674	14.171	1.181
0.674	14.163	1.192
0.674	14.157	1.186
0.674	14.149	1.190
0.673	14.142	1.187
0.673	14.142	1.188
0.673	14.134	1.182
0.673	14.134	1.183
0.673	14.126	1.193
0.672	14.120	1.165
0.672	14.121	1.190
0.672	14.121	1.180
0.672	14.112	1.190
0.671	14.101	1.173
0.671	14.103	1.194
0.671	14.099	1.157
0.671	14.098	1.194
0.671	14.090	1.196
0.671	14.085	1.190
0.670	14.080	1.201
0.670	14.078	1.197
0.670	14.073	1.204
0.670	14.067	1.191
0.670	14.054	1.162
0.670	14.057	1.189
0.670	14.054	1.197
0.669	14.042	1.193
0.669	14.040	1.196
0.669	14.038	1.199
0.669	14.034	1.214
0.668	14.027	1.196
0.668	14.023	1.197
0.668	14.020	1.189
0.668	14.019	1.218
0.667	14.013	1.194
0.667	14.008	1.190
0.667	14.002	1.210
0.666	13.991	1.202
0.666	13.990	1.209
0.665	13.985	1.207
0.665	13.975	1.215
0.665	13.970	1.202
0.665	13.968	1.204
0.664	13.959	1.214
0.664	13.960	1.214
0.664	13.953	1.213
0.664	13.941	1.215
0.663	13.931	1.182
0.663	13.923	1.199
0.662	13.919	1.207
0.662	13.912	1.212
0.662	13.911	1.210
0.662	13.906	1.209
0.661	13.902	1.207
0.661	13.892	1.201
0.661	13.895	1.213
0.660	13.885	1.218
0.660	13.879	1.173
0.660	13.877	1.213
0.660	13.870	1.198
0.659	13.866	1.189
0.659	13.859	1.225
0.659	13.856	1.218
0.659	13.852	1.224
0.658	13.845	1.216
0.658	13.835	1.218
0.658	13.834	1.227
0.657	13.825	1.210
0.657	13.810	1.172
0.657	13.804	1.220
0.656	13.782	1.224
0.656	13.772	1.223
0.656	13.766	1.189
0.656	13.762	1.220
0.655	13.760	1.192
0.655	13.756	1.221
0.655	13.748	1.227
0.654	13.737	1.224
0.654	13.732	1.227
0.654	13.721	1.230
0.653	13.717	1.221
0.653	13.710	1.228
0.653	13.699	1.205
0.653	13.691	1.202
0.652	13.685	1.230
0.652	13.676	1.225
0.652	13.670	1.215
0.651	13.655	1.241
0.651	13.646	1.218
0.651	13.647	1.231
0.650	13.642	1.240
0.650	13.634	1.243
0.650	13.622	1.241
0.649	13.612	1.246
0.649	13.608	1.241
0.649	13.604	1.237
0.649	13.596	1.243
0.649	13.596	1.235
0.648	13.584	1.241
0.648	13.579	1.190
0.648	13.577	1.245
0.647	13.569	1.233
0.647	13.563	1.250
0.647	13.557	1.250
0.646	13.555	1.247
0.646	13.550	1.244
0.646	13.551	1.247
0.646	13.550	1.250
0.646	13.545	1.240
0.645	13.536	1.247
0.645	13.522	1.229
0.644	13.516	1.230
0.644	13.508	1.235
0.643	13.495	1.251
0.642	13.481	1.229
0.642	13.478	1.255
0.642	13.473	1.243
0.642	13.474	1.220
0.642	13.473	1.252
0.642	13.412	1.120
0.642	13.302	1.217
0.641	13.445	1.221
0.641	13.447	1.228
0.641	13.445	1.248
0.640	13.438	1.260
0.640	13.437	1.245
0.640	13.438	1.258
0.640	13.417	1.251
0.639	13.397	1.234
0.639	13.389	1.261
0.639	13.397	1.259
0.639	13.393	1.260
0.638	13.385	1.263
0.638	13.379	1.260
0.638	13.376	1.249
0.638	13.369	1.255
0.638	13.367	1.254
0.638	13.369	1.261
0.638	13.364	1.264
0.637	13.360	1.258
0.637	13.352	1.284
0.636	13.339	1.241
0.636	13.339	1.280
0.636	13.332	1.276
0.636	13.327	1.265
0.636	13.323	1.276
0.636	13.322	1.269
0.636	13.318	1.276
0.636	13.320	1.273
0.635	13.311	1.261
0.635	13.307	1.263
0.635	13.308	1.277
0.635	13.301	1.267
0.635	13.302	1.265
0.635	13.296	1.278
0.634	13.275	1.255
0.633	13.268	1.267
0.633	13.259	1.269
0.632	13.251	1.271
0.632	13.236	1.280
0.632	13.227	1.265
0.631	13.209	1.284
0.630	13.204	1.275
0.630	13.201	1.279
0.630	13.192	1.284
0.629	13.183	1.278
0.629	13.167	1.265
0.628	13.162	1.273
0.629	13.164	1.279
0.628	13.158	1.282
0.628	13.158	1.278
0.628	13.155	1.279
0.628	13.148	1.292
0.627	13.139	1.280
0.627	13.118	1.293
0.626	13.112	1.291
0.626	13.111	1.292
0.626	13.113	1.299
0.626	13.108	1.298
0.626	13.109	1.283
0.626	13.098	1.270
0.626	13.097	1.292
0.626	13.095	1.287
0.626	13.092	1.300
0.626	13.095	1.291
0.625	13.091	1.282
0.625	13.088	1.296
0.625	13.090	1.282
0.625	13.090	1.287
0.625	13.083	1.279
0.625	13.079	1.290
0.624	13.075	1.293
0.624	13.074	1.249
0.624	13.075	1.277
0.624	13.073	1.277
0.624	13.072	1.286
0.624	13.067	1.279
0.624	13.068	1.276
0.624	13.071	1.286
0.624	13.071	1.273
0.624	13.066	1.269
0.624	13.066	1.259
0.623	13.063	1.270
0.623	13.058	1.247
0.623	13.061	1.277
0.623	13.057	1.256
0.623	13.055	1.256
0.623	13.056	1.261
0.622	13.053	1.256
0.622	13.051	1.258
0.622	13.045	1.260
0.622	13.046	1.251
0.621	13.039	1.250
0.620	13.021	1.257
0.621	13.020	1.255
0.621	13.023	1.253
0.620	13.014	1.250
0.620	13.007	1.243
0.620	13.008	1.252
0.620	13.000	1.253
0.619	12.988	1.221
0.619	12.992	1.246
0.619	12.983	1.248
0.618	12.970	1.256
0.618	12.962	1.245
0.618	12.964	1.248
0.618	12.954	1.221
0.617	12.946	1.251
0.617	12.938	1.247
0.617	12.924	1.233
0.616	12.913	1.242
0.616	12.904	1.250
0.616	12.893	1.250
0.616	12.886	1.239
0.616	12.877	1.258
0.615	12.876	1.250
0.615	12.870	1.242
0.615	12.859	1.264
0.615	12.858	1.247
0.614	12.853	1.249
0.614	12.847	1.242
0.614	12.840	1.256
0.614	12.838	1.262
0.613	12.831	1.247
0.613	12.828	1.262
0.613	12.824	1.255
0.613	12.816	1.249
0.613	12.812	1.252
0.613	12.808	1.243
0.612	12.803	1.263
0.612	12.796	1.264
0.612	12.784	1.241
0.611	12.779	1.272
0.611	12.777	1.272
0.611	12.772	1.260
0.611	12.767	1.257
0.610	12.758	1.260
0.610	12.751	1.224
0.610	12.754	1.276
0.610	12.753	1.266
0.610	12.753	1.246
0.610	12.753	1.275
0.610	12.753	1.248
0.610	12.748	1.259
0.610	12.734	1.264
0.610	12.735	1.271
0.610	12.736	1.262
0.609	12.734	1.258
0.609	12.722	1.277
0.609	12.723	1.265
0.609	12.719	1.266
0.608	12.712	1.263
0.608	12.711	1.273
0.608	12.707	1.271
0.608	12.697	1.240
0.607	12.695	1.279
0.607	12.691	1.241
0.607	12.685	1.267
0.607	12.677	1.278
0.606	12.666	1.270
0.606	12.666	1.277
0.606	12.667	1.273
0.606	12.665	1.268
0.606	12.662	1.267
0.605	12.650	1.279
0.605	12.643	1.276
0.605	12.638	1.255
0.604	12.632	1.269
0.604	12.628	1.259
0.604	12.620	1.269
0.603	12.617	1.290
0.603	12.614	1.269
0.603	12.610	1.289
0.603	12.602	1.277
0.602	12.594	1.281
0.602	12.594	1.278
0.602	12.583	1.272
0.601	12.579	1.261
0.601	12.575	1.282
0.601	12.568	1.277
0.600	12.565	1.280
0.600	12.559	1.275
0.600	12.552	1.295
0.599	12.549	1.282
0.599	12.538	1.286
0.598	12.526	1.290
0.598	12.514	1.255
0.598	12.502	1.279
0.597	12.493	1.286
0.597	12.483	1.292
0.596	12.465	1.283
0.596	12.463	1.290
0.596	12.456	1.299
0.596	12.446	1.304
0.595	12.439	1.308
0.595	12.431	1.310
0.595	12.424	1.263
0.595	12.417	1.309
0.594	12.412	1.297
0.594	12.405	1.290
0.594	12.398	1.295
0.593	12.382	1.300
0.593	12.378	1.297
0.593	12.367	1.298
0.593	12.360	1.294
0.592	12.356	1.308
0.592	12.349	1.315
0.592	12.334	1.275
0.591	12.328	1.306
0.591	12.328	1.310
0.591	12.324	1.296
0.591	12.320	1.298
0.591	12.316	1.323
0.591	12.308	1.311
0.590	12.296	1.314
0.590	12.285	1.321
0.590	12.282	1.289
0.590	12.278	1.306
0.589	12.273	1.316
0.589	12.271	1.302
0.589	12.267	1.312
0.589	12.261	1.299
0.588	12.257	1.316
0.588	12.248	1.322
0.588	12.237	1.305
0.587	12.231	1.338
0.587	12.222	1.289
0.587	12.220	1.329
0.587	12.213	1.320
0.587	12.204	1.326
0.586	12.197	1.327
0.586	12.196	1.312
0.586	12.186	1.329
0.586	12.187	1.330
0.585	12.184	1.336
0.585	12.182	1.294
0.585	12.180	1.335
0.585	12.180	1.330
0.585	12.181	1.320
0.585	12.178	1.322
0.585	12.169	1.307
0.584	12.163	1.292
0.584	12.163	1.335
0.583	12.152	1.333
0.583	12.152	1.322
0.583	12.147	1.311
0.583	12.144	1.325
0.583	12.142	1.335
0.582	12.137	1.316
0.582	12.128	1.330
0.582	12.121	1.329
0.582	12.116	1.343
0.581	12.115	1.352
0.581	12.115	1.321
0.581	12.108	1.351
0.581	12.106	1.343
0.580	12.097	1.291
0.580	12.093	1.325
0.580	12.091	1.346
0.580	12.088	1.331
0.579	12.083	1.323
0.579	12.080	1.360
0.579	12.069	1.351
0.578	12.058	1.342
0.578	12.053	1.359
0.578	12.048	1.336
0.577	12.042	1.330
0.577	12.030	1.348
0.577	12.019	1.347
0.576	12.005	1.350
0.576	12.001	1.368
0.576	11.990	1.341
0.575	11.981	1.330
0.575	11.979	1.352
0.575	11.971	1.354
0.575	11.967	1.344
0.574	11.957	1.357
0.574	11.948	1.352
0.574	11.943	1.351
0.574	11.935	1.355
0.573	11.927	1.341
0.573	11.925	1.361
0.573	11.920	1.355
0.573	11.916	1.338
0.573	11.912	1.362
0.572	11.899	1.363
0.572	11.889	1.382
0.572	11.887	1.359
0.572	11.879	1.362
0.572	11.871	1.358
0.571	11.858	1.352
0.571	11.851	1.367
0.571	11.850	1.368
0.571	11.847	1.356
0.570	11.836	1.368
0.570	11.835	1.349
0.570	11.830	1.363
0.570	11.830	1.335
0.570	11.827	1.362
0.570	11.824	1.368
0.569	11.816	1.362
0.569	11.804	1.328
0.569	11.799	1.371
0.569	11.797	1.370
0.568	11.794	1.364
0.568	11.789	1.366
0.568	11.779	1.368
0.567	11.767	1.378
0.567	11.760	1.365
0.567	11.755	1.388
0.567	11.751	1.359
0.567	11.752	1.391
0.567	11.752	1.372
0.567	11.745	1.378
0.566	11.738	1.382
0.566	11.735	1.383
0.566	11.733	1.374
0.566	11.728	1.353
0.566	11.724	1.375
0.566	11.724	1.361
0.565	11.715	1.374
0.565	11.714	1.375
0.565	11.712	1.368
0.565	11.713	1.396
0.565	11.709	1.334
0.564	11.710	1.359
0.564	11.574	1.245
0.564	11.657	1.354
0.563	11.695	1.366
0.563	11.694	1.373
0.563	11.687	1.389
0.563	11.681	1.383
0.562	11.674	1.388
0.562	11.668	1.385
0.562	11.660	1.400
0.561	11.655	1.378
0.561	11.650	1.389
0.561	11.647	1.399
0.560	11.641	1.395
0.560	11.624	1.390
0.560	11.630	1.391
0.559	11.625	1.378
0.559	11.617	1.371
0.559	11.616	1.402
0.559	11.612	1.384
0.559	11.611	1.394
0.559	11.608	1.389
0.558	11.604	1.381
0.558	11.601	1.401
0.558	11.598	1.387
0.558	11.594	1.399
0.558	11.589	1.384
0.558	11.589	1.390
0.558	11.585	1.398
0.558	11.583	1.397
0.557	11.575	1.397
0.557	11.567	1.360
0.557	11.566	1.392
0.556	11.559	1.392
0.556	11.550	1.399
0.556	11.551	1.403
0.556	11.541	1.397
0.556	11.531	1.405
0.555	11.530	1.400
0.555	11.526	1.396
0.555	11.526	1.415
0.555	11.526	1.407
0.555	11.525	1.401
0.555	11.518	1.396
0.555	11.514	1.398
0.554	11.506	1.399
0.554	11.504	1.413
0.554	11.501	1.403
0.554	11.493	1.390
0.554	11.491	1.400
0.553	11.480	1.405
0.553	11.471	1.395
0.553	11.469	1.410
0.553	11.467	1.401
0.553	11.460	1.356
0.552	11.449	1.384
0.552	11.444	1.401
0.552	11.441	1.411
0.552	11.437	1.400
0.552	11.424	1.405
0.551	11.420	1.411
0.551	11.417	1.413
0.551	11.410	1.411
0.551	11.402	1.407
0.550	11.393	1.409
0.550	11.390	1.420
0.550	11.386	1.409
0.550	11.377	1.414
0.550	11.371	1.391
0.549	11.362	1.419
0.549	11.355	1.425
0.549	11.349	1.415
0.549	11.346	1.404
0.549	11.343	1.407
0.548	11.340	1.377
0.548	11.336	1.419
0.548	11.329	1.417
0.548	11.330	1.417
0.548	11.324	1.415
0.547	11.318	1.411
0.547	11.317	1.422
0.547	11.312	1.414
0.547	11.300	1.425
0.546	11.294	1.425
0.546	11.294	1.427
0.546	11.290	1.397
0.546	11.287	1.418
0.546	11.283	1.428
0.546	11.282	1.415
0.546	11.278	1.420
0.545	11.270	1.428
0.545	11.269	1.417
0.545	11.261	1.430
0.545	11.255	1.422
0.545	11.253	1.422
0.544	11.247	1.406
0.544	11.241	1.430
0.544	11.237	1.426
0.543	11.227	1.424
0.543	11.227	1.433
0.543	11.225	1.427
0.543	11.224	1.406
0.543	11.224	1.435
0.543	11.219	1.437
0.543	11.215	1.416
0.542	11.211	1.426
0.542	11.206	1.409
0.542	11.198	1.433
0.542	11.196	1.428
0.542	11.190	1.427
0.541	11.187	1.422
0.541	11.187	1.423
0.541	11.182	1.440
0.541	11.178	1.435
0.541	11.177	1.412
0.540	11.177	1.422
0.540	11.175	1.429
0.540	11.175	1.433
0.540	11.173	1.424
0.540	11.170	1.432
0.540	11.166	1.417
0.539	11.161	1.428
0.539	11.156	1.431
0.539	11.152	1.435
0.539	11.147	1.422
0.539	11.148	1.423
0.538	11.145	1.432
0.538	11.142	1.432
0.538	11.139	1.432
0.538	11.135	1.431
0.537	11.129	1.447
0.537	11.125	1.444
0.537	11.122	1.439
0.537	11.110	1.442
0.536	11.106	1.439
0.536	11.105	1.410
0.536	11.101	1.434
0.536	11.093	1.422
0.536	11.086	1.439
0.536	11.084	1.434
0.535	11.079	1.436
0.535	11.073	1.436
0.535	11.067	1.422
0.534	11.063	1.443
0.534	11.052	1.436
0.534	11.048	1.435
0.533	11.042	1.440
0.533	11.029	1.450
0.533	11.022	1.449
0.532	11.015	1.446
0.532	11.009	1.445
0.532	11.000	1.442
0.532	10.991	1.447
0.532	10.986	1.455
0.531	10.981	1.427
0.531	10.973	1.457
0.531	10.970	1.451
0.530	10.962	1.441
0.530	10.955	1.443
0.530	10.952	1.456
0.530	10.946	1.446
0.530	10.937	1.463
0.529	10.932	1.448
0.529	10.925	1.449
0.529	10.910	1.422
0.528	10.902	1.469
0.528	10.890	1.449
0.528	10.882	1.448
0.528	10.877	1.458
0.527	10.873	1.473
0.527	10.868	1.477
0.527	10.865	1.460
0.527	10.856	1.455
0.527	10.854	1.478
0.526	10.850	1.462
0.526	10.841	1.461
0.526	10.844	1.457
0.526	10.838	1.461
0.525	10.820	1.447
0.525	10.820	1.463
0.525	10.815	1.446
0.525	10.809	1.474
0.525	10.804	1.443
0.525	10.799	1.479
0.524	10.792	1.458
0.524	10.786	1.468
0.524	10.773	1.467
0.524	10.772	1.470
0.523	10.769	1.465
0.523	10.764	1.464
0.523	10.764	1.458
0.523	10.762	1.473
0.522	10.754	1.469
0.522	10.748	1.460
0.522	10.745	1.449
0.522	10.738	1.467
0.521	10.735	1.477
0.521	10.730	1.473
0.521	10.729	1.458
0.521	10.727	1.484
0.521	10.722	1.470
0.520	10.718	1.479
0.520	10.716	1.470
0.520	10.711	1.470
0.520	10.708	1.471
0.519	10.704	1.455
0.519	10.701	1.453
0.519	10.699	1.469
0.519	10.701	1.475
0.519	10.694	1.473
0.518	10.692	1.464
0.518	10.684	1.465
0.518	10.679	1.480
0.518	10.678	1.464
0.517	10.668	1.473
0.517	10.666	1.471
0.517	10.661	1.470
0.517	10.657	1.478
0.517	10.654	1.464
0.516	10.646	1.469
0.516	10.643	1.478
0.516	10.637	1.469
0.516	10.631	1.480
0.516	10.620	1.475
0.515	10.617	1.487
0.515	10.614	1.467
0.515	10.610	1.481
0.515	10.605	1.472
0.514	10.600	1.473
0.514	10.595	1.490
0.514	10.590	1.455
0.514	10.588	1.486
0.514	10.588	1.471
0.514	10.586	1.475
0.513	10.582	1.470
0.513	10.572	1.484
0.513	10.564	1.464
0.512	10.558	1.482
0.512	10.551	1.482
0.512	10.548	1.492
0.512	10.540	1.493
0.511	10.525	1.485
0.511	10.519	1.510
0.511	10.510	1.474
0.511	10.497	1.481
0.510	10.491	1.495
0.510	10.485	1.494
0.510	10.477	1.457
0.509	10.472	1.472
0.509	10.465	1.505
0.509	10.457	1.501
0.508	10.443	1.490
0.508	10.431	1.456
0.508	10.429	1.497
0.507	10.422	1.493
0.507	10.411	1.495
0.507	10.409	1.502
0.507	10.402	1.498
0.506	10.397	1.497
0.506	10.387	1.479
0.506	10.377	1.505
0.505	10.367	1.504
0.505	10.360	1.503
0.505	10.354	1.489
0.505	10.352	1.493
0.504	10.339	1.500
0.504	10.336	1.511
0.504	10.332	1.491
0.504	10.332	1.503
0.503	10.326	1.506
0.503	10.322	1.511
0.503	10.317	1.511
0.503	10.312	1.484
0.502	10.299	1.505
0.502	10.296	1.513
0.502	10.290	1.512
0.502	10.288	1.512
0.502	10.284	1.506
0.501	10.281	1.499
0.501	10.278	1.503
0.501	10.270	1.486
0.501	10.267	1.508
0.500	10.262	1.511
0.500	10.254	1.503
0.500	10.250	1.511
0.499	10.246	1.505
0.499	10.238	1.511
0.499	10.237	1.514
0.499	10.231	1.497
0.498	10.228	1.475
0.498	10.222	1.504
0.498	10.218	1.513
0.498	10.214	1.488
0.497	10.209	1.495
0.497	10.202	1.508
0.497	10.199	1.504
0.497	10.197	1.514
0.497	10.192	1.519
0.496	10.193	1.518
0.496	10.189	1.516
0.496	10.179	1.518
0.496	10.179	1.508
0.496	10.173	1.511
0.495	10.169	1.518
0.495	10.160	1.506
0.495	10.159	1.511
0.495	10.150	1.500
0.495	10.147	1.510
0.494	10.142	1.514
0.494	10.141	1.509
0.494	10.136	1.510
0.493	10.123	1.525
0.493	10.117	1.518
0.492	10.103	1.515
0.492	10.091	1.536
0.492	10.085	1.523
0.491	10.076	1.533
0.491	10.071	1.515
0.491	10.063	1.534
0.490	10.050	1.534
0.490	10.035	1.502
0.490	10.022	1.513
0.489	10.017	1.525
0.489	10.007	1.545
0.489	9.995	1.536
0.488	9.987	1.532
0.488	9.986	1.528
0.488	9.982	1.525
0.488	9.973	1.510
0.487	9.964	1.525
0.487	9.961	1.522
0.487	9.958	1.540
0.487	9.953	1.543
0.486	9.917	1.529
0.486	9.938	1.539
0.485	9.916	1.539
0.485	9.910	1.538
0.485	9.911	1.542
0.485	9.905	1.547
0.485	9.895	1.548
0.484	9.887	1.545
0.484	9.886	1.531
0.484	9.876	1.545
0.484	9.877	1.548
0.484	9.876	1.544
0.484	9.874	1.524
0.483	9.870	1.544
0.483	9.869	1.554
0.483	9.864	1.555
0.483	9.840	1.421
0.483	9.851	1.547
0.482	9.837	1.539
0.482	9.843	1.536
0.482	9.782	1.515
0.482	9.799	1.447
0.482	9.837	1.541
0.482	9.833	1.542
0.482	9.832	1.543
0.482	9.832	1.543
0.482	9.832	1.544
0.482	9.831	1.549
0.481	9.823	1.550
0.481	9.818	1.497
0.481	9.815	1.551
0.481	9.813	1.541
0.481	9.811	1.557
0.480	9.808	1.551
0.480	9.805	1.547
0.480	9.802	1.546
0.480	9.800	1.540
0.479	9.792	1.535
0.479	9.793	1.543
0.479	9.792	1.544
0.479	9.787	1.539
0.479	9.789	1.551
0.479	9.783	1.557
0.479	9.775	1.530
0.478	9.764	1.550
0.478	9.759	1.540
0.477	9.753	1.543
0.477	9.750	1.537
0.477	9.747	1.549
0.477	9.747	1.558
0.477	9.743	1.550
0.477	9.735	1.533
0.476	9.733	1.546
0.476	9.728	1.558
0.476	9.721	1.555
0.476	9.719	1.549
0.475	9.717	1.561
0.475	9.711	1.511
0.475	9.705	1.557
0.474	9.681	1.557
0.474	9.677	1.522
0.474	9.677	1.557
0.474	9.661	1.558
0.473	9.653	1.561
0.473	9.650	1.572
0.472	9.644	1.556
0.472	9.641	1.561
0.472	9.635	1.560
0.472	9.633	1.552
0.472	9.632	1.573
0.471	9.621	1.550
0.471	9.612	1.562
0.471	9.607	1.572
0.470	9.595	1.574
0.470	9.591	1.565
0.470	9.587	1.573
0.470	9.580	1.573
0.470	9.575	1.574
0.469	9.560	1.560
0.469	9.539	1.562
0.468	9.525	1.561
0.468	9.520	1.565
0.468	9.518	1.576
0.467	9.513	1.563
0.467	9.508	1.583
0.467	9.501	1.557
0.466	9.497	1.580
0.466	9.489	1.572
0.466	9.487	1.580
0.466	9.484	1.575
0.465	9.475	1.572
0.465	9.464	1.577
0.465	9.460	1.567
0.465	9.451	1.577
0.464	9.439	1.576
0.464	9.430	1.573
0.464	9.430	1.558
0.464	9.424	1.584
0.463	9.418	1.578
0.463	9.414	1.576
0.463	9.409	1.577
0.463	9.405	1.586
0.463	9.402	1.574
0.463	9.400	1.580
0.462	9.391	1.589
0.462	9.389	1.576
0.462	9.376	1.563
0.461	9.367	1.579
0.461	9.362	1.589
0.461	9.359	1.587
0.460	9.353	1.573
0.460	9.348	1.581
0.460	9.346	1.582
0.459	9.342	1.590
0.459	9.334	1.593
0.459	9.328	1.590
0.459	9.322	1.566
0.458	9.317	1.588
0.458	9.314	1.587
0.458	9.307	1.594
0.457	9.299	1.587
0.457	9.285	1.606
0.457	9.278	1.599
0.456	9.276	1.612
0.456	9.270	1.588
0.456	9.262	1.587
0.456	9.260	1.601
0.455	9.258	1.603
0.455	9.254	1.600
0.455	9.251	1.602
0.455	9.244	1.602
0.455	9.240	1.603
0.454	9.234	1.607
0.454	9.221	1.599
0.453	9.216	1.610
0.453	9.211	1.601
0.453	9.204	1.584
0.453	9.194	1.606
0.453	9.192	1.580
0.452	9.180	1.618
0.452	9.174	1.606
0.452	9.163	1.613
0.451	9.155	1.610
0.451	9.149	1.617
0.451	9.140	1.579
0.451	9.136	1.601
0.450	9.132	1.619
0.450	9.130	1.614
0.450	9.119	1.607
0.449	9.109	1.612
0.449	9.101	1.614
0.449	9.094	1.616
0.449	9.084	1.612
0.448	9.079	1.589
0.448	9.074	1.617
0.448	9.065	1.603
0.448	9.057	1.617
0.447	9.051	1.616
0.447	9.047	1.624
0.447	9.040	1.625
0.447	9.032	1.615
0.446	9.026	1.607
0.446	9.024	1.612
0.446	9.015	1.618
0.445	8.995	1.613
0.445	8.993	1.631
0.444	8.982	1.616
0.444	8.976	1.621
0.444	8.971	1.624
0.444	8.967	1.612
0.444	8.964	1.633
0.443	8.955	1.630
0.443	8.949	1.589
0.443	8.947	1.608
0.443	8.944	1.617
0.443	8.938	1.630
0.442	8.924	1.627
0.442	8.916	1.619
0.441	8.910	1.638
0.441	8.905	1.637
0.441	8.900	1.629
0.440	8.900	1.635
0.440	8.898	1.632
0.440	8.896	1.647
0.440	8.895	1.639
0.440	8.892	1.644
0.439	8.887	1.620
0.439	8.880	1.626
0.439	8.872	1.639
0.438	8.868	1.634
0.438	8.864	1.639
0.438	8.853	1.644
0.437	8.851	1.624
0.437	8.844	1.643
0.437	8.837	1.644
0.436	8.831	1.634
0.436	8.824	1.639
0.436	8.821	1.635
0.436	8.819	1.648
0.436	8.816	1.648
0.435	8.813	1.615
0.435	8.807	1.644
0.435	8.802	1.644
0.435	8.798	1.641
0.435	8.795	1.636
0.435	8.788	1.623
0.434	8.788	1.645
0.434	8.784	1.642
0.434	8.778	1.642
0.434	8.767	1.647
0.433	8.757	1.648
0.433	8.754	1.642
0.433	8.753	1.656
0.432	8.740	1.645
0.432	8.735	1.620
0.432	8.730	1.636
0.432	8.723	1.654
0.432	8.722	1.645
0.432	8.717	1.639
0.431	8.708	1.642
0.431	8.698	1.652
0.431	8.693	1.651
0.430	8.688	1.650
0.430	8.680	1.647
0.430	8.667	1.655
0.429	8.660	1.620
0.429	8.654	1.666
0.429	8.649	1.654
0.429	8.645	1.637
0.429	8.640	1.653
0.428	8.628	1.655
0.428	8.622	1.648
0.428	8.621	1.649
0.427	8.606	1.653
0.427	8.598	1.633
0.427	8.598	1.648
0.427	8.597	1.656
0.427	8.594	1.660
0.426	8.579	1.667
0.426	8.562	1.645
0.425	8.551	1.676
0.424	8.542	1.669
0.425	8.540	1.678
0.425	8.539	1.672
0.424	8.529	1.669
0.424	8.518	1.672
0.423	8.511	1.679
0.423	8.493	1.671
0.422	8.480	1.674
0.422	8.468	1.680
0.422	8.465	1.676
0.421	8.463	1.676
0.421	8.454	1.653
0.421	8.448	1.656
0.421	8.447	1.684
0.421	8.444	1.675
0.421	8.445	1.669
0.421	8.445	1.685
0.421	8.444	1.673
0.420	8.437	1.671
0.420	8.427	1.682
0.420	8.426	1.666
0.420	8.426	1.674
0.420	8.422	1.680
0.419	8.415	1.672
0.419	8.413	1.680
0.419	8.413	1.682
0.419	8.409	1.655
0.419	8.404	1.675
0.418	8.401	1.673
0.418	8.398	1.682
0.418	8.396	1.670
0.418	8.392	1.668
0.418	8.389	1.665
0.418	8.387	1.664
0.418	8.385	1.663
0.418	8.386	1.664
0.418	8.386	1.662
0.417	8.380	1.645
0.417	8.376	1.614
0.417	8.373	1.645
0.416	8.368	1.639
0.416	8.365	1.643
0.416	8.359	1.628
0.415	8.355	1.627
0.415	8.349	1.610
0.415	8.347	1.607
0.415	8.344	1.622
0.415	8.343	1.624
0.414	8.336	1.611
0.414	8.330	1.605
0.414	8.327	1.595
0.414	8.323	1.598
0.414	8.320	1.575
0.413	8.317	1.591
0.413	8.311	1.591
0.413	8.309	1.586
0.413	8.303	1.586
0.412	8.291	1.547
0.412	8.289	1.590
0.412	8.289	1.570
0.412	8.287	1.565
0.412	8.284	1.575
0.412	8.277	1.573
0.412	8.276	1.580
0.412	8.275	1.577
0.412	8.271	1.571
0.411	8.270	1.575
0.411	8.264	1.566
0.411	8.257	1.547
0.411	8.254	1.563
0.411	8.252	1.568
0.411	8.245	1.536
0.410	8.240	1.575
0.410	8.232	1.565
0.410	8.222	1.560
0.410	8.219	1.567
0.410	8.214	1.562
0.410	8.210	1.550
0.410	8.202	1.564
0.410	8.196	1.532
0.409	8.192	1.574
0.409	8.186	1.563
0.409	8.183	1.564
0.409	8.179	1.571
0.409	8.174	1.560
0.409	8.173	1.532
0.408	8.168	1.557
0.408	8.160	1.563
0.408	8.110	1.533
0.408	8.115	1.523
0.408	8.124	1.537
0.407	8.140	1.563
0.407	8.136	1.562
0.407	8.131	1.549
0.407	8.126	1.548
0.407	8.120	1.544
0.407	8.116	1.544
0.406	8.113	1.560
0.406	8.111	1.547
0.406	8.108	1.555
0.406	8.098	1.555
0.406	8.095	1.555
0.406	8.094	1.546
0.405	8.090	1.555
0.405	8.080	1.555
0.405	8.074	1.544
0.405	8.069	1.553
0.404	8.060	1.551
0.404	8.058	1.544
0.404	8.054	1.552
0.404	8.051	1.560
0.404	8.047	1.545
0.404	8.037	1.547
0.403	8.030	1.537
0.403	8.026	1.554
0.403	8.022	1.518
0.403	8.020	1.554
0.403	8.019	1.544
0.403	8.018	1.539
0.403	8.018	1.531
0.403	8.017	1.552
0.402	8.015	1.541
0.402	8.014	1.534
0.402	8.012	1.530
0.402	8.009	1.541
0.402	8.009	1.537
0.402	8.008	1.545
0.402	8.003	1.542
0.402	7.999	1.536
0.401	7.996	1.550
0.401	7.990	1.534
0.401	7.988	1.541
0.401	7.985	1.541
0.401	7.983	1.536
0.401	7.981	1.540
0.401	7.980	1.538
0.401	7.978	1.541
0.400	7.978	1.542
0.400	7.976	1.535
0.400	7.973	1.541
0.400	7.970	1.537
0.400	7.969	1.544
0.400	7.969	1.540
0.400	7.965	1.538
0.400	7.961	1.514
0.400	7.958	1.543
0.400	7.955	1.546
0.399	7.952	1.543
0.399	7.950	1.536
0.399	7.948	1.548
0.399	7.946	1.526
0.399	7.945	1.546
0.399	7.941	1.541
0.399	7.943	1.532
0.399	7.941	1.533
0.399	7.937	1.528
0.399	7.940	1.544
0.399	7.937	1.531
0.398	7.933	1.520
0.398	7.934	1.545
0.398	7.932	1.543
0.398	7.930	1.527
0.398	7.929	1.537
0.398	7.927	1.548
0.398	7.926	1.529
0.397	7.925	1.539
0.397	7.925	1.532
0.397	7.922	1.536
0.397	7.923	1.532
0.397	7.920	1.534
0.397	7.916	1.535
0.397	7.914	1.524
0.397	7.911	1.529
0.396	7.905	1.532
0.396	7.904	1.534
0.396	7.902	1.541
0.396	7.901	1.531
0.396	7.898	1.539
0.396	7.892	1.527
0.395	7.886	1.520
0.395	7.881	1.539
0.395	7.878	1.532
0.395	7.874	1.535
0.394	7.863	1.524
0.394	7.857	1.536
0.394	7.857	1.526
0.394	7.856	1.519
0.394	7.852	1.531
0.394	7.847	1.533
0.394	7.842	1.530
0.394	7.840	1.535
0.393	7.837	1.528
0.393	7.833	1.533
0.393	7.832	1.531
0.393	7.831	1.533
0.393	7.822	1.527
0.393	7.817	1.521
0.393	7.815	1.521
0.393	7.812	1.506
0.392	7.805	1.533
0.392	7.799	1.528
0.392	7.798	1.542
0.392	7.794	1.531
0.392	7.791	1.530
0.392	7.789	1.531
0.392	7.784	1.498
0.392	7.780	1.539
0.392	7.776	1.531
0.391	7.769	1.541
0.391	7.766	1.530
0.391	7.764	1.537
0.391	7.757	1.531
0.391	7.753	1.537
0.391	7.753	1.526
0.391	7.751	1.525
0.390	7.743	1.511
0.390	7.739	1.544
0.390	7.735	1.536
0.390	7.732	1.539
0.390	7.729	1.528
0.390	7.727	1.506
0.389	7.722	1.544
0.389	7.716	1.540
0.389	7.703	1.543
0.388	7.691	1.540
0.388	7.688	1.546
0.388	7.685	1.536
0.388	7.684	1.540
0.387	7.676	1.543
0.387	7.668	1.542
0.387	7.664	1.516
0.387	7.664	1.539
0.387	7.659	1.544
0.386	7.652	1.535
0.386	7.646	1.536
0.386	7.641	1.538
0.386	7.640	1.540
0.386	7.637	1.550
0.386	7.633	1.530
0.386	7.628	1.536
0.385	7.624	1.543
0.385	7.616	1.542
0.385	7.611	1.540
0.385	7.607	1.523
0.385	7.603	1.539
0.384	7.598	1.538
0.384	7.595	1.546
0.384	7.592	1.551
0.384	7.587	1.540
0.384	7.585	1.535
0.383	7.580	1.541
0.383	7.577	1.539
0.383	7.574	1.542
0.383	7.570	1.547
0.383	7.561	1.548
0.382	7.555	1.534
0.382	7.554	1.547
0.382	7.549	1.518
0.382	7.541	1.533
0.381	7.534	1.550
0.381	7.528	1.544
0.381	7.521	1.532
0.381	7.512	1.539
0.380	7.509	1.545
0.380	7.507	1.548
0.380	7.499	1.542
0.380	7.497	1.542
0.380	7.491	1.554
0.379	7.487	1.531
0.379	7.485	1.544
0.379	7.479	1.547
0.379	7.477	1.551
0.379	7.476	1.544
0.378	7.474	1.551
0.378	7.472	1.544
0.378	7.471	1.553
0.378	7.468	1.561
0.377	7.465	1.548
0.377	7.460	1.555
0.377	7.452	1.551
0.377	7.449	1.541
0.377	7.447	1.558
0.376	7.443	1.543
0.376	7.440	1.557
0.376	7.430	1.552
0.375	7.426	1.549
0.375	7.423	1.554
0.375	7.421	1.548
0.375	7.419	1.565
0.375	7.418	1.553
0.375	7.415	1.562
0.375	7.417	1.550
0.375	7.411	1.573
0.374	7.398	1.558
0.374	7.393	1.572
0.374	7.393	1.564
0.374	7.390	1.566
0.373	7.382	1.569
0.373	7.378	1.561
0.373	7.373	1.529
0.373	7.373	1.560
0.373	7.369	1.577
0.373	7.367	1.566
0.373	7.366	1.561
0.373	7.360	1.573
0.372	7.346	1.566
0.372	7.343	1.572
0.372	7.338	1.569
0.372	7.333	1.572
0.372	7.330	1.561
0.371	7.320	1.558
0.371	7.308	1.575
0.371	7.302	1.560
0.371	7.299	1.564
0.370	7.294	1.571
0.370	7.284	1.567
0.370	7.280	1.565
0.370	7.278	1.575
0.370	7.274	1.569
0.370	7.272	1.573
0.369	7.270	1.563
0.369	7.262	1.566
0.369	7.258	1.566
0.369	7.253	1.571
0.369	7.250	1.577
0.369	7.247	1.564
0.368	7.243	1.570
0.368	7.237	1.539
0.368	7.228	1.572
0.367	7.220	1.573
0.368	7.218	1.580
0.367	7.216	1.578
0.367	7.210	1.569
0.367	7.207	1.568
0.367	7.204	1.579
0.367	7.198	1.571
0.367	7.197	1.586
0.366	7.193	1.549
0.366	7.185	1.569
0.366	7.183	1.575
0.366	7.178	1.571
0.366	7.177	1.549
0.365	7.169	1.572
0.365	7.165	1.573
0.365	7.160	1.578
0.365	7.156	1.588
0.365	7.153	1.588
0.364	7.151	1.578
0.364	7.147	1.579
0.364	7.141	1.570
0.364	7.133	1.584
0.364	7.127	1.575
0.363	7.125	1.578
0.363	7.117	1.591
0.363	7.109	1.587
0.362	7.106	1.586
0.362	7.104	1.593
0.362	7.099	1.590
0.362	7.089	1.587
0.361	7.082	1.598
0.361	7.076	1.590
0.361	7.073	1.562
0.361	7.069	1.586
0.361	7.064	1.595
0.360	7.061	1.597
0.360	7.055	1.588
0.360	7.049	1.595
0.360	7.045	1.596
0.359	7.039	1.591
0.359	7.031	1.565
0.359	7.027	1.594
0.359	7.025	1.586
0.358	7.022	1.601
0.358	7.016	1.591
0.358	7.013	1.586
0.358	7.009	1.593
0.357	7.001	1.599
0.357	6.997	1.603
0.357	6.994	1.593
0.357	6.992	1.606
0.357	6.990	1.605
0.357	6.989	1.585
0.357	6.987	1.601
0.356	6.982	1.599
0.356	6.979	1.611
0.356	6.978	1.623
0.356	6.976	1.601
0.356	6.974	1.599
0.355	6.970	1.624
0.355	6.966	1.589
0.355	6.964	1.609
0.355	6.958	1.603
0.354	6.953	1.613
0.354	6.946	1.615
0.354	6.941	1.608
0.354	6.932	1.618
0.353	6.918	1.613
0.353	6.910	1.595
0.353	6.906	1.607
0.352	6.903	1.628
0.352	6.896	1.627
0.352	6.885	1.601
0.351	6.875	1.610
0.351	6.871	1.573
0.351	6.866	1.615
0.350	6.856	1.616
0.350	6.842	1.619
0.350	6.828	1.613
0.349	6.819	1.610
0.349	6.809	1.603
0.349	6.801	1.631
0.349	6.795	1.620
0.348	6.791	1.630
0.348	6.784	1.617
0.348	6.778	1.601
0.347	6.746	1.535
0.347	6.758	1.589
0.347	6.750	1.626
0.346	6.739	1.611
0.346	6.734	1.623
0.346	6.728	1.625
0.345	6.725	1.631
0.345	6.721	1.619
0.345	6.715	1.639
0.345	6.711	1.634
0.345	6.707	1.623
0.345	6.705	1.635
0.344	6.697	1.637
0.344	6.695	1.614
0.344	6.689	1.627
0.344	6.683	1.627
0.343	6.675	1.625
0.343	6.667	1.639
0.343	6.662	1.640
0.342	6.654	1.608
0.342	6.650	1.636
0.342	6.646	1.635
0.342	6.644	1.640
0.342	6.640	1.633
0.342	6.638	1.624
0.342	6.638	1.645
0.342	6.635	1.650
0.341	6.632	1.640
0.341	6.629	1.647
0.341	6.625	1.652
0.341	6.617	1.637
0.340	6.611	1.634
0.340	6.609	1.645
0.340	6.606	1.644
0.340	6.601	1.629
0.340	6.598	1.612
0.340	6.596	1.634
0.340	6.591	1.656
0.339	6.589	1.642
0.339	6.588	1.649
0.339	6.585	1.651
0.339	6.581	1.650
0.339	6.579	1.643
0.339	6.574	1.645
0.339	6.568	1.658
0.339	6.564	1.662
0.338	6.556	1.645
0.338	6.549	1.644
0.338	6.547	1.646
0.337	6.543	1.658
0.337	6.540	1.664
0.337	6.539	1.659
0.337	6.538	1.630
0.337	6.536	1.641
0.336	6.532	1.660
0.336	6.530	1.653
0.336	6.526	1.656
0.336	6.522	1.650
0.336	6.517	1.656
0.335	6.513	1.656
0.335	6.511	1.662
0.335	6.511	1.650
0.335	6.509	1.647
0.335	6.502	1.655
0.335	6.498	1.657
0.334	6.492	1.673
0.334	6.488	1.627
0.334	6.475	1.670
0.333	6.463	1.662
0.333	6.459	1.654
0.333	6.455	1.672
0.332	6.445	1.658
0.332	6.432	1.667
0.332	6.429	1.664
0.332	6.422	1.671
0.331	6.417	1.622
0.331	6.411	1.674
0.331	6.405	1.673
0.331	6.393	1.681
0.330	6.381	1.663
0.330	6.370	1.635
0.330	6.365	1.660
0.329	6.358	1.667
0.329	6.345	1.667
0.329	6.337	1.671
0.328	6.330	1.670
0.328	6.321	1.681
0.328	6.314	1.673
0.327	6.305	1.676
0.327	6.297	1.663
0.327	6.292	1.678
0.327	6.287	1.662
0.326	6.278	1.676
0.326	6.272	1.677
0.326	6.264	1.687
0.325	6.256	1.682
0.325	6.249	1.685
0.325	6.246	1.675
0.324	6.239	1.690
0.324	6.234	1.679
0.324	6.230	1.699
0.324	6.222	1.667
0.323	6.211	1.687
0.323	6.199	1.693
0.323	6.192	1.688
0.322	6.189	1.697
0.322	6.182	1.663
0.322	6.178	1.702
0.322	6.173	1.695
0.321	6.164	1.701
0.320	6.153	1.683
0.320	6.152	1.706
0.320	6.148	1.704
0.320	6.135	1.717
0.320	6.129	1.690
0.320	6.127	1.689
0.319	6.124	1.701
0.319	6.116	1.696
0.319	6.114	1.707
0.319	6.114	1.712
0.319	6.115	1.703
0.319	6.114	1.698
0.319	6.114	1.701
0.319	6.112	1.719
0.319	6.111	1.689
0.318	6.106	1.702
0.318	6.095	1.699
0.317	6.079	1.700
0.317	6.073	1.712
0.316	6.068	1.705
0.316	6.057	1.692
0.315	6.049	1.710
0.315	6.041	1.707
0.314	6.036	1.720
0.314	6.030	1.726
0.313	6.025	1.709
0.313	6.023	1.703
0.313	6.020	1.711
0.313	6.013	1.698
0.312	6.009	1.707
0.312	6.006	1.695
0.312	6.000	1.728
0.312	5.994	1.713
0.311	5.981	1.716
0.311	5.971	1.710
0.311	5.962	1.713
0.310	5.948	1.722
0.310	5.940	1.718
0.309	5.932	1.715
0.309	5.917	1.696
0.308	5.893	1.722
0.308	5.870	1.708
0.308	5.862	1.724
0.307	5.856	1.724
0.307	5.846	1.741
0.307	5.842	1.730
0.306	5.826	1.739
0.306	5.815	1.718
0.305	5.802	1.691
0.305	5.785	1.743
0.304	5.772	1.733
0.304	5.768	1.732
0.304	5.763	1.736
0.303	5.756	1.738
0.303	5.752	1.738
0.303	5.739	1.732
0.302	5.732	1.732
0.302	5.726	1.758
0.302	5.720	1.736
0.301	5.712	1.744
0.301	5.704	1.735
0.301	5.700	1.756
0.301	5.695	1.746
0.300	5.690	1.753
0.300	5.684	1.740
0.300	5.677	1.745
0.299	5.658	1.744
0.299	5.645	1.734
0.298	5.632	1.733
0.298	5.628	1.748
0.298	5.625	1.736
0.298	5.621	1.755
0.297	5.614	1.750
0.297	5.610	1.761
0.297	5.607	1.750
0.297	5.604	1.754
0.296	5.603	1.755
0.296	5.602	1.758
0.296	5.599	1.759
0.296	5.597	1.750
0.296	5.597	1.745
0.296	5.596	1.753
0.295	5.595	1.754
0.295	5.594	1.765
0.295	5.593	1.751
0.295	5.592	1.767
0.295	5.591	1.746
0.295	5.590	1.769
0.295	5.588	1.756
0.294	5.586	1.755
0.294	5.584	1.749
0.294	5.582	1.747
0.294	5.581	1.764
0.294	5.580	1.759
0.293	5.579	1.762
0.293	5.578	1.712
0.293	5.576	1.742
0.293	5.574	1.761
0.293	5.572	1.719
0.293	5.571	1.738
0.292	5.569	1.748
0.292	5.567	1.754
0.292	5.565	1.754
0.291	5.562	1.737
0.291	5.558	1.768
0.291	5.555	1.757
0.290	5.551	1.772
0.290	5.550	1.768
0.290	5.548	1.751
0.290	5.544	1.750
0.289	5.542	1.763
0.289	5.541	1.766
0.289	5.538	1.775
0.288	5.531	1.745
0.288	5.528	1.756
0.287	5.525	1.773
0.287	5.521	1.758
0.287	5.517	1.766
0.286	5.516	1.758
0.286	5.513	1.753
0.286	5.510	1.770
0.285	5.506	1.769
0.284	5.504	1.752
0.284	5.502	1.768
0.284	5.501	1.760
0.283	5.499	1.761
0.283	5.497	1.773
0.283	5.495	1.772
0.282	5.493	1.769
0.282	5.492	1.761
0.282	5.490	1.764
0.282	5.488	1.750
0.282	5.487	1.760
0.281	5.485	1.765
0.281	5.484	1.761
0.280	5.482	1.764
0.280	5.481	1.760
0.280	5.480	1.761
0.279	5.478	1.767
0.279	5.476	1.734
0.279	5.475	1.767
0.279	5.473	1.768
0.278	5.472	1.774
0.278	5.471	1.769
0.277	5.468	1.762
0.277	5.467	1.766
0.277	5.466	1.785
0.277	5.465	1.765
0.276	5.464	1.784
0.276	5.463	1.779
0.276	5.462	1.772
0.276	5.461	1.764
0.276	5.460	1.776
0.275	5.460	1.756
0.275	5.459	1.766
0.275	5.458	1.767
0.274	5.457	1.777
0.274	5.457	1.768
0.274	5.457	1.784
0.274	5.456	1.769
0.274	5.456	1.766
0.274	5.455	1.777
0.274	5.455	1.759
0.273	5.454	1.768
0.273	5.453	1.785
0.273	5.453	1.788
0.273	5.452	1.777
0.273	5.451	1.768
0.272	5.448	1.758
0.272	5.447	1.782
0.272	5.446	1.796
0.271	5.445	1.790
0.271	5.442	1.781
0.271	5.442	1.771
0.271	5.441	1.778
0.270	5.439	1.776
0.270	5.437	1.781
0.269	5.434	1.763
0.269	5.434	1.780
0.269	5.431	1.792
0.269	5.428	1.771
0.269	5.427	1.776
0.269	5.425	1.770
0.269	5.423	1.783
0.269	5.421	1.778
0.269	5.420	1.778
0.269	5.417	1.775
0.269	5.416	1.769
0.269	5.416	1.771
0.269	5.413	1.789
0.269	5.411	1.793
0.269	5.411	1.782
0.269	5.410	1.766
0.269	5.410	1.753
0.269	5.409	1.773
0.269	5.408	1.767
0.269	5.408	1.782
0.269	5.407	1.774
0.269	5.406	1.787
0.269	5.405	1.794
0.269	5.404	1.772
0.269	5.403	1.777
0.269	5.402	1.783
0.269	5.401	1.776
0.269	5.400	1.781
0.269	5.399	1.794
0.269	5.398	1.769
0.269	5.397	1.801
0.269	5.395	1.796
0.269	5.395	1.768
0.269	5.393	1.763
0.270	5.392	1.788
0.269	5.392	1.780
0.269	5.391	1.771
0.269	5.391	1.781
0.269	5.389	1.789
0.269	5.387	1.782
0.269	5.386	1.779
0.269	5.386	1.795
0.276	5.384	1.657
0.271	5.384	1.786
0.269	5.384	1.772
0.269	5.383	1.771
0.269	5.383	1.790
0.269	5.383	1.785
0.269	5.382	1.779
0.269	5.381	1.771
0.269	5.380	1.783
0.269	5.380	1.772
0.269	5.379	1.786
0.269	5.379	1.782
0.269	5.378	1.784
0.270	5.377	1.790
0.269	5.376	1.767
0.269	5.376	1.786
0.269	5.375	1.783
0.269	5.374	1.783
0.269	5.373	1.786
0.269	5.372	1.782
0.269	5.371	1.791
0.269	5.370	1.790
0.269	5.369	1.777
0.269	5.368	1.786
0.269	5.368	1.780
0.269	5.367	1.788
0.269	5.366	1.798
0.269	5.366	1.773
0.269	5.364	1.794
0.269	5.363	1.796
0.269	5.360	1.780
0.269	5.358	1.762
0.269	5.356	1.786
0.269	5.352	1.805
0.269	5.351	1.790
0.269	5.350	1.799
0.269	5.350	1.772
0.269	5.350	1.788
0.269	5.350	1.794
0.269	5.350	1.769
0.269	5.350	1.799
0.269	5.350	1.787
0.269	5.350	1.780
0.269	5.350	1.805
0.269	5.350	1.789
0.269	5.350	1.787
0.269	5.350	1.778
0.269	5.350	1.787
0.269	5.350	1.791
0.269	5.350	1.797
0.269	5.350	1.789
0.269	5.350	1.790
0.269	5.350	1.807
0.270	5.350	1.795
0.269	5.350	1.794
0.269	5.350	1.806
0.269	5.350	1.787
0.269	5.350	1.801
0.269	5.350	1.799
0.269	5.350	1.789
0.269	5.350	1.782
0.269	5.350	1.774
0.269	5.350	1.793
0.269	5.350	1.783
0.269	5.349	1.792
0.269	5.350	1.801
0.269	5.350	1.789
0.269	5.350	1.803
0.269	5.350	1.789
0.269	5.350	1.795
0.269	5.350	1.785
0.269	5.350	1.786
0.269	5.350	1.804
0.269	5.350	1.808
0.269	5.350	1.789
0.269	5.350	1.785
0.269	5.350	1.779
0.269	5.350	1.786
0.269	5.350	1.783
0.269	5.350	1.782
0.269	5.350	1.797
0.269	5.350	1.781
0.269	5.350	1.796
0.269	5.350	1.786
0.269	5.350	1.792
0.269	5.350	1.798
0.269	5.350	1.796
0.269	5.350	1.801
0.269	5.350	1.800
0.269	5.350	1.786
0.269	5.350	1.801
0.269	5.350	1.803
0.269	5.350	1.790
0.269	5.350	1.761
0.269	5.350	1.804
0.269	5.350	1.802
0.269	5.350	1.793
0.269	5.350	1.787
0.269	5.350	1.792
0.269	5.350	1.779
0.269	5.350	1.801
0.269	5.350	1.798
0.269	5.350	1.791
0.269	5.350	1.790
0.269	5.350	1.786
0.269	5.350	1.797
0.269	5.350	1.807
0.269	5.350	1.787
0.269	5.350	1.796
0.269	5.350	1.791
0.269	5.350	1.783
0.269	5.350	1.794
0.269	5.350	1.802
0.269	5.350	1.809
0.269	5.350	1.781
0.269	5.350	1.797
0.269	5.350	1.805
0.269	5.349	1.804
0.269	5.350	1.789
0.269	5.349	1.789
0.269	5.350	1.779
0.270	5.350	1.746
0.270	5.350	1.766
0.270	5.350	1.753
0.269	5.350	1.761
0.269	5.349	1.794
0.269	5.350	1.789
0.269	5.350	1.803
0.269	5.350	1.789
0.269	5.350	1.797
0.272	5.350	1.784
0.270	5.349	1.766
0.269	5.349	1.774
