0.269	5.349	16.422
0.269	5.349	16.418
0.269	5.349	16.413
0.269	5.349	16.424
0.269	5.349	16.420
0.269	5.349	16.424
0.269	5.349	16.422
0.269	5.349	16.417
0.269	5.349	16.421
0.269	5.349	16.422
0.269	5.349	16.420
0.269	5.349	16.417
0.269	5.349	16.417
0.269	5.349	16.419
0.269	5.349	16.411
0.269	5.349	16.421
0.269	5.349	16.420
0.269	5.349	16.426
0.269	5.349	16.422
0.269	5.349	16.421
0.269	5.349	16.423
0.269	5.349	16.427
0.269	5.349	16.429
0.269	5.349	16.428
0.269	5.349	16.424
0.269	5.349	16.424
0.269	5.349	16.423
0.269	5.349	16.422
0.269	5.349	16.425
0.269	5.349	16.424
0.269	5.349	16.419
0.269	5.349	16.426
0.269	5.349	16.422
0.269	5.349	16.425
0.269	5.349	16.400
0.269	5.349	16.418
0.269	5.349	16.418
0.269	5.349	16.422
0.269	5.349	16.425
0.269	5.349	16.423
0.269	5.349	16.407
0.269	5.349	16.418
0.269	5.349	16.418
0.269	5.349	16.423
0.269	5.349	16.420
0.269	5.349	16.410
0.269	5.349	16.425
0.269	5.349	16.422
0.269	5.349	16.421
0.269	5.349	16.428
0.269	5.349	16.430
0.269	5.349	16.427
0.269	5.349	16.425
0.269	5.349	16.418
0.269	5.349	16.430
0.269	5.349	16.430
0.269	5.349	16.424
0.269	5.349	16.423
0.269	5.349	16.426
0.269	5.349	16.425
0.269	5.349	16.424
0.269	5.349	16.425
0.269	5.349	16.406
0.269	5.349	16.429
0.269	5.349	16.424
0.269	5.349	16.423
0.269	5.349	16.420
0.269	5.349	16.428
0.269	5.349	16.419
0.269	5.349	16.427
0.269	5.349	16.426
0.269	5.349	16.425
0.269	5.349	16.423
0.269	5.349	16.429
0.269	5.349	16.432
0.269	5.349	16.416
0.269	5.349	16.430
0.269	5.349	16.427
0.269	5.349	16.429
0.269	5.349	16.411
0.269	5.349	16.433
0.269	5.349	16.427
0.269	5.349	16.422
0.269	5.349	16.424
0.269	5.349	16.424
0.269	5.349	16.430
0.269	5.349	16.421
0.269	5.349	16.433
0.269	5.349	16.433
0.269	5.349	16.431
0.269	5.349	16.430
0.269	5.349	16.427
0.269	5.349	16.422
0.269	5.349	16.423
0.269	5.349	16.422
0.269	5.349	16.432
0.269	5.349	16.421
0.269	5.349	16.428
0.269	5.349	16.432
0.269	5.349	16.427
0.269	5.349	16.432
0.269	5.349	16.428
0.269	5.349	16.424
0.269	5.349	16.433
0.269	5.349	16.428
0.269	5.349	16.427
0.269	5.349	16.429
0.269	5.349	16.430
0.269	5.349	16.435
0.269	5.349	16.426
0.269	5.349	16.430
0.269	5.349	16.435
0.269	5.349	16.431
0.269	5.349	16.431
0.269	5.349	16.426
0.269	5.349	16.430
0.269	5.349	16.408
0.269	5.349	16.424
0.269	5.349	16.434
0.269	5.349	16.428
0.269	5.350	16.425
0.269	5.351	16.427
0.269	5.351	16.431
0.269	5.351	16.426
0.269	5.352	16.423
0.269	5.352	16.426
0.269	5.354	16.420
0.269	5.355	16.436
0.269	5.356	16.425
0.269	5.357	16.432
0.269	5.357	16.427
0.269	5.358	16.431
0.269	5.359	16.439
0.269	5.360	16.416
0.269	5.360	16.424
0.269	5.362	16.434
0.269	5.366	16.427
0.269	5.368	16.426
0.269	5.370	16.431
0.269	5.370	16.429
0.269	5.371	16.426
0.269	5.372	16.435
0.269	5.372	16.434
0.269	5.374	16.430
0.269	5.376	16.421
0.269	5.376	16.431
0.269	5.378	16.423
0.269	5.379	16.430
0.269	5.380	16.429
0.269	5.381	16.420
0.269	5.382	16.407
0.269	5.383	16.433
0.269	5.383	16.425
0.269	5.384	16.413
0.269	5.384	16.429
0.269	5.385	16.432
0.269	5.387	16.417
0.269	5.389	16.432
0.269	5.390	16.431
0.269	5.391	16.431
0.269	5.395	16.434
0.269	5.397	16.429
0.269	5.398	16.435
0.269	5.400	16.425
0.269	5.402	16.419
0.269	5.404	16.433
0.269	5.405	16.431
0.269	5.407	16.426
0.269	5.408	16.436
0.269	5.409	16.422
0.269	5.409	16.431
0.269	5.409	16.439
0.269	5.410	16.434
0.269	5.412	16.425
0.269	5.414	16.440
0.269	5.416	16.427
0.269	5.417	16.436
0.269	5.419	16.432
0.269	5.420	16.433
0.269	5.422	16.432
0.269	5.423	16.421
0.269	5.424	16.407
0.269	5.425	16.423
0.269	5.425	16.429
0.269	5.426	16.433
0.269	5.427	16.430
0.269	5.428	16.430
0.269	5.428	16.426
0.269	5.428	16.429
0.269	5.429	16.426
0.269	5.428	16.432
0.269	5.429	16.431
0.269	5.431	16.426
0.269	5.432	16.417
0.269	5.433	16.431
0.269	5.433	16.435
0.269	5.434	16.434
0.269	5.434	16.426
0.269	5.435	16.410
0.269	5.436	16.427
0.272	5.437	16.361
0.275	5.438	16.355
0.269	5.441	16.422
0.269	5.441	16.431
0.269	5.443	16.436
0.269	5.445	16.433
0.269	5.446	16.432
0.269	5.446	16.440
0.269	5.447	16.436
0.269	5.448	16.421
0.269	5.449	16.424
0.269	5.451	16.424
0.269	5.452	16.421
0.269	5.452	16.430
0.269	5.453	16.429
0.269	5.454	16.431
0.269	5.454	16.431
0.269	5.456	16.435
0.269	5.456	16.430
0.269	5.457	16.432
0.269	5.458	16.438
0.269	5.458	16.429
0.269	5.459	16.432
0.269	5.460	16.439
0.269	5.462	16.422
0.269	5.463	16.426
0.269	5.464	16.417
0.269	5.465	16.429
0.269	5.467	16.436
0.269	5.469	16.429
0.269	5.470	16.427
0.269	5.470	16.428
0.269	5.471	16.429
0.269	5.472	16.431
0.270	5.473	16.430
0.270	5.475	16.416
0.270	5.477	16.421
0.270	5.477	16.421
0.270	5.477	16.429
0.270	5.480	16.418
0.271	5.483	16.419
0.271	5.485	16.424
0.271	5.486	16.428
0.271	5.487	16.433
0.272	5.488	16.424
0.272	5.490	16.424
0.272	5.492	16.430
0.272	5.494	16.427
0.273	5.495	16.429
0.273	5.497	16.431
0.273	5.499	16.425
0.273	5.500	16.433
0.274	5.502	16.423
0.274	5.504	16.426
0.274	5.506	16.432
0.275	5.507	16.427
0.275	5.509	16.428
0.275	5.512	16.411
0.276	5.516	16.435
0.276	5.518	16.437
0.276	5.521	16.426
0.276	5.524	16.426
0.277	5.526	16.422
0.277	5.526	16.434
0.277	5.526	16.425
0.277	5.527	16.420
0.277	5.530	16.428
0.277	5.534	16.435
0.278	5.537	16.426
0.278	5.539	16.425
0.278	5.541	16.428
0.278	5.542	16.422
0.278	5.542	16.435
0.278	5.543	16.430
0.279	5.544	16.429
0.279	5.547	16.431
0.279	5.549	16.424
0.280	5.553	16.439
0.280	5.557	16.423
0.281	5.564	16.422
0.281	5.566	16.429
0.281	5.567	16.433
0.282	5.568	16.432
0.282	5.572	16.423
0.282	5.576	16.424
0.283	5.578	16.398
0.283	5.579	16.432
0.283	5.580	16.432
0.284	5.582	16.421
0.284	5.584	16.422
0.284	5.585	16.429
0.285	5.591	16.428
0.285	5.597	16.429
0.285	5.602	16.428
0.286	5.608	16.425
0.286	5.612	16.422
0.286	5.615	16.422
0.287	5.619	16.435
0.287	5.625	16.422
0.287	5.629	16.415
0.287	5.636	16.426
0.288	5.652	16.420
0.288	5.664	16.427
0.289	5.674	16.414
0.289	5.677	16.414
0.289	5.678	16.418
0.289	5.685	16.422
0.290	5.705	16.413
0.290	5.715	16.425
0.291	5.724	16.418
0.291	5.725	16.412
0.291	5.733	16.417
0.291	5.737	16.425
0.292	5.747	16.425
0.292	5.759	16.412
0.293	5.769	16.403
0.293	5.782	16.423
0.294	5.796	16.405
0.294	5.810	16.422
0.295	5.825	16.415
0.295	5.836	16.415
0.295	5.845	16.406
0.296	5.854	16.408
0.296	5.859	16.412
0.296	5.863	16.413
0.296	5.869	16.407
0.296	5.874	16.395
0.297	5.883	16.398
0.297	5.890	16.407
0.297	5.895	16.413
0.297	5.896	16.390
0.297	5.896	16.418
0.297	5.897	16.417
0.297	5.899	16.411
0.297	5.903	16.415
0.297	5.908	16.410
0.298	5.917	16.411
0.298	5.920	16.410
0.298	5.925	16.409
0.298	5.928	16.413
0.298	5.931	16.385
0.298	5.933	16.410
0.299	5.944	16.417
0.299	5.958	16.366
0.300	5.970	16.410
0.300	5.977	16.417
0.301	5.982	16.412
0.301	5.987	16.408
0.301	5.993	16.409
0.301	6.001	16.407
0.301	6.006	16.411
0.302	6.012	16.406
0.302	6.014	16.405
0.302	6.017	16.411
0.303	6.023	16.406
0.303	6.025	16.413
0.303	6.027	16.410
0.303	6.029	16.408
0.304	6.031	16.411
0.304	6.033	16.410
0.304	6.039	16.408
0.304	6.045	16.408
0.304	6.050	16.409
0.305	6.061	16.401
0.305	6.069	16.403
0.305	6.072	16.400
0.305	6.077	16.408
0.305	6.079	16.404
0.306	6.081	16.406
0.306	6.086	16.405
0.306	6.092	16.402
0.306	6.099	16.404
0.307	6.103	16.398
0.307	6.110	16.403
0.307	6.120	16.404
0.307	6.128	16.399
0.308	6.136	16.405
0.308	6.150	16.404
0.308	6.153	16.400
0.308	6.159	16.384
0.309	6.173	16.386
0.310	6.183	16.396
0.310	6.190	16.403
0.310	6.194	16.403
0.310	6.199	16.406
0.311	6.209	16.406
0.311	6.216	16.402
0.311	6.226	16.397
0.312	6.237	16.399
0.312	6.246	16.393
0.313	6.254	16.389
0.313	6.268	16.391
0.313	6.280	16.384
0.314	6.290	16.386
0.314	6.301	16.391
0.315	6.312	16.392
0.315	6.322	16.391
0.315	6.333	16.388
0.315	6.340	16.386
0.316	6.348	16.391
0.316	6.352	16.385
0.316	6.354	16.367
0.316	6.358	16.381
0.316	6.360	16.388
0.316	6.362	16.393
0.316	6.363	16.379
0.316	6.366	16.386
0.316	6.370	16.389
0.316	6.375	16.379
0.317	6.380	16.382
0.317	6.386	16.383
0.317	6.390	16.392
0.317	6.394	16.391
0.317	6.400	16.378
0.318	6.407	16.392
0.318	6.415	16.384
0.318	6.423	16.381
0.319	6.441	16.393
0.320	6.451	16.379
0.320	6.456	16.377
0.320	6.460	16.376
0.321	6.467	16.384
0.321	6.474	16.371
0.321	6.481	16.376
0.322	6.486	16.379
0.322	6.498	16.375
0.323	6.508	16.366
0.323	6.517	16.369
0.324	6.525	16.377
0.324	6.528	16.365
0.324	6.533	16.386
0.324	6.538	16.387
0.325	6.545	16.378
0.325	6.548	16.382
0.325	6.552	16.354
0.325	6.555	16.387
0.325	6.559	16.368
0.325	6.565	16.374
0.326	6.572	16.385
0.326	6.576	16.377
0.326	6.581	16.376
0.326	6.587	16.376
0.326	6.591	16.386
0.326	6.598	16.355
0.327	6.605	16.376
0.327	6.609	16.369
0.327	6.614	16.371
0.328	6.624	16.380
0.328	6.628	16.384
0.328	6.634	16.383
0.328	6.638	16.371
0.329	6.644	16.366
0.329	6.654	16.371
0.329	6.666	16.369
0.330	6.677	16.353
0.330	6.686	16.360
0.331	6.695	16.374
0.331	6.705	16.362
0.331	6.714	16.372
0.332	6.719	16.369
0.332	6.726	16.368
0.332	6.735	16.369
0.333	6.752	16.367
0.333	6.768	16.366
0.333	6.771	16.371
0.334	6.774	16.361
0.334	6.783	16.364
0.334	6.788	16.365
0.334	6.794	16.361
0.334	6.796	16.361
0.335	6.798	16.363
0.335	6.804	16.368
0.335	6.811	16.365
0.335	6.814	16.356
0.335	6.819	16.359
0.335	6.821	16.358
0.335	6.824	16.362
0.335	6.833	16.362
0.336	6.838	16.366
0.336	6.844	16.365
0.336	6.857	16.349
0.337	6.867	16.357
0.337	6.875	16.350
0.337	6.884	16.354
0.338	6.897	16.347
0.338	6.904	16.354
0.339	6.905	16.351
0.339	6.909	16.351
0.339	6.918	16.351
0.340	6.922	16.354
0.340	6.928	16.357
0.340	6.938	16.354
0.341	6.944	16.343
0.341	6.949	16.347
0.342	6.955	16.351
0.342	6.961	16.350
0.342	6.965	16.341
0.342	6.970	16.350
0.343	6.976	16.348
0.343	6.984	16.351
0.343	6.990	16.346
0.343	6.997	16.348
0.344	7.008	16.353
0.344	7.020	16.349
0.345	7.025	16.347
0.345	7.031	16.342
0.345	7.039	16.352
0.345	7.042	16.320
0.346	7.053	16.342
0.347	7.074	16.339
0.347	7.085	16.345
0.348	7.092	16.314
0.348	7.099	16.335
0.348	7.103	16.337
0.348	7.108	16.335
0.349	7.114	16.336
0.349	7.127	16.342
0.349	7.138	16.325
0.350	7.148	16.333
0.350	7.153	16.334
0.350	7.156	16.338
0.350	7.160	16.335
0.350	7.163	16.337
0.350	7.133	16.295
0.351	7.161	16.312
0.351	7.180	16.321
0.351	7.187	16.328
0.351	7.194	16.334
0.351	7.197	16.338
0.352	7.201	16.337
0.352	7.211	16.320
0.352	7.220	16.326
0.353	7.228	16.326
0.353	7.234	16.325
0.353	7.239	16.328
0.353	7.247	16.327
0.353	7.250	16.337
0.354	7.254	16.332
0.354	7.261	16.328
0.354	7.265	16.334
0.354	7.272	16.327
0.354	7.274	16.332
0.354	7.276	16.323
0.355	7.281	16.335
0.355	7.289	16.329
0.355	7.298	16.311
0.355	7.305	16.330
0.356	7.311	16.323
0.356	7.325	16.319
0.356	7.344	16.312
0.357	7.367	16.317
0.358	7.372	16.321
0.358	7.374	16.312
0.358	7.378	16.317
0.358	7.381	16.320
0.358	7.385	16.319
0.358	7.390	16.317
0.359	7.396	16.315
0.359	7.403	16.324
0.359	7.404	16.318
0.360	7.410	16.321
0.360	7.411	16.319
0.360	7.411	16.305
0.360	7.413	16.314
0.360	7.413	16.318
0.361	7.415	16.318
0.361	7.421	16.310
0.362	7.428	16.314
0.362	7.436	16.314
0.362	7.443	16.309
0.363	7.452	16.306
0.363	7.465	16.316
0.363	7.469	16.321
0.363	7.472	16.315
0.364	7.474	16.317
0.364	7.479	16.310
0.364	7.489	16.319
0.365	7.503	16.315
0.365	7.509	16.316
0.366	7.516	16.315
0.366	7.536	16.321
0.367	7.550	16.311
0.367	7.559	16.312
0.368	7.570	16.303
0.368	7.574	16.309
0.368	7.582	16.310
0.369	7.590	16.311
0.369	7.601	16.311
0.369	7.614	16.309
0.370	7.625	16.304
0.370	7.632	16.309
0.370	7.638	16.306
0.371	7.649	16.308
0.371	7.655	16.298
0.371	7.667	16.306
0.372	7.680	16.307
0.372	7.686	16.298
0.372	7.692	16.305
0.373	7.706	16.300
0.373	7.718	16.282
0.373	7.728	16.302
0.373	7.732	16.301
0.374	7.735	16.298
0.374	7.743	16.305
0.374	7.754	16.294
0.374	7.763	16.299
0.375	7.774	16.299
0.375	7.781	16.305
0.375	7.788	16.302
0.375	7.795	16.299
0.376	7.812	16.286
0.377	7.832	16.295
0.377	7.839	16.291
0.377	7.844	16.292
0.377	7.844	16.289
0.377	7.848	16.287
0.378	7.852	16.289
0.378	7.854	16.292
0.378	7.855	16.291
0.378	7.856	16.288
0.378	7.857	16.294
0.379	7.862	16.287
0.379	7.867	16.285
0.379	7.870	16.290
0.379	7.871	16.284
0.379	7.874	16.296
0.380	7.875	16.288
0.380	7.878	16.292
0.380	7.884	16.296
0.380	7.890	16.284
0.381	7.893	16.272
0.381	7.898	16.294
0.381	7.904	16.293
0.382	7.914	16.288
0.382	7.921	16.291
0.382	7.927	16.284
0.383	7.933	16.291
0.383	7.938	16.293
0.383	7.943	16.287
0.383	7.950	16.292
0.384	7.955	16.286
0.384	7.962	16.290
0.384	7.969	16.286
0.384	7.974	16.269
0.385	7.978	16.285
0.385	7.987	16.292
0.385	7.993	16.293
0.385	8.000	16.281
0.386	8.009	16.288
0.386	8.012	16.280
0.386	8.015	16.285
0.387	8.021	16.283
0.387	8.025	16.286
0.387	8.031	16.287
0.387	8.045	16.276
0.388	8.055	16.286
0.388	8.061	16.288
0.388	8.066	16.284
0.388	8.071	16.287
0.389	8.079	16.280
0.389	8.091	16.279
0.389	8.097	16.282
0.389	8.101	16.276
0.390	8.109	16.277
0.390	8.115	16.280
0.390	8.123	16.284
0.391	8.131	16.277
0.391	8.144	16.279
0.392	8.162	16.280
0.392	8.171	16.278
0.392	8.176	16.284
0.392	8.181	16.282
0.393	8.193	16.277
0.393	8.199	16.273
0.393	8.202	16.282
0.393	8.201	16.262
0.393	8.203	16.268
0.393	8.202	16.268
0.393	8.202	16.278
0.393	8.203	16.284
0.393	8.201	16.278
0.393	8.203	16.283
0.393	8.202	16.278
0.393	8.200	16.278
0.393	8.203	16.279
0.393	8.210	16.280
0.393	8.224	16.268
0.394	8.231	16.278
0.394	8.232	16.277
0.394	8.240	16.261
0.394	8.247	16.271
0.394	8.251	16.270
0.394	8.261	16.273
0.395	8.274	16.275
0.396	8.284	16.281
0.396	8.291	16.280
0.396	8.299	16.281
0.397	8.309	16.269
0.397	8.321	16.271
0.398	8.328	16.274
0.398	8.328	16.264
0.398	8.331	16.268
0.398	8.335	16.270
0.399	8.341	16.259
0.399	8.347	16.252
0.399	8.350	16.272
0.400	8.357	16.275
0.400	8.359	16.266
0.400	8.360	16.272
0.401	8.364	16.264
0.401	8.367	16.269
0.401	8.367	16.273
0.401	8.377	16.268
0.402	8.389	16.271
0.403	8.402	16.250
0.403	8.413	16.265
0.403	8.424	16.264
0.404	8.435	16.266
0.404	8.444	16.272
0.404	8.448	16.262
0.405	8.462	16.256
0.405	8.469	16.268
0.405	8.477	16.267
0.406	8.490	16.269
0.406	8.497	16.262
0.407	8.505	16.267
0.407	8.514	16.267
0.408	8.526	16.267
0.408	8.531	16.265
0.408	8.535	16.262
0.408	8.540	16.256
0.408	8.550	16.249
0.409	8.552	16.267
0.409	8.554	16.260
0.409	8.563	16.267
0.410	8.574	16.262
0.410	8.587	16.264
0.410	8.599	16.260
0.411	8.612	16.248
0.411	8.622	16.263
0.411	8.627	16.247
0.412	8.641	16.261
0.412	8.656	16.260
0.413	8.670	16.257
0.413	8.687	16.252
0.414	8.707	16.244
0.414	8.720	16.249
0.414	8.724	16.247
0.415	8.734	16.249
0.416	8.756	16.247
0.417	8.770	16.248
0.417	8.775	16.247
0.417	8.778	16.243
0.417	8.781	16.246
0.418	8.785	16.251
0.418	8.787	16.250
0.419	8.790	16.243
0.419	8.797	16.247
0.420	8.810	16.252
0.420	8.825	16.242
0.421	8.838	16.242
0.421	8.844	16.251
0.421	8.849	16.247
0.421	8.854	16.249
0.422	8.865	16.232
0.423	8.879	16.231
0.423	8.894	16.246
0.423	8.899	16.247
0.424	8.902	16.240
0.424	8.908	16.248
0.425	8.925	16.249
0.425	8.945	16.240
0.426	8.955	16.243
0.426	8.969	16.243
0.427	8.981	16.238
0.427	8.993	16.236
0.428	9.000	16.241
0.428	9.004	16.241
0.428	9.015	16.219
0.429	9.028	16.238
0.429	9.036	16.234
0.430	9.051	16.217
0.430	9.074	16.235
0.431	9.088	16.231
0.431	9.097	16.244
0.431	9.107	16.228
0.432	9.119	16.235
0.432	9.129	16.233
0.432	9.136	16.229
0.433	9.144	16.232
0.433	9.151	16.237
0.433	9.150	16.231
0.433	9.152	16.231
0.433	9.152	16.229
0.433	9.151	16.237
0.433	9.153	16.234
0.433	9.153	16.230
0.433	9.155	16.224
0.433	9.161	16.235
0.433	9.164	16.230
0.434	9.170	16.236
0.434	9.176	16.237
0.434	9.184	16.226
0.434	9.193	16.231
0.435	9.196	16.232
0.435	9.196	16.231
0.435	9.208	16.229
0.436	9.216	16.226
0.436	9.216	16.217
0.437	9.227	16.231
0.437	9.240	16.231
0.438	9.247	16.235
0.438	9.254	16.229
0.438	9.259	16.233
0.439	9.267	16.231
0.439	9.278	16.231
0.440	9.287	16.214
0.440	9.300	16.231
0.441	9.315	16.234
0.441	9.320	16.224
0.442	9.333	16.224
0.442	9.333	16.204
0.442	9.334	16.223
0.442	9.339	16.224
0.442	9.342	16.223
0.442	9.349	16.230
0.443	9.356	16.222
0.443	9.367	16.224
0.443	9.386	16.215
0.444	9.394	16.219
0.444	9.398	16.202
0.444	9.407	16.215
0.445	9.416	16.217
0.446	9.428	16.217
0.446	9.438	16.213
0.446	9.454	16.217
0.447	9.470	16.215
0.447	9.483	16.214
0.448	9.493	16.208
0.449	9.505	16.186
0.449	9.513	16.210
0.449	9.516	16.197
0.449	9.523	16.208
0.450	9.534	16.217
0.450	9.556	16.209
0.451	9.581	16.206
0.451	9.592	16.212
0.452	9.600	16.205
0.452	9.614	16.207
0.453	9.632	16.220
0.453	9.637	16.198
0.453	9.638	16.151
0.454	9.605	16.201
0.454	9.621	16.202
0.454	9.649	16.189
0.455	9.686	16.206
0.455	9.688	16.199
0.455	9.699	16.207
0.456	9.709	16.201
0.456	9.713	16.205
0.456	9.716	16.212
0.457	9.724	16.213
0.457	9.726	16.207
0.457	9.730	16.209
0.458	9.738	16.200
0.459	9.748	16.206
0.459	9.764	16.186
0.460	9.783	16.195
0.461	9.792	16.192
0.462	9.802	16.195
0.462	9.815	16.189
0.463	9.833	16.180
0.464	9.852	16.196
0.464	9.872	16.194
0.465	9.882	16.186
0.466	9.903	16.195
0.466	9.916	16.185
0.467	9.930	16.191
0.467	9.944	16.178
0.467	9.952	16.192
0.467	9.955	16.194
0.468	9.962	16.195
0.468	9.967	16.187
0.468	9.974	16.191
0.468	9.981	16.196
0.469	9.985	16.198
0.469	9.990	16.176
0.469	10.004	16.197
0.470	10.011	16.183
0.470	10.022	16.191
0.470	10.032	16.183
0.471	10.043	16.175
0.471	10.054	16.175
0.471	10.062	16.190
0.471	10.078	16.191
0.472	10.083	16.183
0.472	10.088	16.187
0.472	10.097	16.182
0.473	10.103	16.188
0.473	10.112	16.172
0.473	10.130	16.187
0.474	10.143	16.181
0.474	10.150	16.186
0.475	10.157	16.172
0.475	10.165	16.180
0.475	10.174	16.169
0.476	10.184	16.173
0.476	10.191	16.179
0.477	10.197	16.180
0.477	10.202	16.179
0.477	10.205	16.180
0.478	10.218	16.177
0.478	10.226	16.180
0.479	10.232	16.179
0.480	10.249	16.170
0.481	10.263	16.178
0.481	10.273	16.180
0.482	10.288	16.177
0.482	10.295	16.163
0.483	10.309	16.179
0.483	10.323	16.179
0.484	10.330	16.168
0.484	10.338	16.175
0.485	10.351	16.155
0.485	10.365	16.168
0.486	10.386	16.166
0.486	10.401	16.168
0.486	10.402	16.153
0.486	10.410	16.170
0.487	10.414	16.174
0.487	10.423	16.155
0.487	10.431	16.167
0.488	10.446	16.167
0.488	10.458	16.166
0.489	10.466	16.171
0.489	10.471	16.169
0.489	10.484	16.169
0.490	10.493	16.165
0.490	10.511	16.168
0.490	10.525	16.165
0.491	10.539	16.142
0.491	10.552	16.162
0.492	10.565	16.162
0.492	10.570	16.161
0.492	10.580	16.156
0.493	10.591	16.153
0.493	10.598	16.160
0.494	10.604	16.160
0.494	10.617	16.154
0.494	10.620	16.151
0.495	10.634	16.133
0.495	10.639	16.154
0.495	10.639	16.147
0.495	10.647	16.164
0.495	10.653	16.156
0.496	10.659	16.162
0.496	10.665	16.147
0.496	10.669	16.150
0.496	10.676	16.158
0.496	10.681	16.151
0.497	10.685	16.151
0.497	10.688	16.160
0.497	10.690	16.148
0.497	10.694	16.142
0.498	10.695	16.150
0.498	10.702	16.158
0.499	10.708	16.154
0.499	10.715	16.152
0.499	10.720	16.145
0.499	10.722	16.144
0.500	10.728	16.154
0.500	10.732	16.146
0.500	10.737	16.154
0.500	10.744	16.144
0.500	10.746	16.151
0.501	10.757	16.154
0.501	10.763	16.147
0.501	10.766	16.151
0.502	10.769	16.151
0.502	10.781	16.150
0.503	10.792	16.151
0.503	10.807	16.148
0.503	10.814	16.152
0.504	10.821	16.141
0.504	10.822	16.130
0.504	10.824	16.147
0.504	10.839	16.150
0.505	10.854	16.150
0.505	10.861	16.143
0.506	10.871	16.145
0.506	10.874	16.142
0.506	10.886	16.144
0.507	10.892	16.153
0.507	10.908	16.137
0.508	10.925	16.146
0.508	10.934	16.146
0.509	10.952	16.133
0.510	10.977	16.148
0.511	10.999	16.141
0.511	11.027	16.137
0.513	11.061	16.135
0.513	11.070	16.127
0.513	11.079	16.133
0.514	11.083	16.127
0.514	11.085	16.126
0.514	11.098	16.133
0.515	11.114	16.134
0.515	11.131	16.129
0.516	11.138	16.129
0.516	11.144	16.137
0.517	11.152	16.130
0.517	11.158	16.126
0.518	11.164	16.130
0.518	11.172	16.122
0.519	11.182	16.135
0.520	11.200	16.128
0.521	11.216	16.127
0.521	11.223	16.127
0.522	11.245	16.128
0.523	11.266	16.120
0.523	11.274	16.123
0.523	11.281	16.125
0.523	11.281	16.123
0.523	11.284	16.133
0.524	11.298	16.128
0.524	11.304	16.090
0.524	11.309	16.129
0.524	11.314	16.125
0.525	11.315	16.121
0.525	11.329	16.117
0.525	11.331	16.122
0.526	11.340	16.119
0.526	11.350	16.116
0.526	11.359	16.107
0.527	11.376	16.123
0.527	11.394	16.124
0.528	11.405	16.116
0.528	11.410	16.115
0.528	11.419	16.114
0.529	11.432	16.116
0.529	11.440	16.109
0.530	11.455	16.112
0.530	11.460	16.110
0.530	11.467	16.114
0.530	11.478	16.092
0.531	11.489	16.111
0.531	11.497	16.106
0.532	11.507	16.113
0.532	11.513	16.104
0.532	11.520	16.105
0.532	11.521	16.121
0.532	11.523	16.085
0.533	11.534	16.097
0.534	11.555	16.108
0.535	11.566	16.108
0.535	11.573	16.106
0.537	11.592	16.098
0.539	11.633	16.104
0.538	11.638	16.105
0.538	11.634	16.101
0.538	11.636	16.107
0.538	11.635	16.106
0.538	11.634	16.104
0.538	11.642	16.105
0.539	11.649	16.093
0.539	11.653	16.097
0.539	11.658	16.103
0.540	11.670	16.101
0.540	11.683	16.101
0.540	11.691	16.107
0.541	11.700	16.101
0.541	11.713	16.101
0.541	11.715	16.075
0.542	11.721	16.096
0.542	11.726	16.102
0.542	11.726	16.100
0.542	11.722	16.097
0.542	11.731	16.097
0.543	11.742	16.102
0.543	11.753	16.097
0.543	11.757	16.099
0.544	11.764	16.093
0.544	11.773	16.095
0.544	11.780	16.085
0.544	11.794	16.096
0.545	11.802	16.088
0.546	11.817	16.096
0.546	11.831	16.091
0.547	11.842	16.083
0.547	11.849	16.098
0.547	11.853	16.088
0.547	11.862	16.097
0.548	11.871	16.096
0.548	11.882	16.091
0.548	11.888	16.092
0.549	11.911	16.088
0.550	11.924	16.074
0.550	11.938	16.082
0.551	11.954	16.077
0.552	11.983	16.080
0.553	12.005	16.085
0.553	12.024	16.086
0.555	12.055	16.083
0.555	12.065	16.091
0.556	12.072	16.084
0.556	12.084	16.078
0.557	12.094	16.082
0.557	12.098	16.084
0.558	12.105	16.080
0.558	12.109	16.079
0.558	12.115	16.077
0.559	12.126	16.057
0.559	12.136	16.077
0.560	12.148	16.076
0.560	12.159	16.079
0.560	12.167	16.072
0.561	12.179	16.073
0.561	12.187	16.067
0.561	12.192	16.076
0.562	12.203	16.070
0.562	12.215	16.072
0.562	12.219	16.071
0.563	12.231	16.067
0.564	12.249	16.072
0.564	12.246	16.064
0.563	12.248	16.068
0.563	12.251	16.062
0.564	12.258	16.066
0.564	12.261	16.069
0.564	12.268	16.064
0.564	12.271	16.070
0.564	12.271	16.068
0.564	12.269	16.071
0.564	12.274	16.066
0.564	12.277	16.065
0.565	12.276	16.071
0.565	12.292	16.064
0.565	12.297	16.059
0.565	12.303	16.052
0.566	12.313	16.064
0.566	12.323	16.065
0.566	12.327	16.063
0.566	12.329	16.058
0.567	12.333	16.060
0.567	12.335	16.041
0.567	12.349	16.059
0.567	12.357	16.066
0.568	12.360	16.041
0.568	12.364	16.057
0.568	12.362	16.058
0.568	12.375	16.059
0.569	12.388	16.055
0.569	12.401	16.052
0.570	12.418	16.050
0.570	12.429	16.040
0.571	12.445	16.055
0.571	12.454	16.052
0.571	12.460	16.048
0.571	12.464	16.045
0.572	12.469	16.045
0.572	12.479	16.046
0.573	12.503	16.028
0.573	12.510	16.039
0.573	12.512	16.032
0.574	12.524	16.033
0.574	12.527	16.043
0.574	12.532	16.044
0.574	12.536	16.034
0.574	12.547	16.040
0.575	12.551	16.033
0.575	12.555	16.040
0.575	12.555	16.036
0.575	12.566	16.038
0.576	12.571	16.036
0.576	12.567	16.032
0.576	12.584	16.037
0.577	12.585	16.032
0.577	12.500	15.956
0.577	12.451	15.968
0.578	12.595	16.026
0.578	12.601	16.028
0.578	12.616	16.034
0.579	12.622	16.030
0.579	12.631	16.030
0.579	12.638	16.026
0.579	12.640	16.004
0.580	12.652	16.029
0.580	12.656	16.022
0.580	12.662	16.028
0.580	12.669	16.025
0.581	12.674	16.028
0.581	12.679	16.022
0.582	12.694	16.030
0.582	12.703	16.024
0.583	12.713	16.017
0.583	12.716	16.021
0.584	12.740	16.023
0.584	12.754	16.011
0.584	12.756	16.018
0.585	12.770	16.025
0.585	12.771	16.005
0.585	12.777	16.025
0.585	12.787	16.020
0.586	12.795	16.018
0.586	12.797	16.022
0.586	12.803	16.016
0.586	12.812	16.023
0.586	12.819	16.017
0.587	12.818	16.021
0.587	12.828	16.008
0.587	12.831	15.996
0.587	12.835	16.022
0.588	12.846	16.018
0.588	12.853	16.019
0.588	12.860	16.017
0.589	12.865	16.015
0.589	12.884	16.015
0.589	12.898	15.985
0.589	12.906	15.996
0.590	12.918	16.004
0.591	12.941	16.007
0.591	12.950	16.006
0.592	12.961	15.984
0.593	12.990	16.005
0.593	13.000	16.003
0.594	13.004	16.013
0.594	13.009	15.992
0.594	13.023	16.009
0.595	13.025	16.001
0.595	13.038	16.002
0.596	13.044	16.007
0.596	13.046	15.989
0.596	13.051	16.003
0.597	13.055	16.000
0.597	13.057	16.004
0.597	13.061	16.002
0.597	13.064	16.002
0.597	13.063	15.993
0.598	13.072	15.985
0.598	13.076	15.997
0.598	13.087	16.009
0.598	13.090	16.005
0.598	13.088	16.002
0.599	13.097	15.996
0.599	13.104	16.004
0.600	13.119	16.003
0.600	13.131	16.001
0.600	13.136	15.987
0.601	13.146	16.004
0.601	13.156	15.997
0.601	13.157	16.000
0.601	13.160	15.990
0.602	13.168	15.999
0.602	13.167	15.999
0.602	13.171	15.997
0.602	13.172	16.002
0.602	13.170	15.998
0.602	13.180	15.993
0.602	13.188	16.005
0.602	13.188	15.986
0.603	13.197	15.996
0.603	13.199	15.990
0.603	13.202	15.976
0.603	13.204	15.998
0.603	13.208	16.002
0.603	13.209	15.993
0.603	13.210	15.994
0.603	13.214	15.997
0.604	13.219	15.996
0.604	13.225	15.993
0.604	13.226	15.988
0.604	13.236	16.001
0.605	13.239	15.995
0.605	13.245	15.999
0.605	13.250	15.981
0.605	13.253	15.995
0.605	13.251	15.986
0.605	13.259	15.998
0.605	13.274	15.976
0.606	13.273	15.968
0.606	13.277	15.990
0.606	13.281	15.993
0.606	13.286	15.998
0.606	13.290	15.996
0.606	13.289	15.990
0.606	13.296	15.988
0.606	13.302	15.989
0.607	13.298	15.967
0.607	13.307	15.977
0.607	13.310	15.979
0.607	13.316	15.971
0.607	13.321	15.988
0.607	13.323	15.992
0.608	13.329	15.992
0.608	13.337	15.995
0.608	13.345	15.990
0.608	13.350	15.988
0.608	13.351	15.986
0.608	13.350	15.987
0.608	13.359	15.990
0.608	13.363	15.982
0.609	13.360	15.968
0.609	13.369	15.988
0.609	13.374	15.994
0.609	13.381	15.987
0.610	13.384	15.991
0.610	13.393	15.982
0.610	13.403	15.966
0.611	13.415	15.983
0.611	13.424	15.977
0.611	13.436	15.984
0.612	13.443	15.981
0.612	13.442	15.988
0.612	13.451	15.979
0.612	13.455	15.982
0.612	13.456	15.989
0.612	13.462	15.984
0.612	13.464	15.983
0.613	13.466	15.980
0.613	13.477	15.988
0.613	13.481	15.980
0.613	13.482	15.972
0.614	13.479	15.986
0.614	13.495	15.974
0.614	13.500	15.983
0.615	13.500	15.985
0.615	13.502	15.980
0.615	13.505	15.979
0.615	13.506	15.979
0.615	13.509	15.980
0.616	13.511	15.988
0.616	13.513	15.984
0.616	13.515	15.983
0.616	13.521	15.979
0.616	13.525	15.983
0.616	13.521	15.980
0.616	13.526	15.978
0.616	13.529	15.986
0.616	13.526	15.978
0.617	13.534	15.980
0.617	13.538	15.980
0.617	13.538	15.959
0.617	13.544	15.983
0.617	13.549	15.981
0.618	13.552	15.977
0.618	13.557	15.984
0.619	13.571	15.987
0.619	13.575	15.974
0.619	13.583	15.983
0.619	13.585	15.979
0.620	13.590	15.982
0.620	13.594	15.981
0.620	13.600	15.977
0.620	13.604	15.970
0.621	13.613	15.979
0.621	13.614	15.976
0.621	13.623	15.980
0.621	13.627	15.981
0.621	13.634	15.981
0.622	13.641	15.980
0.622	13.650	15.979
0.622	13.657	15.984
0.622	13.663	15.963
0.623	13.674	15.974
0.624	13.691	15.979
0.624	13.700	15.977
0.624	13.705	15.971
0.625	13.719	15.973
0.625	13.731	15.959
0.626	13.738	15.971
0.626	13.748	15.974
0.626	13.752	15.974
0.626	13.755	15.970
0.627	13.762	15.970
0.627	13.766	15.970
0.627	13.766	15.973
0.627	13.770	15.976
0.627	13.773	15.972
0.627	13.777	15.977
0.627	13.782	15.960
0.627	13.792	15.970
0.628	13.797	15.950
0.628	13.814	15.965
0.628	13.821	15.974
0.628	13.827	15.967
0.628	13.834	15.971
0.629	13.833	15.949
0.629	13.845	15.972
0.630	13.854	15.969
0.630	13.865	15.970
0.631	13.879	15.966
0.631	13.884	15.962
0.631	13.889	15.962
0.631	13.899	15.963
0.632	13.901	15.959
0.632	13.904	15.940
0.632	13.908	15.968
0.632	13.909	15.968
0.632	13.915	15.959
0.632	13.919	15.971
0.632	13.918	15.961
0.633	13.922	15.962
0.633	13.927	15.969
0.633	13.928	15.970
0.633	13.938	15.970
0.634	13.943	15.963
0.634	13.945	15.963
0.634	13.953	15.966
0.634	13.954	15.967
0.635	13.958	15.968
0.635	13.960	15.958
0.635	13.965	15.972
0.635	13.969	15.966
0.636	13.974	15.961
0.636	13.977	15.964
0.636	13.986	15.964
0.637	13.990	15.965
0.637	13.992	15.968
0.637	14.001	15.965
0.637	14.001	15.964
0.638	14.007	15.962
0.638	14.016	15.967
0.638	14.016	15.955
0.638	14.023	15.948
0.639	14.028	15.966
0.639	14.038	15.956
0.639	14.047	15.960
0.639	14.055	15.960
0.640	14.062	15.958
0.640	14.072	15.958
0.640	14.077	15.956
0.641	14.081	15.956
0.641	14.089	15.959
0.641	14.095	15.957
0.641	14.104	15.956
0.641	14.110	15.953
0.642	14.116	15.956
0.642	14.123	15.959
0.643	14.131	15.961
0.643	14.134	15.945
0.643	14.150	15.949
0.644	14.157	15.952
0.644	14.170	15.952
0.644	14.175	15.950
0.645	14.185	15.949
0.645	14.196	15.943
0.645	14.201	15.948
0.646	14.210	15.951
0.646	14.214	15.948
0.646	14.218	15.953
0.646	14.233	15.949
0.647	14.240	15.944
0.647	14.249	15.946
0.648	14.259	15.929
0.648	14.269	15.949
0.648	14.276	15.945
0.648	14.280	15.952
0.648	14.286	15.922
0.649	14.295	15.945
0.649	14.300	15.947
0.649	14.312	15.942
0.650	14.327	15.941
0.651	14.354	15.942
0.652	14.362	15.947
0.652	14.368	15.941
0.652	14.364	15.933
0.652	14.374	15.937
0.652	14.378	15.933
0.652	14.381	15.944
0.653	14.391	15.949
0.653	14.396	15.951
0.653	14.396	15.929
0.653	14.401	15.942
0.653	14.403	15.949
0.654	14.403	15.944
0.654	14.408	15.944
0.654	14.406	15.949
0.654	14.411	15.946
0.655	14.415	15.938
0.655	14.417	15.947
0.655	14.425	15.941
0.655	14.430	15.926
0.655	14.433	15.941
0.655	14.440	15.937
0.656	14.443	15.944
0.656	14.442	15.943
0.656	14.448	15.942
0.656	14.449	15.939
0.656	14.452	15.942
0.656	14.455	15.941
0.656	14.458	15.939
0.657	14.462	15.946
0.657	14.468	15.938
0.657	14.470	15.939
0.657	14.474	15.945
0.657	14.476	15.939
0.658	14.479	15.936
0.658	14.486	15.942
0.658	14.494	15.916
0.659	14.501	15.923
0.659	14.514	15.941
0.659	14.524	15.938
0.660	14.528	15.941
0.660	14.539	15.940
0.660	14.546	15.940
0.660	14.535	15.925
0.661	14.551	15.914
0.661	14.555	15.926
0.661	14.564	15.937
0.661	14.570	15.943
0.661	14.358	15.855
0.661	14.503	15.926
0.661	14.574	15.938
0.662	14.595	15.932
0.663	14.608	15.928
0.663	14.603	15.927
0.663	14.609	15.925
0.663	14.610	15.910
0.663	14.612	15.928
0.663	14.618	15.928
0.663	14.621	15.927
0.664	14.624	15.924
0.664	14.634	15.931
0.664	14.635	15.921
0.664	14.643	15.921
0.664	14.634	15.923
0.664	14.650	15.922
0.664	14.648	15.911
0.665	14.649	15.930
0.665	14.653	15.924
0.665	14.657	15.910
0.665	14.662	15.922
0.665	14.666	15.917
0.666	14.680	15.923
0.666	14.685	15.925
0.666	14.692	15.931
0.667	14.707	15.924
0.667	14.717	15.923
0.667	14.715	15.922
0.668	14.730	15.921
0.668	14.745	15.903
0.669	14.760	15.903
0.669	14.770	15.917
0.670	14.786	15.917
0.670	14.799	15.919
0.671	14.814	15.912
0.672	14.820	15.910
0.672	14.830	15.913
0.672	14.837	15.914
0.672	14.835	15.912
0.672	14.840	15.908
0.673	14.848	15.912
0.673	14.851	15.905
0.673	14.853	15.905
0.673	14.862	15.906
0.673	14.862	15.882
0.674	14.862	15.895
0.674	14.864	15.901
0.674	14.869	15.912
0.674	14.875	15.896
0.674	14.881	15.910
0.675	14.888	15.900
0.675	14.899	15.906
0.675	14.900	15.905
0.676	14.917	15.889
0.678	14.944	15.898
0.679	14.966	15.900
0.679	14.970	15.899
0.679	14.977	15.899
0.679	14.981	15.903
0.679	14.985	15.900
0.679	14.986	15.893
0.679	14.993	15.887
0.680	14.998	15.897
0.680	14.999	15.897
0.680	15.009	15.899
0.680	15.013	15.895
0.680	15.013	15.893
0.680	15.018	15.886
0.681	15.026	15.896
0.681	15.032	15.895
0.681	15.039	15.891
0.681	15.043	15.891
0.681	15.049	15.894
0.682	15.056	15.895
0.682	15.060	15.895
0.682	15.061	15.886
0.682	15.063	15.895
0.682	15.065	15.894
0.682	15.067	15.886
0.682	15.073	15.890
0.682	15.077	15.897
0.683	15.083	15.889
0.683	15.083	15.879
0.683	15.085	15.893
0.684	15.096	15.891
0.684	15.100	15.892
0.684	15.099	15.892
0.684	15.114	15.889
0.685	15.117	15.890
0.685	15.125	15.887
0.685	15.132	15.891
0.685	15.138	15.896
0.685	15.138	15.885
0.686	15.147	15.894
0.686	15.151	15.887
0.686	15.162	15.887
0.686	15.169	15.886
0.687	15.170	15.889
0.687	15.182	15.892
0.687	15.188	15.889
0.687	15.187	15.891
0.687	15.202	15.883
0.688	15.210	15.881
0.688	15.216	15.886
0.688	15.218	15.878
0.689	15.225	15.882
0.689	15.237	15.891
0.689	15.244	15.878
0.689	15.252	15.884
0.690	15.257	15.873
0.690	15.258	15.874
0.690	15.260	15.882
0.690	15.275	15.890
0.691	15.282	15.886
0.691	15.282	15.882
0.691	15.291	15.876
0.691	15.294	15.884
0.691	15.298	15.888
0.692	15.307	15.874
0.692	15.310	15.875
0.692	15.316	15.876
0.693	15.318	15.877
0.693	15.319	15.881
0.693	15.325	15.875
0.693	15.327	15.884
0.694	15.328	15.880
0.694	15.333	15.883
0.694	15.338	15.872
0.694	15.344	15.878
0.694	15.353	15.886
0.695	15.357	15.886
0.695	15.359	15.873
0.695	15.367	15.883
0.695	15.368	15.885
0.696	15.375	15.877
0.696	15.384	15.881
0.696	15.388	15.884
0.696	15.387	15.871
0.697	15.393	15.880
0.697	15.399	15.883
0.697	15.405	15.883
0.698	15.417	15.879
0.698	15.435	15.870
0.699	15.430	15.875
0.699	15.450	15.866
0.700	15.458	15.866
0.700	15.477	15.878
0.700	15.481	15.874
0.700	15.480	15.878
0.701	15.486	15.874
0.701	15.491	15.873
0.701	15.491	15.877
0.701	15.499	15.875
0.701	15.503	15.874
0.702	15.505	15.878
0.702	15.507	15.871
0.702	15.513	15.875
0.702	15.519	15.864
0.702	15.523	15.873
0.702	15.531	15.870
0.703	15.534	15.870
0.703	15.538	15.875
0.703	15.543	15.870
0.703	15.557	15.875
0.704	15.559	15.864
0.704	15.564	15.876
0.704	15.569	15.872
0.704	15.578	15.875
0.704	15.584	15.875
0.705	15.586	15.876
0.705	15.592	15.873
0.705	15.595	15.847
0.705	15.596	15.868
0.705	15.603	15.870
0.706	15.606	15.866
0.706	15.610	15.870
0.706	15.614	15.866
0.706	15.623	15.856
0.707	15.636	15.865
0.707	15.639	15.868
0.707	15.647	15.863
0.707	15.656	15.859
0.707	15.657	15.864
0.708	15.666	15.865
0.708	15.674	15.864
0.709	15.684	15.852
0.709	15.699	15.859
0.709	15.706	15.865
0.710	15.708	15.838
0.710	15.717	15.864
0.710	15.724	15.859
0.710	15.729	15.863
0.711	15.733	15.858
0.711	15.740	15.858
0.711	15.745	15.857
0.711	15.752	15.862
0.711	15.752	15.857
0.712	15.767	15.864
0.712	15.774	15.854
0.713	15.776	15.862
0.713	15.787	15.855
0.713	15.789	15.854
0.713	15.787	15.848
0.714	15.789	15.837
0.714	15.792	15.833
0.714	15.802	15.864
0.715	15.811	15.848
0.715	15.821	15.856
0.715	15.827	15.857
0.716	15.834	15.856
0.716	15.830	15.855
0.716	15.843	15.855
0.716	15.856	15.857
0.717	15.860	15.842
0.718	15.886	15.854
0.718	15.898	15.842
0.719	15.905	15.847
0.719	15.913	15.853
0.719	15.914	15.848
0.719	15.917	15.839
0.719	15.923	15.852
0.720	15.924	15.857
0.720	15.931	15.852
0.720	15.938	15.856
0.720	15.939	15.848
0.721	15.950	15.853
0.721	15.957	15.853
0.721	15.960	15.856
0.721	15.978	15.851
0.721	15.979	15.833
0.722	15.985	15.841
0.722	15.995	15.845
0.722	15.998	15.847
0.722	16.005	15.839
0.723	16.012	15.847
0.723	16.020	15.851
0.723	16.020	15.848
0.723	16.025	15.840
0.724	16.027	15.829
0.724	16.036	15.850
0.724	16.042	15.850
0.724	16.047	15.854
0.725	16.055	15.846
0.725	16.059	15.849
0.725	16.061	15.843
0.725	16.072	15.840
0.726	16.082	15.844
0.726	16.087	15.843
0.726	16.096	15.833
0.726	16.102	15.840
0.726	16.103	15.844
0.726	16.109	15.839
0.727	16.111	15.844
0.727	16.116	15.820
0.727	16.118	15.844
0.727	16.122	15.846
0.727	16.126	15.842
0.727	16.130	15.839
0.728	16.132	15.841
0.728	16.146	15.840
0.728	16.149	15.821
0.728	16.157	15.845
0.728	16.165	15.840
0.729	16.169	15.841
0.729	16.164	15.839
0.729	16.174	15.839
0.729	16.180	15.848
0.729	16.183	15.835
0.730	16.185	15.842
0.730	16.190	15.848
0.730	16.199	15.839
0.730	16.202	15.847
0.730	16.208	15.846
0.731	16.212	15.837
0.731	16.225	15.838
0.731	16.226	15.842
0.732	16.235	15.844
0.732	16.237	15.839
0.732	16.234	15.845
0.732	16.240	15.837
0.732	16.242	15.842
0.733	16.238	15.839
0.733	16.243	15.842
0.733	16.246	15.840
0.733	16.250	15.834
0.733	16.257	15.843
0.734	16.264	15.835
0.734	16.270	15.827
0.735	16.284	15.841
0.735	16.289	15.832
0.735	16.299	15.831
0.736	16.296	15.842
0.736	16.302	15.845
0.736	16.311	15.836
0.737	16.321	15.838
0.737	16.329	15.835
0.738	16.346	15.823
0.738	16.352	15.836
0.738	16.354	15.815
0.739	16.366	15.835
0.739	16.377	15.836
0.739	16.391	15.832
0.739	16.397	15.825
0.740	16.400	15.831
0.740	16.405	15.834
0.740	16.412	15.835
0.740	16.410	15.825
0.740	16.421	15.831
0.740	16.423	15.834
0.741	16.418	15.833
0.741	16.432	15.831
0.741	16.435	15.828
0.741	16.435	15.831
0.742	16.447	15.830
0.742	16.450	15.808
0.742	16.453	15.813
0.742	16.463	15.828
0.743	16.474	15.824
0.743	16.481	15.822
0.743	16.489	15.825
0.743	16.488	15.821
0.744	16.493	15.827
0.744	16.497	15.831
0.744	16.499	15.827
0.744	16.513	15.823
0.744	16.514	15.829
0.744	16.513	15.829
0.745	16.523	15.825
0.745	16.530	15.826
0.745	16.535	15.822
0.745	16.538	15.829
0.746	16.317	15.811
0.746	16.494	15.821
0.746	16.559	15.817
0.746	16.563	15.819
0.746	16.571	15.831
0.746	16.573	15.825
0.747	16.577	15.799
0.747	16.582	15.821
0.747	16.586	15.825
0.747	16.594	15.815
0.748	16.602	15.826
0.748	16.601	15.823
0.748	16.615	15.829
0.748	16.609	15.818
0.749	16.624	15.827
0.749	16.627	15.817
0.749	16.632	15.820
0.749	16.633	15.826
0.749	16.641	15.823
0.749	16.644	15.825
0.750	16.648	15.826
0.750	16.653	15.821
0.750	16.656	15.820
0.750	16.666	15.825
0.750	16.671	15.823
0.751	16.677	15.827
0.751	16.676	15.818
0.751	16.681	15.807
0.752	16.679	15.815
0.752	16.691	15.822
0.752	16.695	15.821
0.752	16.693	15.827
0.753	16.704	15.824
0.753	16.707	15.821
0.753	16.709	15.822
0.753	16.721	15.819
0.754	16.727	15.816
0.754	16.733	15.802
0.754	16.735	15.818
0.754	16.740	15.819
0.755	16.748	15.809
0.755	16.766	15.811
0.755	16.753	15.816
0.756	16.771	15.817
0.756	16.771	15.812
0.756	16.774	15.819
0.756	16.786	15.814
0.757	16.793	15.814
0.757	16.792	15.813
0.757	16.801	15.814
0.757	16.802	15.805
0.758	16.814	15.811
0.758	16.820	15.811
0.758	16.828	15.815
0.759	16.844	15.804
0.759	16.854	15.822
0.759	16.857	15.806
0.760	16.864	15.794
0.760	16.870	15.809
0.760	16.869	15.809
0.760	16.876	15.810
0.760	16.882	15.820
0.760	16.882	15.812
0.761	16.891	15.819
0.761	16.895	15.804
0.761	16.896	15.810
0.761	16.898	15.811
0.761	16.906	15.810
0.761	16.909	15.808
0.761	16.917	15.807
0.761	16.919	15.804
0.762	16.923	15.809
0.762	16.923	15.809
0.762	16.925	15.810
0.762	16.934	15.813
0.763	16.941	15.805
0.763	16.942	15.804
0.763	16.949	15.807
0.763	16.959	15.809
0.763	16.958	15.808
0.764	16.971	15.810
0.764	16.975	15.811
0.764	16.978	15.797
0.764	16.984	15.808
0.765	16.992	15.811
0.765	16.995	15.807
0.765	17.005	15.808
0.765	17.012	15.806
0.766	17.018	15.782
0.766	17.038	15.808
0.766	17.042	15.803
0.767	17.048	15.794
0.767	17.053	15.807
0.767	17.050	15.807
0.767	17.056	15.808
0.767	17.062	15.804
0.767	17.062	15.807
0.768	17.071	15.805
0.768	17.081	15.806
0.768	17.081	15.798
0.768	17.098	15.806
0.769	17.100	15.801
0.769	17.106	15.780
0.769	17.113	15.803
0.769	17.117	15.795
0.769	17.117	15.797
0.770	17.126	15.806
0.770	17.123	15.795
0.770	17.132	15.802
0.770	17.132	15.804
0.770	17.129	15.803
0.770	17.138	15.805
0.770	17.140	15.803
0.771	17.135	15.798
0.771	17.143	15.804
0.771	17.145	15.802
0.771	17.141	15.798
0.771	17.150	15.802
0.772	17.155	15.797
0.772	17.158	15.790
0.772	17.164	15.797
0.773	17.171	15.793
0.773	17.186	15.801
0.773	17.195	15.794
0.774	17.201	15.789
0.774	17.204	15.799
0.775	17.217	15.793
0.775	17.216	15.788
0.775	17.236	15.797
0.775	17.243	15.792
0.776	17.246	15.790
0.776	17.260	15.795
0.776	17.262	15.787
0.776	17.267	15.791
0.777	17.270	15.796
0.777	17.268	15.782
0.777	17.275	15.797
0.777	17.279	15.784
0.778	17.289	15.792
0.778	17.296	15.792
0.778	17.299	15.794
0.778	17.298	15.786
0.778	17.309	15.798
0.779	17.312	15.785
0.779	17.316	15.785
0.779	17.326	15.781
0.779	17.333	15.783
0.779	17.333	15.790
0.780	17.341	15.794
0.780	17.343	15.789
0.780	17.352	15.787
0.780	17.358	15.794
0.781	17.367	15.791
0.781	17.373	15.765
0.781	17.377	15.792
0.781	17.378	15.786
0.781	17.387	15.789
0.782	17.389	15.785
0.782	17.390	15.778
0.782	17.405	15.791
0.783	17.410	15.782
0.783	17.413	15.786
0.783	17.422	15.779
0.783	17.426	15.772
0.783	17.428	15.765
0.784	17.436	15.794
0.784	17.450	15.772
0.784	17.455	15.786
0.784	17.459	15.785
0.785	17.462	15.789
0.785	17.468	15.790
0.785	17.468	15.788
0.785	17.466	15.789
0.785	17.476	15.789
0.785	17.479	15.784
0.786	17.478	15.791
0.786	17.487	15.789
0.786	17.493	15.786
0.786	17.497	15.785
0.786	17.496	15.779
0.787	17.530	15.786
0.787	17.528	15.784
0.787	17.530	15.783
0.787	17.539	15.788
0.788	17.548	15.773
0.788	17.552	15.775
0.788	17.556	15.774
0.788	17.561	15.780
0.788	17.561	15.777
0.789	17.570	15.773
0.789	17.574	15.771
0.789	17.580	15.779
0.789	17.584	15.784
0.790	17.594	15.781
0.790	17.596	15.777
0.790	17.591	15.774
0.790	17.598	15.778
0.791	17.604	15.777
0.791	17.607	15.781
0.791	17.607	15.777
0.791	17.615	15.778
0.791	17.617	15.779
0.791	17.620	15.777
0.792	17.624	15.778
0.792	17.623	15.768
0.792	17.634	15.766
0.792	17.635	15.745
0.792	17.648	15.773
0.793	17.648	15.777
0.793	17.656	15.775
0.794	17.668	15.776
0.794	17.678	15.772
0.794	17.681	15.775
0.795	17.691	15.769
0.795	17.697	15.755
0.796	17.704	15.775
0.796	17.720	15.775
0.797	17.730	15.775
0.797	17.739	15.752
0.798	17.752	15.775
0.798	17.761	15.757
0.798	17.767	15.765
0.799	17.778	15.771
0.799	17.781	15.777
0.799	17.791	15.779
0.799	17.798	15.768
0.800	17.798	15.764
0.800	17.815	15.765
0.800	17.823	15.770
0.801	17.831	15.765
0.801	17.839	15.765
0.801	17.844	15.770
0.801	17.848	15.760
0.802	17.858	15.762
0.802	17.863	15.766
0.802	17.865	15.759
0.802	17.875	15.751
0.802	17.877	15.764
0.803	17.884	15.751
0.803	17.886	15.760
0.803	17.883	15.757
0.803	17.896	15.757
0.804	17.902	15.761
0.804	17.898	15.766
0.804	17.912	15.763
0.804	17.916	15.761
0.805	17.922	15.757
0.805	17.941	15.731
0.805	17.941	15.759
0.805	17.951	15.759
0.805	17.955	15.756
0.806	17.953	15.757
0.806	17.965	15.749
0.806	17.968	15.756
0.806	17.964	15.758
0.806	17.976	15.757
0.806	17.982	15.756
0.807	17.978	15.733
0.807	17.988	15.749
0.807	17.997	15.744
0.808	18.018	15.752
0.808	18.026	15.752
0.808	18.025	15.751
0.808	18.034	15.750
0.808	18.038	15.747
0.809	18.037	15.752
0.809	18.046	15.756
0.809	18.044	15.739
0.809	18.052	15.740
0.809	18.055	15.760
0.810	18.057	15.754
0.810	18.065	15.752
0.810	18.065	15.744
0.810	18.067	15.754
0.810	18.066	15.754
0.810	18.071	15.754
0.810	18.078	15.756
0.811	18.080	15.755
0.811	18.082	15.752
0.811	18.079	15.750
0.811	18.089	15.756
0.811	18.089	15.751
0.812	18.089	15.747
0.812	18.101	15.748
0.812	18.103	15.742
0.812	18.106	15.753
0.812	18.113	15.749
0.812	18.117	15.745
0.813	18.123	15.751
0.813	18.126	15.750
0.813	18.127	15.750
0.813	18.127	15.729
0.814	18.141	15.747
0.814	18.149	15.746
0.814	18.158	15.746
0.814	18.161	15.749
0.814	18.161	15.750
0.814	18.172	15.745
0.815	18.174	15.754
0.815	18.177	15.745
0.816	18.192	15.743
0.816	18.196	15.744
0.816	18.195	15.747
0.816	18.205	15.736
0.817	18.222	15.748
0.818	18.232	15.741
0.818	18.245	15.742
0.819	18.267	15.745
0.819	18.271	15.724
0.819	18.271	15.738
0.819	18.278	15.745
0.819	18.277	15.733
0.820	18.290	15.737
0.820	18.290	15.741
0.820	18.304	15.743
0.821	18.319	15.743
0.821	18.318	15.731
0.821	18.333	15.741
0.821	18.334	15.739
0.822	18.335	15.725
0.822	18.341	15.714
0.822	18.349	15.736
0.822	18.354	15.719
0.823	18.342	15.731
0.823	18.364	15.731
0.823	18.372	15.724
0.823	18.360	15.677
0.824	18.264	15.734
0.824	18.388	15.739
0.824	18.382	15.728
0.824	18.345	15.714
0.824	18.396	15.729
0.824	18.301	15.719
0.825	18.402	15.725
0.825	18.418	15.722
0.825	18.417	15.731
0.826	18.430	15.735
0.826	18.440	15.735
0.826	18.452	15.729
0.827	18.474	15.736
0.828	18.486	15.725
0.828	18.494	15.705
0.829	18.500	15.723
0.829	18.514	15.727
0.829	18.527	15.715
0.830	18.525	15.730
0.830	18.529	15.727
0.831	18.552	15.729
0.831	18.561	15.732
0.832	18.565	15.730
0.832	18.586	15.728
0.832	18.589	15.713
0.833	18.591	15.719
0.834	18.610	15.720
0.834	18.621	15.727
0.834	18.630	15.721
0.834	18.632	15.726
0.835	18.637	15.705
0.835	18.650	15.723
0.836	18.660	15.726
0.836	18.675	15.716
0.837	18.689	15.709
0.837	18.697	15.725
0.837	18.693	15.707
0.838	18.711	15.720
0.838	18.718	15.719
0.838	18.717	15.706
0.838	18.732	15.718
0.839	18.736	15.715
0.839	18.741	15.717
0.839	18.753	15.716
0.840	18.758	15.699
0.840	18.770	15.693
0.840	18.778	15.704
0.840	18.778	15.712
0.841	18.785	15.715
0.841	18.790	15.708
0.841	18.789	15.710
0.841	18.799	15.713
0.842	18.803	15.706
0.842	18.803	15.717
0.842	18.816	15.702
0.842	18.821	15.697
0.842	18.826	15.709
0.843	18.834	15.714
0.843	18.835	15.711
0.843	18.842	15.694
0.843	18.847	15.707
0.844	18.856	15.709
0.844	18.866	15.694
0.845	18.871	15.702
0.845	18.870	15.695
0.845	18.886	15.707
0.845	18.894	15.713
0.846	18.898	15.708
0.846	18.911	15.700
0.846	18.918	15.700
0.847	18.932	15.700
0.847	18.944	15.700
0.848	18.957	15.709
0.848	18.955	15.698
0.848	18.966	15.705
0.849	18.972	15.700
0.849	18.980	15.706
0.849	18.980	15.702
0.849	18.982	15.698
0.849	18.995	15.704
0.850	19.001	15.684
0.850	19.011	15.703
0.851	19.026	15.702
0.851	19.034	15.701
0.852	19.038	15.697
0.852	19.054	15.701
0.853	19.060	15.692
0.853	19.075	15.698
0.853	19.075	15.699
0.854	19.088	15.700
0.855	19.104	15.685
0.856	19.116	15.691
0.856	19.126	15.653
0.857	19.158	15.675
0.858	19.176	15.684
0.858	19.178	15.673
0.859	19.190	15.688
0.859	19.201	15.695
0.859	19.202	15.681
0.859	19.216	15.682
0.859	19.215	15.692
0.859	19.215	15.663
0.860	19.225	15.689
0.860	19.231	15.672
0.860	19.245	15.689
0.860	19.249	15.687
0.861	19.250	15.683
0.861	19.256	15.689
0.861	19.260	15.678
0.861	19.260	15.686
0.862	19.276	15.688
0.862	19.283	15.682
0.862	19.282	15.684
0.862	19.294	15.682
0.863	19.297	15.667
0.863	19.303	15.686
0.863	19.313	15.685
0.864	19.320	15.679
0.864	19.327	15.683
0.864	19.338	15.684
0.865	19.345	15.680
0.865	19.350	15.671
0.866	19.368	15.678
0.866	19.390	15.681
0.867	19.407	15.680
0.867	19.416	15.675
0.868	19.419	15.679
0.868	19.435	15.681
0.868	19.437	15.680
0.868	19.431	15.664
0.869	19.447	15.678
0.869	19.454	15.680
0.869	19.458	15.670
0.870	19.478	15.674
0.870	19.485	15.657
0.871	19.493	15.669
0.871	19.505	15.667
0.871	19.512	15.671
0.871	19.519	15.665
0.872	19.527	15.669
0.872	19.524	15.657
0.872	19.535	15.655
0.872	19.538	15.673
0.872	19.534	15.658
0.873	19.544	15.659
0.873	19.552	15.674
0.874	19.554	15.654
0.874	19.571	15.662
0.875	19.564	15.655
0.875	19.597	15.647
0.876	19.608	15.656
0.876	19.622	15.664
0.877	19.639	15.666
0.877	19.645	15.669
0.877	19.644	15.659
0.877	19.656	15.649
0.878	19.660	15.663
0.878	19.667	15.645
0.878	19.676	15.669
0.878	19.680	15.658
0.878	19.680	15.657
0.878	19.681	15.660
0.878	19.686	15.644
0.879	19.696	15.661
0.879	19.701	15.650
0.879	19.692	15.655
0.880	19.700	15.662
0.880	19.703	15.655
0.880	19.711	15.654
0.880	19.722	15.657
0.880	19.723	15.659
0.881	19.735	15.658
0.881	19.740	15.655
0.881	19.743	15.658
0.881	19.749	15.643
0.881	19.756	15.653
0.882	19.766	15.664
0.882	19.768	15.655
0.882	19.780	15.644
0.883	19.783	15.660
0.883	19.793	15.648
0.883	19.784	15.660
0.884	19.801	15.645
0.884	19.806	15.648
0.884	19.814	15.664
0.885	19.822	15.648
0.885	19.832	15.652
0.885	19.839	15.655
0.885	19.843	15.661
0.886	19.848	15.660
0.886	19.855	15.659
0.886	19.873	15.650
0.887	19.885	15.640
0.887	19.883	15.643
0.887	19.902	15.649
0.888	19.907	15.649
0.888	19.909	15.650
0.889	19.922	15.646
0.889	19.931	15.650
0.890	19.945	15.648
0.890	19.952	15.651
0.890	19.965	15.650
0.891	19.978	15.652
0.891	19.989	15.647
0.892	19.995	15.641
0.892	19.991	15.643
0.892	19.999	15.634
0.893	20.002	15.616
0.893	20.015	15.646
0.894	20.035	15.644
0.894	20.037	15.649
0.894	20.054	15.642
0.895	20.068	15.640
0.896	20.087	15.641
0.897	20.110	15.638
0.898	20.127	15.637
0.899	20.133	15.634
0.899	20.147	15.634
0.899	20.149	15.638
0.899	20.159	15.636
0.899	20.163	15.634
0.899	20.164	15.635
0.900	20.171	15.641
0.900	20.183	15.638
0.900	20.182	15.629
0.901	20.197	15.638
0.901	20.211	15.642
0.901	20.215	15.633
0.902	20.223	15.635
0.902	20.232	15.634
0.903	20.243	15.617
0.903	20.255	15.632
0.903	20.262	15.639
0.904	20.262	15.635
0.904	20.270	15.628
0.904	20.275	15.629
0.904	20.291	15.630
0.905	20.285	15.637
0.905	20.285	15.629
0.905	20.300	15.626
0.905	20.302	15.622
0.905	20.313	15.608
0.906	20.319	15.633
0.906	20.324	15.630
0.906	20.327	15.623
0.906	20.339	15.626
0.906	20.339	15.625
0.907	20.349	15.626
0.907	20.353	15.630
0.907	20.343	15.620
0.907	20.358	15.611
0.907	20.360	15.617
0.908	20.360	15.633
0.908	20.378	15.628
0.908	20.383	15.628
0.909	20.390	15.615
0.909	20.404	15.626
0.910	20.413	15.620
0.910	20.414	15.625
0.910	20.424	15.629
0.911	20.421	15.623
0.911	20.439	15.630
0.911	20.442	15.624
0.912	20.443	15.622
0.912	20.450	15.624
0.912	20.453	15.621
0.912	20.453	15.620
0.912	20.466	15.624
0.913	20.470	15.622
0.913	20.474	15.616
0.914	20.492	15.621
0.914	20.502	15.618
0.915	20.529	15.617
0.916	20.543	15.611
0.917	20.565	15.617
0.917	20.585	15.604
0.917	20.594	15.599
0.918	20.586	15.597
0.918	20.601	15.589
0.918	20.602	15.595
0.918	20.604	15.608
0.918	20.613	15.609
0.919	20.611	15.606
0.919	20.619	15.608
0.919	20.623	15.619
0.919	20.626	15.611
0.919	20.628	15.611
0.920	20.631	15.617
0.920	20.632	15.616
0.921	20.641	15.612
0.921	20.644	15.610
0.922	20.655	15.613
0.922	20.654	15.602
0.923	20.647	15.608
0.923	20.655	15.606
0.923	20.664	15.607
0.923	20.665	15.607
0.923	20.662	15.608
0.924	20.672	15.601
0.924	20.669	15.607
0.924	20.665	15.600
0.924	20.672	15.605
0.924	20.672	15.608
0.924	20.667	15.604
0.925	20.675	15.607
0.925	20.681	15.606
0.925	20.682	15.607
0.926	20.688	15.608
0.926	20.691	15.607
0.926	20.692	15.586
0.927	20.691	15.609
0.927	20.696	15.607
0.927	20.698	15.606
0.927	20.702	15.607
0.928	20.697	15.605
0.928	20.702	15.601
0.928	20.705	15.610
0.929	20.695	15.598
0.929	20.705	15.595
0.930	20.708	15.587
0.930	20.716	15.609
0.930	20.714	15.607
0.931	20.721	15.604
0.931	20.718	15.580
0.931	20.705	15.602
0.931	20.719	15.592
0.931	20.714	15.585
0.932	20.724	15.608
0.932	20.718	15.598
0.932	20.471	15.597
0.932	20.481	15.592
0.932	20.689	15.579
0.932	20.720	15.594
0.933	20.724	15.600
0.933	20.730	15.589
0.933	20.733	15.601
0.934	20.729	15.601
0.934	20.730	15.600
0.935	20.739	15.611
0.936	20.738	15.607
0.936	20.746	15.601
0.936	20.741	15.601
0.937	20.742	15.604
0.937	20.750	15.612
0.937	20.751	15.601
0.937	20.729	15.595
0.937	20.756	15.607
0.938	20.754	15.607
0.938	20.743	15.609
0.938	20.757	15.604
0.938	20.757	15.607
0.939	20.760	15.607
0.939	20.760	15.599
0.939	20.755	15.611
0.939	20.761	15.601
0.940	20.763	15.599
0.940	20.756	15.605
0.940	20.769	15.601
0.941	20.765	15.597
0.941	20.759	15.610
0.942	20.770	15.581
0.942	20.769	15.585
0.942	20.775	15.607
0.942	20.775	15.604
0.943	20.775	15.599
0.943	20.776	15.604
0.943	20.777	15.604
0.943	20.778	15.607
0.943	20.780	15.609
0.943	20.781	15.602
0.944	20.770	15.601
0.944	20.781	15.606
0.944	20.782	15.601
0.944	20.766	15.604
0.944	20.791	15.602
0.944	20.784	15.594
0.945	20.776	15.604
0.945	20.788	15.611
0.945	20.786	15.596
0.945	20.789	15.601
0.946	20.790	15.607
0.946	20.788	15.606
0.946	20.792	15.581
0.946	20.794	15.601
0.947	20.795	15.610
0.947	20.798	15.582
0.948	20.799	15.609
0.948	20.791	15.603
0.949	20.802	15.596
0.949	20.804	15.603
0.949	20.797	15.596
0.950	20.806	15.603
0.950	20.804	15.606
0.950	20.803	15.606
0.951	20.808	15.597
0.951	20.809	15.602
0.952	20.814	15.605
0.952	20.815	15.600
0.953	20.812	15.604
0.953	20.818	15.591
0.953	20.819	15.600
0.954	20.828	15.590
0.954	20.824	15.601
0.955	20.829	15.602
0.955	20.822	15.599
0.956	20.825	15.592
0.956	20.826	15.587
0.956	20.827	15.600
0.957	20.834	15.599
0.957	20.828	15.596
0.957	20.829	15.598
0.957	20.838	15.606
0.958	20.838	15.601
0.958	20.833	15.603
0.958	20.841	15.594
0.958	20.839	15.598
0.959	20.840	15.577
0.959	20.844	15.596
0.959	20.846	15.599
0.960	20.848	15.600
0.960	20.846	15.607
0.960	20.842	15.603
0.961	20.851	15.598
0.961	20.853	15.592
0.962	20.849	15.605
0.962	20.856	15.602
0.962	20.854	15.596
0.962	20.851	15.602
0.962	20.856	15.600
0.962	20.859	15.601
0.963	20.859	15.590
0.963	20.851	15.598
0.963	20.861	15.608
0.963	20.862	15.587
0.964	20.863	15.605
0.964	20.866	15.604
0.964	20.868	15.594
0.965	20.866	15.595
0.965	20.871	15.596
0.965	20.874	15.602
0.966	20.875	15.596
0.966	20.869	15.600
0.966	20.876	15.598
0.967	20.878	15.598
0.967	20.872	15.599
0.967	20.877	15.599
0.968	20.880	15.598
0.968	20.872	15.602
0.968	20.875	15.595
0.969	20.879	15.600
0.970	20.879	15.595
0.970	20.879	15.605
0.971	20.878	15.606
0.971	20.877	15.592
0.972	20.880	15.600
0.972	20.878	15.605
0.973	20.879	15.604
0.973	20.879	15.610
0.973	20.878	15.595
0.974	20.871	15.600
0.974	20.878	15.600
0.975	20.872	15.593
0.975	20.880	15.600
0.975	20.879	15.605
0.976	20.872	15.598
0.976	20.877	15.604
0.976	20.880	15.599
0.976	20.871	15.601
0.976	20.878	15.598
0.976	20.877	15.607
0.976	20.870	15.600
0.977	20.877	15.602
0.977	20.878	15.591
0.977	20.876	15.571
0.978	20.879	15.602
0.978	20.858	15.598
0.979	20.876	15.588
0.979	20.879	15.601
0.979	20.873	15.607
0.979	20.880	15.604
0.980	20.879	15.599
0.980	20.868	15.595
0.981	20.877	15.607
0.981	20.878	15.602
0.981	20.875	15.604
0.981	20.879	15.600
0.981	20.879	15.598
0.981	20.870	15.605
0.982	20.879	15.594
0.982	20.880	15.602
0.982	20.877	15.591
0.982	20.878	15.598
0.982	20.877	15.604
0.982	20.880	15.606
0.982	20.881	15.606
0.983	20.873	15.601
0.983	20.879	15.605
0.983	20.880	15.594
0.983	20.869	15.596
0.983	20.881	15.602
0.984	20.879	15.594
0.984	20.868	15.601
0.984	20.880	15.598
0.984	20.877	15.609
0.985	20.873	15.590
0.985	20.878	15.599
0.986	20.879	15.604
0.986	20.877	15.574
0.987	20.881	15.601
0.987	20.877	15.598
0.988	20.881	15.592
0.989	20.879	15.605
0.989	20.873	15.576
0.990	20.883	15.601
0.990	20.872	15.582
0.991	20.868	15.591
0.991	20.878	15.606
0.991	20.880	15.607
0.992	20.873	15.600
0.992	20.880	15.598
0.992	20.876	15.601
0.992	20.879	15.583
0.992	20.879	15.599
0.992	20.879	15.600
0.992	20.879	15.602
0.992	20.877	15.599
0.992	20.875	15.597
0.992	20.880	15.602
0.992	20.879	15.594
0.992	20.873	15.598
0.992	20.880	15.602
0.992	20.877	15.595
0.992	20.873	15.607
0.992	20.668	15.529
0.992	20.873	15.601
0.992	20.867	15.601
