0.997	20.855	15.010
0.997	20.854	15.008
0.997	20.869	15.031
0.997	20.878	15.037
0.997	20.869	15.046
0.997	20.867	15.051
0.997	20.864	15.050
0.997	20.870	15.050
0.997	20.879	15.067
0.997	20.879	15.063
0.997	20.878	15.084
0.997	20.876	15.077
0.997	20.872	15.091
0.997	20.872	15.096
0.997	20.876	15.097
0.997	20.872	15.114
0.997	20.878	15.112
0.997	20.881	15.120
0.997	20.872	15.124
0.997	20.879	15.127
0.997	20.881	15.134
0.997	20.867	15.139
0.997	20.879	15.149
0.997	20.881	15.136
0.997	20.878	15.149
0.997	20.877	15.155
0.997	20.879	15.166
0.997	20.876	15.158
0.997	20.883	15.175
0.997	20.873	15.145
0.997	20.876	15.176
0.997	20.880	15.193
0.997	20.865	15.195
0.997	20.880	15.201
0.997	20.880	15.210
0.997	20.873	15.217
0.997	20.881	15.220
0.997	20.880	15.226
0.997	20.876	15.231
0.997	20.880	15.225
0.997	20.879	15.233
0.997	20.879	15.223
0.997	20.883	15.248
0.997	20.873	15.209
0.997	20.867	15.233
0.997	20.881	15.262
0.997	20.871	15.266
0.997	20.881	15.265
0.997	20.873	15.272
0.997	20.871	15.274
0.997	20.877	15.283
0.997	20.881	15.289
0.997	20.874	15.293
0.997	20.880	15.296
0.997	20.878	15.304
0.997	20.883	15.290
0.997	20.881	15.298
0.997	20.875	15.296
0.997	20.876	15.306
0.997	20.879	15.322
0.997	20.865	15.306
0.997	20.876	15.319
0.997	20.880	15.331
0.997	20.852	15.304
0.996	20.880	15.308
0.996	20.850	15.336
0.996	20.866	15.324
0.997	20.878	15.343
0.997	20.874	15.347
0.997	20.864	15.345
0.997	20.862	15.340
0.997	20.875	15.357
0.997	20.879	15.342
0.997	20.880	15.355
0.997	20.869	15.348
0.997	20.876	15.347
0.997	20.847	15.347
0.997	20.879	15.359
0.997	20.876	15.346
0.997	20.866	15.348
0.997	20.870	15.359
0.997	20.873	15.358
0.997	20.874	15.362
0.997	20.875	15.369
0.997	20.875	15.373
0.997	20.874	15.370
0.997	20.883	15.371
0.996	20.879	15.372
0.996	20.875	15.371
0.996	20.880	15.382
0.997	20.881	15.377
0.997	20.875	15.375
0.997	20.872	15.375
0.997	20.870	15.362
0.997	20.878	15.377
0.997	20.874	15.382
0.997	20.873	15.390
0.997	20.877	15.389
0.997	20.882	15.385
0.997	20.873	15.381
0.997	20.880	15.391
0.997	20.881	15.398
0.997	20.874	15.383
0.997	20.878	15.394
0.997	20.880	15.386
0.996	20.879	15.366
0.996	20.874	15.388
0.996	20.876	15.393
0.996	20.876	15.396
0.996	20.871	15.397
0.996	20.876	15.396
0.996	20.882	15.394
0.996	20.881	15.402
0.996	20.870	15.398
0.996	20.877	15.395
0.996	20.877	15.395
0.996	20.875	15.399
0.996	20.881	15.399
0.996	20.880	15.404
0.996	20.877	15.392
0.996	20.880	15.404
0.995	20.881	15.400
0.995	20.882	15.412
0.995	20.881	15.406
0.995	20.875	15.406
0.995	20.877	15.409
0.995	20.874	15.417
0.995	20.876	15.413
0.995	20.881	15.417
0.995	20.882	15.421
0.995	20.874	15.409
0.995	20.878	15.414
0.995	20.880	15.420
0.995	20.870	15.428
0.995	20.880	15.420
0.995	20.883	15.431
0.995	20.871	15.405
0.994	20.882	15.398
0.994	20.882	15.432
0.994	20.882	15.426
0.994	20.882	15.430
0.994	20.875	15.420
0.994	20.880	15.428
0.994	20.881	15.423
0.994	20.874	15.433
0.994	20.874	15.428
0.994	20.880	15.432
0.994	20.871	15.425
0.994	20.882	15.432
0.994	20.877	15.427
0.994	20.880	15.433
0.994	20.882	15.440
0.993	20.881	15.431
0.993	20.877	15.424
0.993	20.879	15.430
0.993	20.876	15.422
0.993	20.879	15.436
0.993	20.882	15.432
0.993	20.869	15.433
0.993	20.880	15.437
0.993	20.877	15.440
0.993	20.874	15.427
0.992	20.881	15.427
0.992	20.881	15.437
0.992	20.871	15.431
0.992	20.885	15.438
0.992	20.876	15.411
0.992	20.875	15.436
0.992	20.881	15.440
0.992	20.872	15.433
0.992	20.881	15.421
0.992	20.882	15.446
0.992	20.881	15.437
0.992	20.883	15.437
0.991	20.881	15.434
0.991	20.867	15.418
0.991	20.880	15.437
0.991	20.880	15.437
0.991	20.874	15.436
0.991	20.881	15.443
0.991	20.875	15.440
0.991	20.878	15.436
0.991	20.881	15.435
0.991	20.876	15.435
0.991	20.882	15.433
0.991	20.882	15.432
0.991	20.878	15.442
0.991	20.880	15.437
0.991	20.880	15.446
0.991	20.875	15.444
0.990	20.882	15.440
0.990	20.876	15.437
0.990	20.876	15.432
0.990	20.881	15.434
0.990	20.881	15.442
0.990	20.875	15.429
0.990	20.882	15.438
0.990	20.879	15.445
0.990	20.880	15.441
0.990	20.880	15.440
0.990	20.877	15.433
0.990	20.880	15.416
0.990	20.873	15.431
0.989	20.882	15.443
0.989	20.881	15.448
0.989	20.882	15.443
0.989	20.871	15.431
0.989	20.881	15.453
0.989	20.878	15.438
0.989	20.866	15.446
0.989	20.880	15.438
0.989	20.882	15.440
0.989	20.875	15.438
0.988	20.877	15.447
0.988	20.882	15.441
0.988	20.876	15.443
0.988	20.880	15.455
0.988	20.881	15.456
0.988	20.880	15.456
0.988	20.879	15.439
0.988	20.884	15.450
0.988	20.876	15.433
0.988	20.878	15.421
0.987	20.867	15.444
0.987	20.876	15.445
0.987	20.881	15.459
0.987	20.874	15.457
0.987	20.877	15.452
0.987	20.880	15.453
0.986	20.875	15.453
0.986	20.877	15.460
0.986	20.882	15.462
0.986	20.878	15.447
0.986	20.881	15.455
0.985	20.880	15.450
0.985	20.878	15.437
0.985	20.880	15.454
0.985	20.878	15.449
0.985	20.879	15.447
0.985	20.880	15.456
0.985	20.876	15.465
0.985	20.879	15.466
0.984	20.880	15.457
0.984	20.873	15.455
0.984	20.880	15.454
0.984	20.873	15.459
0.984	20.873	15.449
0.984	20.881	15.454
0.984	20.881	15.458
0.984	20.880	15.452
0.984	20.882	15.461
0.984	20.881	15.453
0.983	20.874	15.434
0.983	20.881	15.459
0.983	20.858	15.461
0.983	20.879	15.448
0.983	20.880	15.456
0.983	20.873	15.448
0.983	20.571	15.406
0.983	20.795	15.432
0.983	20.875	15.448
0.983	20.875	15.425
0.982	20.879	15.461
0.982	20.880	15.456
0.982	20.873	15.451
0.983	20.869	15.449
0.982	20.880	15.461
0.982	20.879	15.459
0.982	20.868	15.461
0.982	20.881	15.442
0.982	20.881	15.466
0.982	20.875	15.457
0.982	20.880	15.452
0.982	20.881	15.453
0.982	20.876	15.450
0.982	20.889	15.462
0.982	20.879	15.453
0.982	20.879	15.454
0.982	20.879	15.446
0.982	20.878	15.464
0.982	20.880	15.461
0.981	20.880	15.458
0.981	20.874	15.456
0.981	20.882	15.462
0.981	20.882	15.448
0.981	20.871	15.456
0.981	20.881	15.454
0.981	20.876	15.453
0.981	20.874	15.458
0.981	20.880	15.463
0.981	20.874	15.456
0.980	20.877	15.457
0.980	20.882	15.452
0.980	20.880	15.462
0.980	20.880	15.461
0.980	20.877	15.452
0.980	20.877	15.450
0.980	20.882	15.464
0.980	20.881	15.465
0.980	20.875	15.447
0.980	20.878	15.455
0.980	20.877	15.463
0.980	20.870	15.456
0.980	20.881	15.451
0.980	20.881	15.453
0.980	20.873	15.458
0.980	20.880	15.459
0.979	20.878	15.457
0.979	20.874	15.454
0.979	20.878	15.455
0.979	20.880	15.458
0.979	20.880	15.462
0.979	20.879	15.465
0.979	20.880	15.466
0.979	20.880	15.460
0.979	20.881	15.466
0.979	20.880	15.455
0.979	20.881	15.465
0.979	20.871	15.449
0.979	20.873	15.465
0.979	20.881	15.455
0.979	20.881	15.459
0.979	20.874	15.453
0.979	20.875	15.453
0.978	20.877	15.458
0.978	20.874	15.458
0.978	20.880	15.449
0.978	20.880	15.452
0.978	20.881	15.463
0.978	20.877	15.458
0.978	20.884	15.446
0.978	20.876	15.448
0.978	20.881	15.438
0.978	20.881	15.451
0.978	20.881	15.460
0.978	20.875	15.460
0.977	20.874	15.455
0.977	20.879	15.454
0.977	20.881	15.457
0.977	20.874	15.462
0.977	20.877	15.459
0.977	20.874	15.449
0.977	20.874	15.454
0.977	20.880	15.447
0.977	20.880	15.464
0.977	20.878	15.462
0.977	20.877	15.452
0.977	20.878	15.455
0.977	20.876	15.448
0.977	20.881	15.453
0.976	20.881	15.462
0.977	20.876	15.456
0.976	20.881	15.450
0.976	20.874	15.453
0.976	20.879	15.448
0.976	20.881	15.456
0.976	20.873	15.458
0.976	20.877	15.453
0.976	20.883	15.459
0.976	20.872	15.435
0.976	20.875	15.450
0.976	20.881	15.452
0.975	20.877	15.457
0.975	20.880	15.458
0.975	20.880	15.465
0.975	20.879	15.457
0.975	20.881	15.460
0.975	20.874	15.459
0.975	20.876	15.460
0.975	20.881	15.450
0.975	20.871	15.453
0.975	20.881	15.456
0.975	20.880	15.462
0.975	20.871	15.465
0.974	20.881	15.466
0.975	20.873	15.460
0.974	20.874	15.459
0.974	20.879	15.464
0.974	20.880	15.452
0.974	20.877	15.466
0.974	20.879	15.458
0.974	20.881	15.463
0.974	20.880	15.449
0.974	20.880	15.449
0.974	20.866	15.445
0.974	20.882	15.452
0.974	20.880	15.452
0.974	20.873	15.450
0.974	20.880	15.467
0.974	20.881	15.457
0.973	20.870	15.457
0.973	20.881	15.452
0.973	20.881	15.462
0.973	20.880	15.458
0.973	20.879	15.460
0.973	20.875	15.458
0.973	20.876	15.444
0.972	20.881	15.464
0.972	20.880	15.460
0.972	20.883	15.457
0.972	20.879	15.451
0.972	20.872	15.448
0.972	20.879	15.461
0.972	20.851	15.459
0.972	20.873	15.454
0.972	20.876	15.438
0.972	20.881	15.459
0.972	20.870	15.452
0.972	20.882	15.461
0.971	20.876	15.456
0.971	20.878	15.460
0.971	20.879	15.454
0.971	20.878	15.459
0.971	20.880	15.434
0.971	20.880	15.459
0.971	20.880	15.458
0.971	20.881	15.458
0.971	20.881	15.460
0.971	20.871	15.453
0.971	20.880	15.458
0.971	20.882	15.457
0.970	20.873	15.453
0.970	20.881	15.456
0.970	20.871	15.453
0.970	20.872	15.455
0.970	20.880	15.449
0.970	20.881	15.459
0.970	20.874	15.463
0.970	20.880	15.455
0.970	20.877	15.459
0.970	20.876	15.435
0.970	20.879	15.458
0.970	20.880	15.461
0.969	20.881	15.463
0.969	20.875	15.460
0.969	20.873	15.460
0.969	20.876	15.461
0.969	20.878	15.456
0.969	20.870	15.456
0.969	20.878	15.452
0.969	20.871	15.458
0.969	20.867	15.460
0.968	20.875	15.460
0.968	20.873	15.452
0.968	20.872	15.456
0.968	20.869	15.460
0.968	20.870	15.453
0.968	20.870	15.450
0.968	20.870	15.459
0.967	20.870	15.458
0.968	20.871	15.468
0.967	20.865	15.457
0.967	20.865	15.453
0.967	20.865	15.460
0.967	20.868	15.463
0.967	20.860	15.458
0.967	20.866	15.456
0.967	20.865	15.461
0.967	20.859	15.462
0.967	20.865	15.463
0.967	20.866	15.459
0.967	20.858	15.454
0.967	20.862	15.456
0.967	20.866	15.462
0.967	20.865	15.443
0.966	20.863	15.460
0.966	20.864	15.456
0.966	20.864	15.459
0.966	20.859	15.461
0.966	20.859	15.455
0.966	20.862	15.459
0.966	20.864	15.462
0.966	20.855	15.459
0.966	20.859	15.457
0.966	20.862	15.461
0.966	20.855	15.453
0.966	20.863	15.456
0.966	20.862	15.452
0.966	20.860	15.461
0.965	20.857	15.456
0.965	20.855	15.458
0.965	20.855	15.438
0.965	20.860	15.454
0.965	20.859	15.466
0.965	20.857	15.456
0.965	20.858	15.450
0.965	20.846	15.458
0.965	20.852	15.453
0.965	20.856	15.459
0.964	20.850	15.458
0.964	20.853	15.454
0.964	20.856	15.467
0.964	20.842	15.460
0.964	20.856	15.456
0.964	20.857	15.460
0.964	20.852	15.466
0.964	20.858	15.469
0.964	20.850	15.456
0.964	20.854	15.439
0.964	20.854	15.462
0.963	20.854	15.460
0.963	20.849	15.458
0.963	20.853	15.462
0.963	20.844	15.466
0.963	20.852	15.464
0.963	20.851	15.458
0.963	20.841	15.452
0.963	20.852	15.469
0.963	20.851	15.465
0.963	20.844	15.457
0.963	20.849	15.455
0.962	20.848	15.460
0.962	20.841	15.463
0.962	20.845	15.466
0.962	20.840	15.462
0.962	20.847	15.462
0.962	20.846	15.465
0.962	20.845	15.463
0.962	20.847	15.465
0.961	20.844	15.463
0.961	20.834	15.444
0.961	20.846	15.458
0.961	20.845	15.462
0.961	20.833	15.457
0.961	20.850	15.466
0.961	20.841	15.465
0.961	20.835	15.462
0.961	20.842	15.460
0.960	20.842	15.465
0.960	20.831	15.454
0.960	20.841	15.456
0.960	20.841	15.467
0.960	20.840	15.453
0.960	20.835	15.455
0.960	20.836	15.461
0.960	20.838	15.455
0.960	20.838	15.460
0.960	20.833	15.464
0.960	20.837	15.461
0.960	20.838	15.459
0.959	20.826	15.466
0.959	20.835	15.463
0.959	20.830	15.465
0.959	20.827	15.465
0.959	20.834	15.458
0.959	20.830	15.461
0.959	20.834	15.461
0.959	20.833	15.466
0.959	20.831	15.460
0.958	20.831	15.442
0.958	20.832	15.458
0.958	20.828	15.464
0.958	20.836	15.449
0.958	20.831	15.458
0.958	20.817	15.459
0.958	20.827	15.447
0.958	20.823	15.438
0.958	20.818	15.456
0.958	20.829	15.456
0.958	20.825	15.440
0.957	20.829	15.446
0.957	20.829	15.468
0.957	20.829	15.466
0.957	20.829	15.457
0.957	20.826	15.467
0.957	20.820	15.460
0.957	20.823	15.449
0.957	20.823	15.460
0.956	20.817	15.455
0.956	20.818	15.461
0.956	20.823	15.469
0.956	20.817	15.455
0.956	20.823	15.457
0.955	20.820	15.457
0.955	20.820	15.470
0.955	20.819	15.469
0.955	20.820	15.460
0.955	20.816	15.447
0.955	20.809	15.464
0.955	20.819	15.463
0.955	20.817	15.465
0.954	20.817	15.458
0.954	20.808	15.455
0.954	20.815	15.457
0.954	20.813	15.463
0.954	20.810	15.463
0.954	20.814	15.450
0.954	20.814	15.463
0.954	20.803	15.458
0.954	20.810	15.452
0.954	20.812	15.459
0.954	20.602	15.390
0.953	20.536	15.424
0.953	20.791	15.450
0.953	20.802	15.459
0.953	20.812	15.461
0.953	20.803	15.461
0.953	20.810	15.459
0.953	20.811	15.462
0.953	20.802	15.462
0.953	20.806	15.456
0.953	20.805	15.462
0.953	20.809	15.457
0.953	20.808	15.468
0.952	20.807	15.463
0.952	20.806	15.447
0.952	20.807	15.465
0.952	20.812	15.464
0.952	20.808	15.462
0.952	20.808	15.467
0.952	20.802	15.463
0.952	20.804	15.453
0.952	20.806	15.467
0.952	20.799	15.458
0.952	20.806	15.464
0.952	20.806	15.461
0.951	20.797	15.455
0.951	20.802	15.463
0.951	20.807	15.463
0.951	20.795	15.464
0.951	20.805	15.467
0.951	20.802	15.463
0.951	20.799	15.443
0.951	20.802	15.466
0.951	20.803	15.466
0.951	20.801	15.439
0.951	20.801	15.465
0.951	20.795	15.463
0.951	20.798	15.464
0.951	20.801	15.463
0.951	20.788	15.458
0.950	20.801	15.466
0.950	20.800	15.462
0.950	20.791	15.465
0.950	20.779	15.466
0.950	20.807	15.465
0.950	20.798	15.467
0.950	20.801	15.460
0.950	20.799	15.469
0.950	20.795	15.454
0.950	20.793	15.460
0.950	20.797	15.468
0.950	20.799	15.466
0.949	20.799	15.470
0.949	20.789	15.459
0.949	20.798	15.458
0.949	20.796	15.457
0.949	20.789	15.471
0.949	20.795	15.462
0.949	20.796	15.474
0.949	20.785	15.462
0.949	20.792	15.474
0.949	20.788	15.458
0.949	20.793	15.458
0.948	20.787	15.466
0.948	20.789	15.467
0.948	20.792	15.467
0.948	20.791	15.471
0.948	20.790	15.463
0.948	20.791	15.467
0.948	20.790	15.464
0.948	20.781	15.462
0.948	20.793	15.462
0.947	20.784	15.463
0.947	20.782	15.462
0.947	20.789	15.467
0.947	20.789	15.465
0.947	20.778	15.471
0.947	20.781	15.463
0.947	20.789	15.464
0.947	20.781	15.461
0.947	20.788	15.462
0.947	20.784	15.464
0.947	20.785	15.463
0.946	20.786	15.472
0.946	20.784	15.465
0.946	20.783	15.451
0.946	20.782	15.465
0.946	20.777	15.467
0.946	20.780	15.472
0.946	20.775	15.466
0.946	20.776	15.459
0.946	20.782	15.469
0.946	20.778	15.470
0.946	20.774	15.467
0.946	20.783	15.473
0.946	20.782	15.468
0.946	20.774	15.465
0.945	20.778	15.464
0.945	20.776	15.459
0.945	20.773	15.465
0.945	20.780	15.467
0.945	20.776	15.463
0.945	20.776	15.463
0.945	20.774	15.466
0.945	20.778	15.466
0.944	20.778	15.466
0.944	20.776	15.467
0.944	20.776	15.463
0.944	20.775	15.469
0.944	20.772	15.468
0.944	20.769	15.469
0.944	20.771	15.463
0.944	20.773	15.468
0.944	20.766	15.466
0.943	20.771	15.466
0.943	20.771	15.473
0.943	20.765	15.465
0.943	20.764	15.460
0.943	20.767	15.451
0.943	20.764	15.458
0.942	20.766	15.461
0.942	20.769	15.463
0.942	20.768	15.454
0.942	20.767	15.468
0.942	20.760	15.465
0.942	20.758	15.440
0.941	20.762	15.472
0.941	20.755	15.456
0.941	20.761	15.458
0.941	20.762	15.472
0.941	20.754	15.464
0.941	20.757	15.463
0.940	20.753	15.465
0.940	20.759	15.474
0.940	20.759	15.471
0.940	20.757	15.465
0.940	20.757	15.452
0.940	20.753	15.465
0.939	20.756	15.471
0.939	20.753	15.474
0.939	20.755	15.471
0.939	20.747	15.468
0.939	20.751	15.462
0.938	20.751	15.474
0.938	20.740	15.476
0.938	20.741	15.465
0.938	20.721	15.466
0.938	20.739	15.466
0.937	20.743	15.468
0.937	20.746	15.474
0.937	20.737	15.473
0.937	20.737	15.461
0.937	20.740	15.467
0.936	20.734	15.443
0.936	20.740	15.465
0.935	20.733	15.466
0.935	20.733	15.468
0.935	20.732	15.473
0.934	20.725	15.477
0.934	20.728	15.476
0.934	20.731	15.472
0.934	20.717	15.473
0.934	20.730	15.471
0.933	20.726	15.468
0.933	20.716	15.464
0.933	20.725	15.479
0.933	20.715	15.473
0.933	20.722	15.469
0.933	20.722	15.468
0.932	20.722	15.474
0.932	20.716	15.461
0.932	20.712	15.470
0.932	20.718	15.470
0.931	20.712	15.458
0.931	20.713	15.466
0.931	20.701	15.470
0.931	20.707	15.452
0.931	20.705	15.448
0.931	20.702	15.471
0.931	20.703	15.461
0.930	20.709	15.474
0.930	20.700	15.461
0.930	20.706	15.467
0.930	20.705	15.459
0.930	20.703	15.466
0.930	20.706	15.465
0.930	20.691	15.465
0.929	20.702	15.447
0.929	20.703	15.474
0.929	20.695	15.466
0.929	20.700	15.478
0.929	20.701	15.470
0.929	20.690	15.477
0.929	20.693	15.474
0.929	20.693	15.468
0.929	20.696	15.465
0.929	20.696	15.473
0.928	20.692	15.480
0.928	20.695	15.468
0.928	20.691	15.476
0.928	20.678	15.471
0.928	20.688	15.474
0.928	20.689	15.479
0.928	20.678	15.473
0.927	20.687	15.470
0.927	20.685	15.475
0.927	20.678	15.481
0.927	20.682	15.471
0.927	20.676	15.481
0.926	20.682	15.477
0.926	20.677	15.469
0.926	20.676	15.468
0.926	20.673	15.476
0.926	20.673	15.473
0.926	20.669	15.476
0.925	20.671	15.475
0.925	20.665	15.469
0.925	20.665	15.473
0.925	20.664	15.478
0.924	20.656	15.473
0.924	20.653	15.477
0.924	20.656	15.482
0.924	20.656	15.473
0.923	20.647	15.476
0.923	20.652	15.481
0.923	20.647	15.481
0.923	20.635	15.471
0.923	20.643	15.457
0.922	20.638	15.485
0.922	20.639	15.463
0.922	20.636	15.481
0.922	20.637	15.478
0.922	20.635	15.479
0.922	20.633	15.475
0.921	20.625	15.470
0.921	20.631	15.482
0.921	20.625	15.471
0.921	20.622	15.484
0.921	20.626	15.474
0.921	20.624	15.484
0.920	20.616	15.479
0.920	20.620	15.473
0.920	20.619	15.483
0.920	20.611	15.484
0.920	20.615	15.483
0.920	20.614	15.483
0.920	20.613	15.479
0.920	20.608	15.478
0.919	20.609	15.481
0.919	20.608	15.475
0.919	20.607	15.480
0.919	20.600	15.469
0.919	20.601	15.485
0.919	20.593	15.480
0.919	20.588	15.482
0.919	20.591	15.475
0.918	20.583	15.481
0.918	20.568	15.468
0.918	20.571	15.484
0.918	20.571	15.480
0.918	20.561	15.474
0.918	20.562	15.487
0.918	20.561	15.492
0.917	20.555	15.484
0.917	20.545	15.490
0.917	20.549	15.490
0.917	20.540	15.484
0.917	20.536	15.488
0.916	20.531	15.490
0.916	20.521	15.485
0.916	20.519	15.487
0.916	20.507	15.490
0.915	20.505	15.483
0.915	20.502	15.487
0.915	20.491	15.492
0.915	20.486	15.496
0.915	20.486	15.494
0.914	20.469	15.479
0.914	20.476	15.494
0.914	20.474	15.487
0.914	20.470	15.493
0.914	20.471	15.494
0.914	20.469	15.492
0.914	20.462	15.484
0.914	20.459	15.486
0.913	20.463	15.492
0.913	20.455	15.494
0.913	20.450	15.489
0.912	20.432	15.496
0.912	20.442	15.491
0.912	20.437	15.497
0.912	20.423	15.488
0.912	20.426	15.502
0.911	20.423	15.489
0.911	20.414	15.499
0.911	20.418	15.500
0.911	20.416	15.494
0.911	20.410	15.499
0.911	20.410	15.495
0.911	20.408	15.498
0.910	20.401	15.482
0.910	20.400	15.491
0.910	20.397	15.497
0.910	20.393	15.493
0.910	20.385	15.503
0.910	20.374	15.494
0.909	20.375	15.497
0.909	20.370	15.505
0.909	20.351	15.490
0.909	20.365	15.496
0.909	20.363	15.493
0.909	20.357	15.502
0.909	20.361	15.501
0.909	20.360	15.499
0.908	20.348	15.496
0.908	20.353	15.477
0.908	20.348	15.483
0.908	20.345	15.494
0.908	20.344	15.501
0.908	20.345	15.496
0.908	20.349	15.502
0.908	20.337	15.501
0.908	20.328	15.497
0.907	20.327	15.500
0.907	20.320	15.498
0.907	20.303	15.506
0.907	20.308	15.512
0.907	20.301	15.486
0.906	20.293	15.501
0.906	20.295	15.503
0.906	20.285	15.503
0.906	20.279	15.489
0.905	20.275	15.494
0.905	20.274	15.501
0.905	20.117	15.431
0.905	20.237	15.496
0.905	20.086	15.432
0.905	20.155	15.506
0.905	20.257	15.494
0.904	20.246	15.495
0.904	20.248	15.509
0.904	20.245	15.513
0.904	20.246	15.510
0.903	20.242	15.508
0.903	20.240	15.509
0.903	20.235	15.511
0.903	20.230	15.508
0.903	20.204	15.496
0.903	20.228	15.510
0.903	20.221	15.507
0.902	20.217	15.515
0.902	20.215	15.518
0.902	20.207	15.517
0.902	20.206	15.508
0.902	20.203	15.509
0.902	20.197	15.508
0.902	20.193	15.519
0.902	20.196	15.514
0.902	20.194	15.503
0.901	20.187	15.515
0.901	20.180	15.505
0.901	20.185	15.516
0.901	20.175	15.510
0.901	20.177	15.515
0.901	20.177	15.515
0.901	20.175	15.516
0.900	20.173	15.508
0.900	20.167	15.518
0.900	20.162	15.511
0.900	20.158	15.515
0.900	20.153	15.519
0.899	20.144	15.499
0.899	20.140	15.514
0.899	20.134	15.523
0.899	20.129	15.519
0.899	20.112	15.512
0.899	20.122	15.502
0.899	20.122	15.502
0.898	20.123	15.512
0.898	20.113	15.516
0.898	20.114	15.514
0.898	20.115	15.520
0.898	20.105	15.514
0.898	20.104	15.511
0.898	20.107	15.526
0.897	20.097	15.515
0.897	20.095	15.521
0.897	20.094	15.517
0.897	20.094	15.516
0.897	20.093	15.521
0.897	20.083	15.520
0.897	20.078	15.514
0.896	20.070	15.527
0.896	20.062	15.525
0.896	20.061	15.519
0.896	20.064	15.518
0.895	20.053	15.513
0.895	20.058	15.527
0.895	20.055	15.511
0.895	20.051	15.521
0.895	20.045	15.526
0.895	20.040	15.522
0.894	20.026	15.511
0.894	20.029	15.526
0.894	20.016	15.535
0.893	20.010	15.518
0.893	20.006	15.522
0.893	19.993	15.522
0.893	19.995	15.499
0.893	19.992	15.494
0.892	19.981	15.509
0.892	19.988	15.522
0.892	19.981	15.519
0.891	19.973	15.528
0.891	19.972	15.522
0.891	19.963	15.523
0.891	19.957	15.514
0.891	19.952	15.523
0.890	19.939	15.525
0.890	19.940	15.529
0.890	19.936	15.530
0.890	19.925	15.525
0.890	19.918	15.520
0.890	19.921	15.526
0.889	19.907	15.527
0.889	19.913	15.526
0.889	19.912	15.534
0.889	19.902	15.531
0.888	19.906	15.530
0.888	19.901	15.534
0.888	19.900	15.530
0.888	19.894	15.529
0.888	19.880	15.526
0.888	19.882	15.515
0.887	19.873	15.540
0.887	19.861	15.520
0.887	19.867	15.533
0.887	19.855	15.539
0.887	19.847	15.537
0.887	19.848	15.537
0.886	19.842	15.528
0.886	19.835	15.529
0.886	19.836	15.535
0.886	19.820	15.534
0.885	19.818	15.537
0.885	19.823	15.537
0.885	19.814	15.533
0.885	19.807	15.534
0.885	19.814	15.538
0.885	19.809	15.537
0.884	19.802	15.530
0.884	19.797	15.533
0.884	19.792	15.541
0.884	19.792	15.527
0.884	19.784	15.539
0.884	19.785	15.534
0.883	19.780	15.526
0.883	19.770	15.541
0.883	19.760	15.543
0.883	19.764	15.540
0.883	19.759	15.544
0.882	19.749	15.532
0.882	19.741	15.516
0.882	19.740	15.533
0.882	19.732	15.532
0.881	19.735	15.537
0.881	19.733	15.524
0.881	19.726	15.524
0.881	19.719	15.543
0.881	19.721	15.536
0.881	19.718	15.529
0.881	19.713	15.543
0.881	19.713	15.546
0.881	19.710	15.545
0.881	19.705	15.549
0.880	19.704	15.543
0.880	19.704	15.543
0.880	19.698	15.538
0.880	19.686	15.540
0.880	19.691	15.537
0.880	19.693	15.535
0.879	19.656	15.548
0.879	19.686	15.542
0.879	19.683	15.539
0.879	19.669	15.546
0.879	19.666	15.549
0.878	19.659	15.538
0.878	19.647	15.545
0.878	19.644	15.543
0.877	19.641	15.547
0.877	19.636	15.531
0.877	19.626	15.535
0.877	19.630	15.548
0.877	19.625	15.546
0.877	19.617	15.543
0.876	19.604	15.541
0.876	19.604	15.542
0.876	19.596	15.545
0.876	19.590	15.549
0.875	19.592	15.547
0.875	19.588	15.547
0.875	19.581	15.556
0.875	19.579	15.552
0.874	19.567	15.528
0.874	19.566	15.521
0.874	19.549	15.549
0.873	19.552	15.545
0.873	19.541	15.554
0.873	19.543	15.538
0.873	19.533	15.547
0.873	19.536	15.555
0.872	19.533	15.554
0.872	19.523	15.550
0.872	19.523	15.546
0.872	19.517	15.525
0.872	19.505	15.528
0.871	19.510	15.537
0.871	19.506	15.555
0.871	19.496	15.547
0.871	19.496	15.536
0.871	19.490	15.558
0.870	19.480	15.543
0.870	19.479	15.549
0.870	19.475	15.551
0.870	19.465	15.539
0.870	19.463	15.553
0.870	19.455	15.561
0.869	19.449	15.542
0.869	19.450	15.544
0.869	19.437	15.558
0.869	19.444	15.552
0.869	19.442	15.559
0.869	19.434	15.549
0.869	19.432	15.553
0.869	19.437	15.554
0.869	19.426	15.540
0.868	19.431	15.556
0.868	19.429	15.552
0.868	19.427	15.551
0.868	19.424	15.552
0.868	19.417	15.548
0.868	19.418	15.555
0.868	19.412	15.553
0.867	19.406	15.550
0.867	19.403	15.556
0.867	19.396	15.553
0.867	19.385	15.540
0.866	19.388	15.554
0.866	19.380	15.552
0.866	19.362	15.547
0.866	19.367	15.557
0.866	19.362	15.558
0.866	19.356	15.555
0.866	19.359	15.555
0.865	19.350	15.557
0.865	19.344	15.563
0.865	19.344	15.559
0.865	19.338	15.562
0.864	19.326	15.555
0.864	19.326	15.546
0.864	19.324	15.565
0.864	19.317	15.547
0.864	19.319	15.563
0.864	19.317	15.556
0.864	19.314	15.543
0.863	19.311	15.562
0.863	19.302	15.557
0.863	19.309	15.563
0.863	19.302	15.549
0.863	19.302	15.555
0.863	19.300	15.553
0.863	19.298	15.563
0.862	19.286	15.562
0.862	19.279	15.556
0.862	19.276	15.540
0.862	19.275	15.545
0.862	19.268	15.559
0.861	19.262	15.554
0.861	19.258	15.554
0.861	19.250	15.564
0.861	19.243	15.558
0.861	19.246	15.563
0.861	19.245	15.561
0.861	19.238	15.555
0.861	19.245	15.560
0.860	19.240	15.557
0.860	19.231	15.561
0.860	19.239	15.559
0.860	19.238	15.557
0.860	19.233	15.564
0.860	19.236	15.560
0.860	19.236	15.556
0.860	19.231	15.568
0.860	19.224	15.557
0.860	19.221	15.559
0.859	19.206	15.549
0.859	19.201	15.562
0.859	19.204	15.560
0.859	19.196	15.557
0.859	19.195	15.566
0.858	19.188	15.562
0.858	19.187	15.569
0.858	19.182	15.560
0.858	19.166	15.564
0.857	19.169	15.557
0.857	19.166	15.570
0.857	19.155	15.566
0.857	19.153	15.554
0.857	19.151	15.574
0.856	19.137	15.561
0.856	19.130	15.563
0.856	19.126	15.578
0.855	19.113	15.574
0.855	19.108	15.569
0.854	19.096	15.569
0.854	19.088	15.558
0.854	19.087	15.572
0.853	19.079	15.574
0.853	19.072	15.573
0.853	19.069	15.578
0.852	19.056	15.580
0.852	19.055	15.580
0.852	19.048	15.570
0.852	19.035	15.576
0.851	19.031	15.563
0.851	19.030	15.572
0.851	19.021	15.573
0.850	19.014	15.577
0.850	19.007	15.579
0.850	18.997	15.557
0.850	18.997	15.572
0.850	18.994	15.575
0.850	18.989	15.575
0.849	18.988	15.582
0.849	18.980	15.575
0.849	18.974	15.563
0.849	18.979	15.578
0.849	18.962	15.580
0.849	18.969	15.574
0.848	18.966	15.574
0.848	18.949	15.578
0.848	18.950	15.573
0.848	18.946	15.579
0.847	18.931	15.575
0.847	18.923	15.585
0.847	18.921	15.570
0.846	18.918	15.586
0.846	18.914	15.578
0.846	18.908	15.580
0.846	18.903	15.586
0.846	18.897	15.583
0.845	18.888	15.576
0.845	18.886	15.581
0.845	18.880	15.584
0.845	18.868	15.586
0.845	18.867	15.575
0.845	18.870	15.590
0.845	18.860	15.576
0.845	18.865	15.577
0.844	18.850	15.583
0.844	18.860	15.587
0.844	18.860	15.582
0.844	18.849	15.587
0.844	18.858	15.566
0.844	18.611	15.520
0.844	18.574	15.521
0.844	18.845	15.581
0.844	18.843	15.589
0.843	18.833	15.586
0.843	18.836	15.591
0.843	18.836	15.585
0.843	18.828	15.585
0.843	18.830	15.589
0.843	18.824	15.588
0.843	18.822	15.590
0.842	18.816	15.582
0.842	18.808	15.589
0.842	18.797	15.583
0.842	18.799	15.587
0.841	18.792	15.588
0.841	18.790	15.587
0.841	18.784	15.594
0.840	18.776	15.594
0.840	18.778	15.588
0.840	18.766	15.596
0.840	18.756	15.587
0.839	18.750	15.590
0.839	18.744	15.593
0.839	18.729	15.580
0.838	18.728	15.602
0.838	18.721	15.595
0.838	18.719	15.594
0.838	18.712	15.597
0.838	18.706	15.601
0.837	18.699	15.604
0.837	18.691	15.606
0.837	18.687	15.601
0.837	18.680	15.583
0.836	18.677	15.600
0.836	18.667	15.600
0.836	18.664	15.602
0.836	18.657	15.609
0.835	18.647	15.611
0.835	18.652	15.608
0.835	18.650	15.604
0.835	18.635	15.592
0.835	18.641	15.600
0.834	18.638	15.604
0.834	18.638	15.603
0.834	18.629	15.600
0.834	18.619	15.580
0.833	18.614	15.589
0.833	18.603	15.608
0.833	18.599	15.603
0.833	18.597	15.604
0.832	18.594	15.608
0.832	18.585	15.609
0.832	18.582	15.603
0.832	18.578	15.605
0.831	18.562	15.606
0.831	18.557	15.587
0.831	18.560	15.609
0.831	18.553	15.608
0.831	18.553	15.612
0.831	18.546	15.599
0.830	18.547	15.618
0.830	18.542	15.617
0.830	18.535	15.612
0.830	18.531	15.593
0.830	18.523	15.610
0.829	18.515	15.620
0.829	18.514	15.608
0.829	18.512	15.614
0.829	18.500	15.597
0.829	18.502	15.605
0.829	18.502	15.611
0.828	18.489	15.611
0.828	18.489	15.606
0.828	18.482	15.609
0.827	18.464	15.608
0.827	18.457	15.610
0.827	18.456	15.613
0.826	18.448	15.615
0.826	18.440	15.614
0.826	18.432	15.615
0.825	18.423	15.604
0.825	18.420	15.622
0.825	18.403	15.610
0.824	18.401	15.619
0.824	18.387	15.617
0.823	18.372	15.600
0.823	18.367	15.629
0.823	18.359	15.618
0.822	18.345	15.620
0.822	18.352	15.620
0.822	18.342	15.621
0.822	18.340	15.624
0.822	18.336	15.620
0.821	18.332	15.620
0.821	18.324	15.616
0.821	18.325	15.615
0.821	18.318	15.626
0.820	18.311	15.626
0.820	18.307	15.623
0.820	18.292	15.621
0.819	18.287	15.628
0.819	18.276	15.634
0.819	18.258	15.614
0.818	18.262	15.633
0.818	18.256	15.633
0.818	18.244	15.630
0.818	18.247	15.628
0.818	18.237	15.635
0.817	18.229	15.626
0.817	18.229	15.628
0.817	18.225	15.634
0.817	18.214	15.610
0.816	18.203	15.610
0.816	18.197	15.628
0.815	18.193	15.638
0.815	18.186	15.633
0.815	18.176	15.636
0.815	18.176	15.632
0.814	18.171	15.631
0.814	18.160	15.633
0.814	18.164	15.635
0.814	18.157	15.637
0.813	18.140	15.615
0.813	18.143	15.634
0.813	18.136	15.633
0.813	18.130	15.636
0.813	18.128	15.633
0.812	18.126	15.631
0.812	18.123	15.632
0.812	18.116	15.634
0.812	18.107	15.632
0.812	18.107	15.632
0.812	18.100	15.627
0.811	18.096	15.629
0.811	18.087	15.628
0.811	18.086	15.633
0.811	18.076	15.643
0.810	18.078	15.638
0.810	18.074	15.637
0.810	18.063	15.646
0.810	18.061	15.640
0.810	18.053	15.641
0.809	18.045	15.639
0.809	18.047	15.633
0.809	18.042	15.634
0.809	18.031	15.639
0.809	18.032	15.641
0.809	18.031	15.645
0.809	18.032	15.647
0.808	18.029	15.644
0.808	18.022	15.640
0.808	18.014	15.641
0.808	18.006	15.638
0.808	18.001	15.638
0.807	17.999	15.635
0.808	17.997	15.635
0.807	17.988	15.649
0.807	17.991	15.648
0.807	17.986	15.641
0.807	17.979	15.653
0.807	17.975	15.627
0.806	17.976	15.639
0.806	17.972	15.648
0.806	17.965	15.641
0.806	17.964	15.646
0.806	17.960	15.630
0.805	17.951	15.650
0.805	17.945	15.644
0.805	17.943	15.640
0.805	17.935	15.644
0.804	17.921	15.642
0.804	17.912	15.647
0.804	17.908	15.626
0.804	17.897	15.654
0.803	17.894	15.651
0.803	17.888	15.647
0.803	17.878	15.651
0.802	17.876	15.653
0.802	17.872	15.650
0.802	17.864	15.628
0.802	17.855	15.660
0.801	17.851	15.665
0.801	17.846	15.665
0.801	17.840	15.656
0.801	17.831	15.665
0.800	17.829	15.663
0.800	17.824	15.669
0.800	17.815	15.655
0.800	17.811	15.657
0.799	17.803	15.663
0.799	17.794	15.659
0.799	17.789	15.640
0.799	17.791	15.660
0.799	17.784	15.642
0.798	17.781	15.654
0.798	17.771	15.663
0.798	17.768	15.651
0.798	17.767	15.671
0.798	17.758	15.664
0.798	17.758	15.668
0.797	17.749	15.658
0.797	17.734	15.651
0.797	17.731	15.646
0.796	17.730	15.663
0.796	17.722	15.656
0.796	17.722	15.673
0.795	17.715	15.668
0.795	17.702	15.671
0.795	17.703	15.673
0.794	17.697	15.670
0.794	17.688	15.652
0.794	17.681	15.679
0.793	17.673	15.675
0.793	17.667	15.665
0.793	17.665	15.668
0.793	17.653	15.666
0.792	17.655	15.668
0.792	17.649	15.668
0.792	17.637	15.675
0.792	17.640	15.680
0.792	17.637	15.674
0.791	17.623	15.665
0.791	17.621	15.662
0.791	17.620	15.670
0.791	17.613	15.671
0.790	17.611	15.684
0.790	17.608	15.683
0.790	17.604	15.657
0.790	17.601	15.667
0.790	17.592	15.684
0.789	17.591	15.681
0.789	17.589	15.676
0.789	17.583	15.670
0.789	17.578	15.673
0.789	17.568	15.676
0.789	17.557	15.680
0.788	17.557	15.663
0.788	17.546	15.670
0.788	17.528	15.672
0.787	17.526	15.682
0.787	17.522	15.686
0.787	17.519	15.689
0.786	17.512	15.670
0.786	17.506	15.683
0.786	17.498	15.680
0.786	17.499	15.686
0.786	17.487	15.682
0.786	17.493	15.681
0.786	17.490	15.683
0.786	17.481	15.680
0.786	17.481	15.679
0.785	17.474	15.685
0.785	17.468	15.680
0.785	17.469	15.679
0.785	17.464	15.688
0.784	17.459	15.691
0.784	17.453	15.681
0.784	17.445	15.674
0.783	17.432	15.673
0.783	17.427	15.693
0.783	17.419	15.698
0.782	17.407	15.688
0.782	17.400	15.689
0.781	17.386	15.690
0.781	17.384	15.677
0.781	17.377	15.686
0.780	17.366	15.690
0.780	17.364	15.680
0.780	17.355	15.681
0.780	17.349	15.696
0.780	17.347	15.703
0.779	17.341	15.702
0.779	17.337	15.699
0.779	17.334	15.682
0.779	17.327	15.683
0.779	17.321	15.679
0.779	17.320	15.694
0.778	17.321	15.700
0.778	17.316	15.686
0.778	17.310	15.698
0.778	17.306	15.697
0.778	17.307	15.693
0.778	17.301	15.700
0.777	17.292	15.690
0.777	17.286	15.691
0.777	17.283	15.689
0.777	17.274	15.702
0.776	17.274	15.695
0.776	17.272	15.690
0.776	17.267	15.695
0.776	17.260	15.686
0.775	17.253	15.695
0.775	17.250	15.691
0.775	17.239	15.703
0.774	17.233	15.703
0.774	17.223	15.705
0.774	17.211	15.704
0.773	17.206	15.688
0.773	17.198	15.692
0.773	17.195	15.698
0.772	17.184	15.693
0.772	17.183	15.699
0.772	17.181	15.705
0.772	17.169	15.707
0.771	17.164	15.697
0.771	17.165	15.708
0.771	17.162	15.710
0.771	17.159	15.701
0.771	17.160	15.707
0.770	17.154	15.677
0.770	17.149	15.713
0.770	17.141	15.696
0.770	17.139	15.702
0.769	17.137	15.696
0.769	17.124	15.704
0.769	17.119	15.716
0.768	17.109	15.715
0.768	17.093	15.711
0.768	17.095	15.709
0.768	17.094	15.716
0.767	17.073	15.715
0.767	17.064	15.688
0.767	17.059	15.712
0.767	17.055	15.709
0.766	17.052	15.710
0.766	17.046	15.713
0.766	17.035	15.712
0.766	17.036	15.712
0.766	17.031	15.727
0.765	17.015	15.701
0.765	17.015	15.717
0.765	17.003	15.712
0.764	16.948	15.644
0.764	16.728	15.630
0.764	16.893	15.710
0.764	16.977	15.716
0.763	16.968	15.715
0.763	16.963	15.702
0.763	16.961	15.719
0.762	16.954	15.721
0.762	16.949	15.722
0.762	16.948	15.720
0.762	16.939	15.719
0.762	16.937	15.718
0.762	16.930	15.727
0.761	16.917	15.718
0.761	16.912	15.688
0.761	16.923	15.701
0.761	16.910	15.710
0.761	16.911	15.712
0.761	16.910	15.724
0.761	16.902	15.697
0.760	16.900	15.724
0.760	16.896	15.718
0.760	16.895	15.720
0.760	16.890	15.712
0.760	16.879	15.717
0.760	16.880	15.731
0.759	16.871	15.721
0.759	16.862	15.720
0.759	16.866	15.729
0.759	16.863	15.722
0.759	16.853	15.722
0.759	16.853	15.706
0.758	16.853	15.717
0.758	16.850	15.697
0.758	16.847	15.722
0.758	16.845	15.724
0.758	16.845	15.722
0.758	16.845	15.731
0.758	16.835	15.732
0.758	16.839	15.719
0.758	16.835	15.729
0.758	16.822	15.724
0.757	16.824	15.728
0.757	16.817	15.719
0.757	16.809	15.719
0.757	16.813	15.732
0.757	16.808	15.726
0.756	16.801	15.731
0.756	16.799	15.724
0.756	16.794	15.721
0.756	16.788	15.729
0.756	16.785	15.734
0.755	16.778	15.727
0.755	16.778	15.715
0.755	16.772	15.731
0.755	16.765	15.722
0.755	16.764	15.724
0.754	16.761	15.736
0.754	16.754	15.725
0.754	16.755	15.737
0.754	16.751	15.727
0.754	16.741	15.733
0.754	16.738	15.728
0.754	16.736	15.723
0.753	16.738	15.702
0.753	16.737	15.729
0.753	16.738	15.735
0.753	16.737	15.734
0.753	16.727	15.732
0.753	16.714	15.720
0.753	16.719	15.734
0.752	16.715	15.731
0.752	16.707	15.729
0.752	16.711	15.734
0.752	16.706	15.734
0.752	16.702	15.730
0.752	16.706	15.727
0.752	16.706	15.728
0.752	16.704	15.731
0.752	16.698	15.737
0.752	16.698	15.734
0.751	16.694	15.714
0.751	16.690	15.724
0.751	16.689	15.737
0.751	16.685	15.731
0.751	16.676	15.736
0.750	16.666	15.703
0.750	16.658	15.730
0.749	16.652	15.735
0.749	16.640	15.728
0.749	16.636	15.733
0.749	16.637	15.739
0.748	16.627	15.739
0.748	16.628	15.734
0.748	16.622	15.735
0.748	16.612	15.742
0.747	16.602	15.734
0.747	16.599	15.735
0.747	16.592	15.735
0.746	16.584	15.734
0.746	16.577	15.732
0.746	16.570	15.742
0.746	16.568	15.738
0.746	16.566	15.733
0.746	16.563	15.743
0.745	16.557	15.729
0.745	16.544	15.725
0.745	16.543	15.740
0.745	16.536	15.730
0.744	16.524	15.737
0.744	16.523	15.732
0.744	16.518	15.736
0.743	16.507	15.718
0.743	16.499	15.743
0.743	16.493	15.746
0.743	16.488	15.728
0.743	16.487	15.737
0.742	16.477	15.740
0.742	16.473	15.737
0.742	16.468	15.727
0.742	16.456	15.730
0.741	16.454	15.736
0.741	16.451	15.734
0.741	16.436	15.748
0.741	16.434	15.731
0.741	16.435	15.736
0.740	16.429	15.719
0.740	16.429	15.743
0.740	16.426	15.744
0.740	16.420	15.728
0.740	16.421	15.739
0.740	16.415	15.741
0.739	16.416	15.739
0.739	16.409	15.742
0.739	16.397	15.741
0.739	16.398	15.738
0.738	16.385	15.742
0.738	16.365	15.742
0.738	16.361	15.732
0.737	16.350	15.745
0.737	16.342	15.735
0.737	16.341	15.754
0.737	16.343	15.744
0.737	16.341	15.752
0.737	16.341	15.743
0.737	16.310	15.747
0.737	16.337	15.733
0.737	16.336	15.740
0.737	16.332	15.745
0.737	16.336	15.747
0.737	16.334	15.752
0.736	16.324	15.745
0.736	16.329	15.741
0.736	16.317	15.753
0.736	16.309	15.741
0.735	16.309	15.749
0.735	16.299	15.753
0.735	16.295	15.754
0.734	16.292	15.753
0.734	16.290	15.745
0.734	16.290	15.747
0.734	16.288	15.748
0.734	16.278	15.750
0.733	16.278	15.746
0.733	16.270	15.752
0.733	16.257	15.747
0.732	16.256	15.749
0.732	16.242	15.752
0.732	16.240	15.757
0.732	16.234	15.755
0.731	16.229	15.759
0.731	16.225	15.732
0.731	16.220	15.754
0.731	16.213	15.743
0.730	16.207	15.761
0.730	16.198	15.757
0.729	16.178	15.725
0.729	16.173	15.755
0.728	16.157	15.759
0.727	16.149	15.757
0.727	16.146	15.756
0.727	16.143	15.762
0.727	16.132	15.738
0.727	16.131	15.760
0.727	16.123	15.762
0.727	16.122	15.743
0.726	16.117	15.761
0.726	16.110	15.760
0.726	16.106	15.754
0.726	16.100	15.758
0.725	16.091	15.757
0.725	16.086	15.765
0.725	16.076	15.758
0.724	16.061	15.749
0.724	16.060	15.763
0.723	16.043	15.769
0.723	16.029	15.764
0.723	16.027	15.762
0.722	16.021	15.767
0.722	16.011	15.759
0.721	15.996	15.768
0.721	15.999	15.762
0.721	15.995	15.763
0.721	15.991	15.767
0.721	15.980	15.774
0.721	15.977	15.765
0.720	15.970	15.767
0.720	15.968	15.766
0.720	15.958	15.773
0.719	15.943	15.763
0.719	15.933	15.778
0.719	15.922	15.770
0.718	15.921	15.770
0.718	15.913	15.741
0.718	15.911	15.774
0.718	15.905	15.778
0.717	15.895	15.765
0.717	15.882	15.776
0.716	15.866	15.770
0.716	15.861	15.771
0.716	15.852	15.776
0.715	15.837	15.774
0.715	15.831	15.759
0.715	15.834	15.781
0.714	15.819	15.778
0.714	15.815	15.786
0.714	15.806	15.772
0.713	15.802	15.763
0.713	15.791	15.783
0.712	15.791	15.782
0.712	15.783	15.776
0.712	15.775	15.779
0.712	15.760	15.786
0.711	15.753	15.780
0.711	15.754	15.782
0.711	15.741	15.790
0.710	15.741	15.772
0.710	15.726	15.777
0.709	15.707	15.782
0.708	15.692	15.789
0.707	15.683	15.790
0.707	15.673	15.782
0.707	15.665	15.795
0.707	15.659	15.781
0.707	15.657	15.781
0.707	15.656	15.786
0.707	15.648	15.783
0.706	15.649	15.783
0.706	15.646	15.785
0.706	15.633	15.781
0.706	15.627	15.792
0.706	15.619	15.798
0.705	15.611	15.785
0.705	15.608	15.792
0.705	15.600	15.778
0.705	15.589	15.780
0.705	15.593	15.796
0.704	15.590	15.797
0.704	15.588	15.791
0.704	15.584	15.798
0.704	15.576	15.798
0.703	15.564	15.789
0.703	15.556	15.784
0.702	15.538	15.798
0.702	15.532	15.790
0.702	15.529	15.804
0.701	15.512	15.797
0.701	15.512	15.797
0.701	15.507	15.809
0.700	15.498	15.782
0.700	15.495	15.797
0.700	15.488	15.797
0.700	15.482	15.794
0.700	15.482	15.797
0.699	15.474	15.804
0.699	15.463	15.805
0.698	15.458	15.806
0.698	15.444	15.807
0.698	15.446	15.804
0.698	15.433	15.806
0.697	15.415	15.809
0.697	15.406	15.789
0.697	15.403	15.815
0.696	15.393	15.801
0.696	15.397	15.809
0.696	15.391	15.807
0.696	15.388	15.789
0.696	15.386	15.810
0.695	15.381	15.811
0.695	15.381	15.815
0.695	15.376	15.806
0.695	15.367	15.805
0.694	15.363	15.803
0.694	15.361	15.805
0.694	15.351	15.808
0.693	15.343	15.809
0.693	15.334	15.812
0.693	15.325	15.809
0.693	15.326	15.815
0.693	15.322	15.819
0.693	15.324	15.784
0.693	15.324	15.812
0.692	15.319	15.806
0.692	15.318	15.808
0.692	15.313	15.819
0.692	15.305	15.803
0.692	15.305	15.817
0.691	15.306	15.812
0.691	15.299	15.812
0.691	15.300	15.823
0.691	15.289	15.822
0.690	15.283	15.810
0.690	15.286	15.813
0.690	15.286	15.818
0.690	15.277	15.810
0.690	15.275	15.814
0.690	15.269	15.809
0.690	15.271	15.800
0.690	15.261	15.812
0.689	15.255	15.810
0.689	15.240	15.811
0.688	15.229	15.808
0.688	15.217	15.819
0.688	15.210	15.816
0.687	15.203	15.802
0.687	15.196	15.823
0.687	15.193	15.822
0.687	14.966	15.738
0.686	15.099	15.804
0.686	15.154	15.811
0.685	15.147	15.793
0.685	15.147	15.819
0.685	15.138	15.823
0.685	15.127	15.824
0.684	15.121	15.814
0.684	15.121	15.818
0.684	15.110	15.822
0.684	15.111	15.816
0.684	15.109	15.825
0.683	15.103	15.822
0.683	15.100	15.819
0.683	15.091	15.815
0.683	15.089	15.816
0.682	15.081	15.820
0.682	15.069	15.830
0.682	15.065	15.820
0.681	15.061	15.820
0.681	15.052	15.826
0.681	15.052	15.826
0.681	15.051	15.828
0.681	15.042	15.823
0.680	15.038	15.823
0.680	15.034	15.830
0.680	15.023	15.828
0.680	15.020	15.829
0.680	15.019	15.826
0.680	15.018	15.829
0.680	15.012	15.833
0.679	15.008	15.812
0.679	15.004	15.825
0.679	15.001	15.821
0.679	14.998	15.829
0.679	14.993	15.827
0.679	14.987	15.827
0.678	14.980	15.830
0.678	14.972	15.827
0.678	14.968	15.819
0.677	14.957	15.831
0.677	14.958	15.831
0.677	14.952	15.833
0.676	14.937	15.825
0.676	14.933	15.833
0.676	14.927	15.818
0.676	14.925	15.826
0.675	14.920	15.835
0.675	14.909	15.830
0.674	14.898	15.828
0.674	14.896	15.832
0.674	14.886	15.836
0.673	14.882	15.839
0.673	14.875	15.832
0.673	14.863	15.838
0.673	14.865	15.844
0.673	14.863	15.832
0.672	14.854	15.844
0.672	14.854	15.833
0.672	14.851	15.837
0.672	14.843	15.838
0.671	14.841	15.839
0.671	14.837	15.840
0.670	14.829	15.840
0.670	14.821	15.841
0.670	14.815	15.839
0.669	14.796	15.838
0.669	14.787	15.842
0.669	14.777	15.844
0.668	14.766	15.837
0.668	14.758	15.849
0.668	14.738	15.840
0.667	14.740	15.847
0.667	14.730	15.844
0.667	14.714	15.850
0.666	14.708	15.841
0.666	14.703	15.840
0.666	14.694	15.850
0.665	14.679	15.793
0.665	14.691	15.853
0.665	14.683	15.852
0.665	14.673	15.848
0.665	14.661	15.849
0.664	14.650	15.850
0.664	14.643	15.850
0.663	14.631	15.848
0.663	14.634	15.852
0.663	14.629	15.849
0.663	14.617	15.855
0.662	14.619	15.856
0.662	14.613	15.847
0.662	14.604	15.856
0.662	14.602	15.854
0.661	14.589	15.841
0.661	14.570	15.854
0.661	14.570	15.851
0.660	14.562	15.855
0.660	14.559	15.836
0.660	14.554	15.855
0.660	14.547	15.859
0.660	14.549	15.845
0.660	14.541	15.849
0.659	14.533	15.851
0.659	14.536	15.861
0.659	14.530	15.860
0.659	14.524	15.856
0.659	14.526	15.850
0.659	14.523	15.856
0.658	14.514	15.860
0.658	14.511	15.858
0.658	14.503	15.855
0.658	14.497	15.835
0.657	14.490	15.866
0.657	14.484	15.860
0.657	14.474	15.857
0.656	14.471	15.863
0.656	14.463	15.858
0.656	14.461	15.861
0.656	14.456	15.856
0.656	14.448	15.863
0.655	14.449	15.859
0.655	14.443	15.853
0.655	14.437	15.865
0.654	14.435	15.857
0.654	14.430	15.868
0.654	14.422	15.864
0.654	14.412	15.857
0.654	14.407	15.870
0.653	14.406	15.865
0.653	14.401	15.861
0.653	14.395	15.873
0.653	14.398	15.862
0.653	14.394	15.867
0.652	14.389	15.868
0.652	14.390	15.865
0.652	14.383	15.867
0.651	14.363	15.868
0.650	14.347	15.862
0.650	14.342	15.867
0.649	14.332	15.865
0.649	14.322	15.870
0.649	14.316	15.871
0.648	14.308	15.879
0.648	14.295	15.872
0.648	14.287	15.841
0.647	14.267	15.857
0.647	14.255	15.879
0.647	14.243	15.875
0.646	14.239	15.860
0.646	14.229	15.876
0.646	14.222	15.875
0.645	14.215	15.867
0.644	14.203	15.878
0.644	14.195	15.880
0.644	14.189	15.873
0.644	14.192	15.879
0.644	14.191	15.871
0.644	14.190	15.876
0.644	14.179	15.884
0.644	14.171	15.859
0.643	14.172	15.875
0.643	14.163	15.879
0.643	14.162	15.879
0.643	14.160	15.882
0.643	14.153	15.881
0.642	14.140	15.884
0.642	14.131	15.880
0.641	14.124	15.866
0.641	14.114	15.868
0.641	14.113	15.879
0.641	14.105	15.889
0.640	14.097	15.887
0.640	14.089	15.886
0.640	14.085	15.882
0.639	14.079	15.888
0.639	14.065	15.886
0.638	14.049	15.877
0.638	14.040	15.881
0.638	14.031	15.884
0.637	14.025	15.892
0.637	14.017	15.894
0.636	14.001	15.895
0.636	13.993	15.897
0.636	13.994	15.902
0.635	13.988	15.888
0.635	13.981	15.899
0.634	13.969	15.896
0.634	13.967	15.894
0.634	13.962	15.894
0.634	13.956	15.898
0.634	13.952	15.894
0.632	13.928	15.903
0.632	13.911	15.894
0.632	13.911	15.897
0.632	13.908	15.900
0.631	13.898	15.876
0.631	13.892	15.901
0.631	13.876	15.876
0.630	13.869	15.903
0.629	13.858	15.901
0.628	13.840	15.902
0.628	13.830	15.908
0.628	13.821	15.909
0.627	13.812	15.905
0.627	13.807	15.913
0.627	13.794	15.895
0.626	13.773	15.904
0.626	13.766	15.906
0.626	13.758	15.908
0.625	13.751	15.906
0.624	13.745	15.889
0.624	13.732	15.913
0.624	13.728	15.915
0.624	13.721	15.908
0.624	13.711	15.910
0.623	13.706	15.895
0.623	13.699	15.914
0.623	13.692	15.913
0.623	13.691	15.913
0.622	13.674	15.914
0.621	13.665	15.910
0.621	13.655	15.916
0.621	13.646	15.893
0.620	13.641	15.888
0.620	13.628	15.913
0.619	13.606	15.924
0.619	13.597	15.913
0.618	13.586	15.918
0.618	13.570	15.911
0.618	13.567	15.915
0.617	13.555	15.927
0.616	13.545	15.927
0.616	13.539	15.924
0.615	13.528	15.918
0.615	13.515	15.921
0.614	13.503	15.933
0.614	13.493	15.931
0.614	13.493	15.925
0.613	13.486	15.929
0.613	13.482	15.915
0.613	13.478	15.927
0.613	13.472	15.924
0.613	13.467	15.915
0.613	13.470	15.926
0.613	13.464	15.929
0.612	13.450	15.936
0.611	13.427	15.934
0.611	13.417	15.933
0.610	13.408	15.911
0.610	13.399	15.927
0.610	13.384	15.933
0.609	13.372	15.937
0.608	13.361	15.929
0.608	13.352	15.939
0.607	13.340	15.928
0.607	13.322	15.943
0.606	13.307	15.935
0.606	13.301	15.935
0.605	13.286	15.943
0.604	13.267	15.942
0.604	13.261	15.935
0.603	13.243	15.943
0.603	13.237	15.946
0.603	13.232	15.936
0.603	13.237	15.939
0.603	13.225	15.938
0.602	13.214	15.945
0.602	13.203	15.945
0.601	13.192	15.945
0.600	13.181	15.948
0.600	13.166	15.946
0.600	13.162	15.949
0.599	13.151	15.950
0.599	13.143	15.947
0.598	13.132	15.954
0.598	13.112	15.951
0.597	13.100	15.936
0.597	13.095	15.948
0.597	13.087	15.955
0.596	13.078	15.950
0.596	13.069	15.954
0.595	13.062	15.948
0.594	13.039	15.933
0.594	13.033	15.959
0.594	13.032	15.954
0.593	13.030	15.963
0.593	13.022	15.960
0.593	13.022	15.958
0.593	13.016	15.956
0.593	13.002	15.959
0.592	12.992	15.933
0.591	12.974	15.961
0.591	12.969	15.960
0.591	12.962	15.958
0.590	12.954	15.953
0.590	12.945	15.934
0.590	12.936	15.959
0.590	12.926	15.932
0.589	12.914	15.963
0.589	12.910	15.967
0.589	12.896	15.964
0.588	12.880	15.970
0.588	12.867	15.949
0.587	12.852	15.973
0.587	12.848	15.969
0.586	12.839	15.969
0.586	12.829	15.966
0.585	12.820	15.965
0.585	12.808	15.960
0.584	12.797	15.966
0.584	12.783	15.969
0.583	12.768	15.971
0.582	12.761	15.977
0.582	12.738	15.958
0.582	12.730	15.978
0.581	12.724	15.984
0.581	12.713	15.972
0.580	12.704	15.977
0.580	12.698	15.963
0.580	12.694	15.980
0.579	12.685	15.987
0.579	12.680	15.990
0.579	12.673	15.981
0.579	12.670	15.982
0.578	12.663	15.980
0.578	12.644	15.974
0.578	12.645	15.975
0.577	12.637	15.980
0.577	12.625	15.990
0.576	12.615	15.988
0.576	12.493	15.905
0.575	12.440	15.914
0.575	12.588	15.977
0.574	12.577	15.964
0.574	12.568	15.982
0.573	12.559	15.984
0.573	12.553	15.990
0.572	12.537	15.986
0.572	12.525	15.988
0.572	12.520	15.959
0.572	12.525	15.993
0.572	12.524	15.978
0.572	12.517	15.995
0.572	12.517	15.990
0.572	12.512	15.989
0.571	12.496	15.988
0.570	12.475	15.990
0.570	12.460	15.999
0.569	12.442	15.991
0.569	12.429	15.998
0.568	12.407	16.000
0.567	12.391	15.990
0.567	12.375	16.010
0.566	12.357	16.004
0.565	12.348	16.002
0.565	12.336	15.990
0.565	12.329	16.010
0.565	12.321	16.010
0.564	12.311	16.002
0.564	12.303	15.990
0.564	12.288	16.008
0.563	12.275	15.988
0.563	12.272	16.009
0.563	12.269	16.010
0.562	12.257	16.013
0.562	12.250	16.011
0.561	12.236	16.015
0.561	12.223	16.002
0.560	12.216	15.999
0.560	12.208	16.009
0.560	12.200	16.018
0.559	12.191	16.015
0.559	12.184	16.004
0.559	12.181	16.013
0.558	12.175	16.016
0.558	12.172	16.014
0.557	12.157	16.004
0.557	12.141	16.016
0.557	12.132	16.017
0.556	12.132	16.015
0.556	12.124	16.021
0.556	12.117	16.022
0.556	12.115	16.018
0.555	12.109	16.023
0.555	12.101	16.005
0.554	12.094	16.016
0.554	12.089	16.021
0.554	12.086	16.006
0.553	12.081	16.021
0.553	12.078	16.028
0.553	12.070	16.017
0.552	12.054	16.021
0.552	12.045	16.010
0.552	12.045	16.021
0.552	12.036	16.022
0.551	12.019	16.027
0.550	11.999	16.027
0.550	11.979	16.024
0.549	11.961	16.018
0.548	11.929	16.022
0.548	11.914	16.019
0.547	11.905	16.009
0.547	11.902	16.030
0.546	11.887	16.027
0.546	11.864	16.028
0.545	11.855	16.023
0.545	11.847	16.036
0.545	11.844	16.033
0.545	11.834	16.041
0.544	11.821	16.035
0.543	11.805	16.038
0.543	11.800	16.028
0.543	11.797	16.019
0.543	11.790	16.034
0.542	11.762	16.033
0.541	11.751	16.043
0.541	11.750	16.031
0.541	11.735	16.045
0.540	11.726	16.041
0.540	11.718	16.043
0.539	11.706	16.035
0.539	11.698	16.043
0.538	11.680	16.035
0.537	11.671	16.047
0.537	11.658	16.050
0.537	11.654	16.046
0.536	11.647	16.038
0.535	11.638	16.050
0.535	11.626	16.042
0.535	11.622	16.043
0.535	11.618	16.054
0.534	11.609	16.053
0.534	11.598	16.053
0.533	11.577	16.060
0.533	11.572	16.044
0.532	11.567	16.051
0.532	11.560	16.056
0.532	11.545	16.055
0.531	11.536	16.055
0.531	11.527	16.055
0.530	11.516	16.062
0.529	11.501	16.060
0.529	11.490	16.056
0.528	11.476	16.058
0.528	11.462	16.055
0.527	11.436	16.061
0.527	11.423	16.066
0.526	11.413	16.067
0.526	11.397	16.056
0.525	11.387	16.058
0.525	11.383	16.050
0.525	11.375	16.041
0.524	11.356	16.060
0.523	11.339	16.062
0.523	11.332	16.051
0.522	11.321	16.064
0.522	11.308	16.077
0.522	11.298	16.077
0.521	11.281	16.069
0.520	11.271	16.073
0.520	11.263	16.069
0.519	11.246	16.077
0.519	11.240	16.049
0.519	11.228	16.079
0.518	11.217	16.078
0.517	11.197	16.070
0.517	11.192	16.079
0.517	11.182	16.072
0.516	11.176	16.074
0.516	11.171	16.073
0.515	11.166	16.079
0.515	11.156	16.072
0.515	11.149	16.081
0.514	11.133	16.070
0.514	11.139	16.079
0.514	11.134	16.083
0.514	11.123	16.078
0.513	11.107	16.083
0.513	11.097	16.078
0.513	11.094	16.083
0.512	11.074	16.082
0.511	11.068	16.088
0.511	11.060	16.083
0.511	11.046	16.088
0.510	11.033	16.077
0.510	11.020	16.088
0.508	10.993	16.092
0.508	10.979	16.067
0.507	10.965	16.082
0.507	10.952	16.094
0.506	10.938	16.094
0.505	10.922	16.090
0.504	10.886	16.088
0.503	10.873	16.091
0.503	10.865	16.093
0.502	10.853	16.097
0.502	10.835	16.100
0.501	10.820	16.105
0.501	10.808	16.100
0.500	10.797	16.086
0.500	10.778	16.106
0.499	10.770	16.107
0.499	10.755	16.104
0.498	10.740	16.108
0.497	10.726	16.105
0.496	10.718	16.108
0.496	10.711	16.110
0.496	10.705	16.108
0.496	10.700	16.107
0.495	10.688	16.095
0.495	10.681	16.104
0.495	10.674	16.107
0.494	10.661	16.109
0.493	10.626	16.109
0.492	10.603	16.104
0.492	10.603	16.102
0.492	10.598	16.113
0.492	10.594	16.112
0.492	10.587	16.114
0.491	10.575	16.116
0.491	10.562	16.104
0.489	10.534	16.108
0.489	10.514	16.125
0.488	10.485	16.123
0.487	10.471	16.124
0.486	10.452	16.123
0.486	10.447	16.125
0.485	10.432	16.124
0.485	10.421	16.106
0.485	10.417	16.120
0.484	10.405	16.121
0.484	10.396	16.108
0.483	10.385	16.114
0.483	10.364	16.127
0.482	10.352	16.126
0.481	10.331	16.124
0.481	10.324	16.128
0.480	10.315	16.132
0.480	10.301	16.129
0.479	10.290	16.132
0.479	10.285	16.132
0.479	10.271	16.129
0.478	10.256	16.123
0.477	10.249	16.128
0.477	10.245	16.136
0.477	10.244	16.136
0.476	10.238	16.136
0.476	10.229	16.138
0.475	10.229	16.135
0.475	10.219	16.140
0.475	10.204	16.119
0.475	10.200	16.140
0.474	10.194	16.135
0.474	10.190	16.133
0.474	10.184	16.140
0.474	10.177	16.140
0.473	10.167	16.136
0.473	10.162	16.141
0.473	10.149	16.136
0.472	10.139	16.142
0.472	10.123	16.151
0.472	10.107	16.150
0.471	10.091	16.153
0.471	10.081	16.140
0.470	10.064	16.138
0.469	10.041	16.155
0.469	10.021	16.142
0.468	10.009	16.143
0.467	9.996	16.152
0.467	9.985	16.152
0.467	9.979	16.124
0.466	9.966	16.136
0.466	9.958	16.148
0.466	9.955	16.150
0.465	9.945	16.160
0.465	9.928	16.151
0.464	9.917	16.156
0.464	9.904	16.153
0.463	9.893	16.155
0.463	9.884	16.161
0.462	9.868	16.140
0.461	9.860	16.138
0.461	9.850	16.136
0.461	9.841	16.160
0.460	9.825	16.151
0.459	9.809	16.156
0.459	9.801	16.154
0.458	9.794	16.156
0.458	9.789	16.157
0.458	9.783	16.157
0.457	9.778	16.158
0.457	9.768	16.163
0.457	9.760	16.168
0.456	9.754	16.174
0.456	9.749	16.159
0.456	9.747	16.166
0.455	9.741	16.167
0.455	9.734	16.161
0.455	9.725	16.149
0.454	9.713	16.156
0.454	9.709	16.168
0.454	9.705	16.176
0.453	9.693	16.170
0.453	9.674	16.170
0.452	9.648	16.155
0.451	9.630	16.177
0.451	9.612	16.180
0.450	9.592	16.172
0.449	9.577	16.176
0.449	9.561	16.182
0.448	9.529	16.164
0.448	9.520	16.177
0.448	9.516	16.183
0.447	9.506	16.169
0.447	9.496	16.175
0.447	9.496	16.185
0.446	9.492	16.174
0.446	9.485	16.180
0.445	9.472	16.180
0.445	9.459	16.184
0.444	9.440	16.186
0.443	9.417	16.182
0.443	9.401	16.181
0.442	9.394	16.193
0.441	9.370	16.189
0.440	9.343	16.186
0.440	9.342	16.190
0.440	9.340	16.197
0.439	9.326	16.194
0.438	9.313	16.191
0.438	9.298	16.202
0.437	9.287	16.198
0.437	9.278	16.203
0.437	9.272	16.200
0.437	9.269	16.202
0.437	9.266	16.179
0.436	9.261	16.194
0.436	9.257	16.200
0.436	9.253	16.201
0.436	9.249	16.191
0.436	9.246	16.192
0.435	9.235	16.201
0.435	9.224	16.200
0.435	9.215	16.196
0.434	9.212	16.196
0.434	9.202	16.201
0.433	9.185	16.180
0.433	9.170	16.204
0.432	9.156	16.197
0.432	9.140	16.210
0.431	9.122	16.190
0.430	9.117	16.195
0.430	9.108	16.211
0.430	9.091	16.205
0.429	9.077	16.184
0.429	9.070	16.208
0.428	9.051	16.190
0.428	8.975	16.179
0.427	8.982	16.201
0.427	9.018	16.216
0.426	9.004	16.205
0.426	8.995	16.211
0.426	8.995	16.217
0.426	8.989	16.205
0.425	8.982	16.192
0.425	8.975	16.221
0.425	8.964	16.209
0.424	8.953	16.221
0.423	8.929	16.210
0.423	8.914	16.216
0.422	8.899	16.217
0.421	8.897	16.220
0.421	8.884	16.217
0.420	8.866	16.220
0.419	8.854	16.216
0.419	8.844	16.214
0.418	8.837	16.217
0.418	8.829	16.226
0.418	8.824	16.225
0.418	8.817	16.226
0.417	8.813	16.222
0.417	8.806	16.210
0.417	8.802	16.227
0.417	8.797	16.227
0.417	8.794	16.203
0.417	8.789	16.225
0.417	8.784	16.223
0.417	8.782	16.229
0.416	8.773	16.229
0.416	8.764	16.229
0.415	8.755	16.226
0.415	8.744	16.221
0.415	8.738	16.234
0.415	8.731	16.218
0.414	8.719	16.218
0.414	8.707	16.233
0.413	8.692	16.229
0.413	8.681	16.232
0.412	8.661	16.226
0.410	8.638	16.226
0.409	8.612	16.232
0.409	8.597	16.226
0.408	8.587	16.239
0.408	8.568	16.235
0.407	8.556	16.239
0.406	8.543	16.242
0.406	8.537	16.242
0.406	8.524	16.245
0.405	8.512	16.238
0.405	8.505	16.241
0.405	8.489	16.240
0.404	8.477	16.234
0.403	8.468	16.242
0.403	8.455	16.239
0.402	8.439	16.244
0.402	8.431	16.244
0.401	8.416	16.248
0.400	8.404	16.245
0.400	8.394	16.245
0.400	8.382	16.252
0.399	8.366	16.245
0.399	8.360	16.241
0.399	8.354	16.251
0.398	8.349	16.247
0.398	8.344	16.259
0.398	8.338	16.241
0.397	8.320	16.259
0.396	8.303	16.239
0.395	8.285	16.251
0.395	8.282	16.255
0.395	8.271	16.263
0.395	8.267	16.256
0.394	8.260	16.257
0.394	8.251	16.237
0.393	8.234	16.262
0.392	8.195	16.258
0.391	8.173	16.248
0.391	8.159	16.262
0.391	8.143	16.265
0.390	8.135	16.264
0.389	8.117	16.272
0.389	8.104	16.267
0.388	8.099	16.265
0.388	8.093	16.274
0.388	8.085	16.266
0.388	8.074	16.267
0.387	8.064	16.267
0.387	8.061	16.268
0.387	8.057	16.262
0.387	8.049	16.271
0.386	8.040	16.271
0.386	8.033	16.273
0.386	8.025	16.265
0.385	8.015	16.272
0.385	8.006	16.272
0.384	7.990	16.275
0.384	7.982	16.269
0.383	7.973	16.267
0.382	7.956	16.273
0.381	7.938	16.268
0.381	7.928	16.274
0.380	7.920	16.258
0.380	7.910	16.275
0.379	7.904	16.281
0.379	7.902	16.275
0.379	7.901	16.271
0.379	7.897	16.276
0.379	7.897	16.276
0.379	7.891	16.282
0.378	7.881	16.257
0.378	7.873	16.269
0.378	7.869	16.274
0.378	7.857	16.274
0.377	7.850	16.281
0.377	7.843	16.270
0.376	7.830	16.278
0.376	7.817	16.289
0.376	7.795	16.287
0.375	7.780	16.296
0.374	7.762	16.282
0.373	7.736	16.295
0.373	7.723	16.296
0.372	7.706	16.264
0.372	7.697	16.284
0.372	7.694	16.292
0.372	7.690	16.289
0.372	7.686	16.293
0.371	7.677	16.287
0.370	7.652	16.298
0.370	7.638	16.284
0.369	7.625	16.296
0.368	7.608	16.295
0.367	7.588	16.299
0.367	7.577	16.293
0.367	7.565	16.296
0.366	7.551	16.291
0.365	7.529	16.299
0.364	7.512	16.304
0.363	7.493	16.305
0.363	7.477	16.282
0.362	7.469	16.307
0.361	7.456	16.302
0.361	7.454	16.303
0.361	7.445	16.305
0.360	7.437	16.303
0.360	7.431	16.294
0.360	7.428	16.304
0.360	7.426	16.299
0.360	7.424	16.308
0.360	7.421	16.303
0.359	7.418	16.284
0.359	7.417	16.303
0.359	7.414	16.312
0.359	7.409	16.305
0.358	7.394	16.310
0.357	7.381	16.310
0.357	7.373	16.313
0.357	7.363	16.289
0.356	7.327	16.311
0.355	7.300	16.324
0.355	7.279	16.311
0.354	7.273	16.314
0.354	7.266	16.320
0.354	7.253	16.319
0.352	7.233	16.314
0.352	7.208	16.308
0.351	7.196	16.322
0.350	7.183	16.307
0.350	7.172	16.325
0.349	7.159	16.321
0.349	7.153	16.318
0.349	7.149	16.329
0.348	7.134	16.298
0.348	7.118	16.320
0.348	7.113	16.326
0.347	7.107	16.323
0.347	7.099	16.323
0.347	7.086	16.325
0.346	7.066	16.328
0.345	7.051	16.317
0.344	7.035	16.325
0.343	7.022	16.331
0.343	7.010	16.331
0.343	6.995	16.329
0.342	6.981	16.343
0.342	6.973	16.333
0.342	6.972	16.336
0.341	6.969	16.338
0.341	6.965	16.335
0.341	6.958	16.338
0.340	6.952	16.323
0.340	6.945	16.331
0.340	6.938	16.335
0.340	6.930	16.336
0.339	6.922	16.310
0.339	6.918	16.338
0.339	6.911	16.343
0.339	6.904	16.331
0.338	6.900	16.339
0.338	6.894	16.332
0.338	6.885	16.338
0.337	6.872	16.343
0.337	6.866	16.343
0.336	6.854	16.342
0.335	6.825	16.342
0.334	6.798	16.328
0.334	6.788	16.339
0.334	6.782	16.350
0.333	6.769	16.344
0.332	6.746	16.343
0.332	6.736	16.347
0.331	6.726	16.342
0.331	6.718	16.345
0.330	6.708	16.334
0.330	6.695	16.345
0.330	6.688	16.348
0.329	6.683	16.351
0.329	6.674	16.348
0.329	6.660	16.349
0.328	6.647	16.342
0.328	6.644	16.350
0.328	6.641	16.344
0.328	6.634	16.351
0.327	6.625	16.356
0.327	6.610	16.352
0.326	6.601	16.357
0.325	6.583	16.354
0.324	6.554	16.355
0.323	6.535	16.354
0.322	6.527	16.357
0.322	6.515	16.365
0.321	6.506	16.357
0.321	6.496	16.356
0.321	6.490	16.362
0.321	6.483	16.361
0.321	6.469	16.350
0.320	6.462	16.368
0.320	6.454	16.361
0.320	6.447	16.363
0.319	6.442	16.362
0.319	6.432	16.365
0.319	6.425	16.345
0.318	6.414	16.350
0.318	6.406	16.366
0.318	6.405	16.371
0.318	6.402	16.367
0.317	6.376	16.367
0.316	6.348	16.370
0.315	6.333	16.367
0.315	6.326	16.373
0.315	6.321	16.375
0.314	6.316	16.373
0.314	6.311	16.368
0.314	6.295	16.373
0.313	6.281	16.369
0.313	6.275	16.373
0.312	6.261	16.370
0.312	6.249	16.375
0.311	6.241	16.365
0.311	6.234	16.385
0.311	6.231	16.375
0.310	6.223	16.381
0.310	6.204	16.388
0.309	6.191	16.377
0.309	6.187	16.384
0.309	6.177	16.383
0.308	6.166	16.388
0.308	6.160	16.386
0.307	6.145	16.385
0.307	6.127	16.384
0.306	6.116	16.377
0.306	6.109	16.389
0.305	6.100	16.385
0.305	6.084	16.384
0.305	6.081	16.395
0.305	6.080	16.393
0.305	6.079	16.391
0.305	6.077	16.389
0.305	6.074	16.394
0.304	6.071	16.393
0.304	6.066	16.379
0.304	6.058	16.392
0.303	6.044	16.390
0.303	6.035	16.393
0.303	6.030	16.394
0.302	6.026	16.389
0.302	6.022	16.392
0.302	6.017	16.389
0.302	6.009	16.391
0.301	6.001	16.375
0.301	5.992	16.391
0.301	5.982	16.398
0.300	5.974	16.398
0.300	5.964	16.402
0.300	5.954	16.389
0.299	5.944	16.396
0.299	5.934	16.396
0.298	5.920	16.385
0.297	5.891	16.394
0.297	5.879	16.378
0.296	5.872	16.398
0.296	5.862	16.406
0.295	5.852	16.409
0.295	5.840	16.394
0.294	5.832	16.393
0.294	5.827	16.396
0.294	5.815	16.404
0.293	5.804	16.401
0.293	5.786	16.408
0.292	5.771	16.405
0.292	5.761	16.394
0.291	5.755	16.388
0.291	5.746	16.409
0.290	5.727	16.406
0.289	5.709	16.407
0.289	5.698	16.390
0.288	5.684	16.323
0.287	5.661	16.361
0.287	5.633	16.393
0.286	5.622	16.378
0.285	5.612	16.404
0.285	5.610	16.400
0.285	5.607	16.405
0.285	5.603	16.404
0.284	5.600	16.406
0.284	5.597	16.411
0.284	5.593	16.404
0.283	5.591	16.404
0.283	5.588	16.408
0.283	5.584	16.402
0.282	5.580	16.407
0.282	5.578	16.402
0.282	5.572	16.405
0.281	5.567	16.404
0.281	5.564	16.402
0.280	5.561	16.405
0.280	5.559	16.406
0.280	5.556	16.396
0.279	5.551	16.403
0.279	5.545	16.397
0.278	5.537	16.401
0.277	5.532	16.402
0.277	5.527	16.411
0.276	5.522	16.411
0.276	5.518	16.406
0.275	5.515	16.394
0.275	5.512	16.393
0.274	5.508	16.405
0.274	5.507	16.382
0.274	5.505	16.398
0.273	5.502	16.405
0.273	5.500	16.391
0.273	5.500	16.407
0.273	5.500	16.391
0.272	5.496	16.398
0.272	5.494	16.404
0.271	5.491	16.381
0.271	5.485	16.388
0.270	5.483	16.403
0.269	5.479	16.403
0.269	5.475	16.404
0.269	5.471	16.399
0.269	5.470	16.401
0.269	5.469	16.394
0.269	5.468	16.394
0.269	5.465	16.409
0.269	5.463	16.404
0.269	5.463	16.410
0.269	5.461	16.401
0.269	5.460	16.405
0.269	5.458	16.409
0.269	5.458	16.404
0.269	5.456	16.406
0.269	5.456	16.404
0.269	5.455	16.408
0.269	5.454	16.408
0.269	5.453	16.407
0.269	5.452	16.405
0.269	5.450	16.390
0.269	5.449	16.397
0.269	5.447	16.405
0.269	5.446	16.398
0.269	5.444	16.406
0.269	5.441	16.412
0.269	5.438	16.404
0.269	5.434	16.404
0.269	5.433	16.409
0.269	5.432	16.407
0.269	5.430	16.416
0.269	5.426	16.413
0.269	5.425	16.410
0.269	5.421	16.408
0.269	5.419	16.410
0.269	5.418	16.404
0.269	5.416	16.408
0.269	5.412	16.410
0.269	5.410	16.408
0.269	5.409	16.417
0.269	5.409	16.412
0.269	5.409	16.404
0.269	5.408	16.408
0.269	5.407	16.399
0.269	5.404	16.404
0.269	5.402	16.414
0.269	5.400	16.389
0.269	5.396	16.401
0.269	5.391	16.407
0.269	5.388	16.406
0.269	5.385	16.401
0.269	5.384	16.404
0.269	5.384	16.407
0.269	5.383	16.406
0.269	5.382	16.413
0.269	5.379	16.410
0.269	5.378	16.419
0.269	5.376	16.411
0.269	5.374	16.411
0.269	5.373	16.409
0.269	5.372	16.410
0.269	5.372	16.411
0.269	5.370	16.413
0.269	5.368	16.392
0.269	5.365	16.413
0.269	5.363	16.406
0.269	5.360	16.407
0.269	5.359	16.400
0.269	5.357	16.409
0.269	5.355	16.412
0.269	5.352	16.413
0.269	5.350	16.402
0.269	5.349	16.414
0.269	5.349	16.409
0.269	5.349	16.415
0.269	5.349	16.413
0.269	5.349	16.411
0.269	5.349	16.411
0.269	5.349	16.413
0.269	5.349	16.413
0.269	5.349	16.410
0.269	5.349	16.403
0.269	5.349	16.411
0.269	5.349	16.391
0.269	5.349	16.406
0.269	5.349	16.382
0.269	5.349	16.400
0.269	5.349	16.405
0.269	5.349	16.409
0.269	5.349	16.406
0.269	5.349	16.412
0.269	5.349	16.410
0.269	5.349	16.408
0.269	5.349	16.413
0.269	5.349	16.412
0.269	5.349	16.408
0.269	5.349	16.405
0.269	5.349	16.392
0.269	5.349	16.396
0.269	5.349	16.411
0.269	5.349	16.404
0.270	5.349	16.407
0.269	5.349	16.413
0.269	5.349	16.412
0.269	5.349	16.414
0.269	5.349	16.410
0.269	5.349	16.416
0.269	5.349	16.412
0.269	5.349	16.410
0.269	5.349	16.401
0.269	5.349	16.405
0.269	5.349	16.390
0.269	5.349	16.413
0.269	5.349	16.402
0.269	5.349	16.414
0.269	5.349	16.413
0.269	5.349	16.413
0.269	5.349	16.410
0.269	5.349	16.417
0.269	5.349	16.413
0.269	5.349	16.413
0.269	5.349	16.410
0.269	5.349	16.415
0.269	5.349	16.417
0.269	5.349	16.410
0.269	5.349	16.416
0.269	5.349	16.409
0.269	5.349	16.411
0.269	5.348	16.418
0.269	5.349	16.414
0.269	5.349	16.405
0.269	5.349	16.393
0.269	5.349	16.406
0.269	5.349	16.408
0.269	5.349	16.410
0.269	5.348	16.412
0.269	5.349	16.410
0.269	5.349	16.396
0.269	5.349	16.408
0.269	5.349	16.403
0.269	5.349	16.408
0.269	5.349	16.408
0.269	5.349	16.414
0.269	5.349	16.414
0.269	5.349	16.410
0.269	5.349	16.414
0.269	5.349	16.412
0.270	5.349	16.405
0.269	5.349	16.412
0.269	5.349	16.402
0.269	5.349	16.379
0.270	5.349	16.384
0.269	5.349	16.406
0.269	5.349	16.412
0.269	5.349	16.413
0.269	5.349	16.414
0.269	5.349	16.416
0.269	5.349	16.415
0.269	5.349	16.406
0.269	5.349	16.412
0.269	5.349	16.412
0.269	5.349	16.414
0.269	5.349	16.417
0.269	5.349	16.417
0.269	5.349	16.414
0.269	5.349	16.390
0.269	5.349	16.405
0.269	5.349	16.385
0.269	5.349	16.406
0.269	5.349	16.413
0.269	5.349	16.406
0.269	5.349	16.416
0.269	5.348	16.414
0.269	5.349	16.411
0.269	5.349	16.420
0.269	5.349	16.410
0.269	5.349	16.423
0.269	5.349	16.415
0.269	5.349	16.416
0.269	5.348	16.419
0.269	5.349	16.417
0.269	5.349	16.415
0.269	5.349	16.403
0.270	5.349	16.401
0.269	5.349	16.410
