0.269	5.349	25.967
0.269	5.349	25.973
0.269	5.349	25.976
0.269	5.348	25.980
0.269	5.349	25.980
0.269	5.349	25.975
0.269	5.349	25.977
0.269	5.348	25.978
0.269	5.349	25.980
0.269	5.349	25.957
0.269	5.349	25.981
0.269	5.349	25.975
0.269	5.349	25.976
0.269	5.349	25.981
0.269	5.349	25.983
0.269	5.349	25.984
0.269	5.348	25.982
0.269	5.349	25.974
0.269	5.349	25.979
0.269	5.349	25.976
0.269	5.349	25.974
0.269	5.349	25.978
0.269	5.349	25.975
0.269	5.349	25.982
0.269	5.349	25.980
0.269	5.349	25.977
0.269	5.349	25.965
0.269	5.349	25.973
0.269	5.349	25.970
0.269	5.349	25.981
0.269	5.349	25.971
0.269	5.349	25.974
0.269	5.349	25.982
0.269	5.349	25.977
0.269	5.349	25.973
0.269	5.349	25.980
0.269	5.349	25.976
0.269	5.349	25.982
0.269	5.349	25.977
0.269	5.349	25.972
0.269	5.349	25.973
0.269	5.349	25.984
0.269	5.349	25.981
0.269	5.349	25.976
0.269	5.349	25.977
0.269	5.349	25.977
0.269	5.349	25.969
0.269	5.349	25.977
0.269	5.349	25.975
0.269	5.349	25.976
0.269	5.349	25.984
0.269	5.349	25.980
0.269	5.349	25.977
0.269	5.349	25.975
0.269	5.349	25.977
0.269	5.349	25.975
0.269	5.349	25.978
0.269	5.349	25.971
0.269	5.349	25.970
0.269	5.349	25.974
0.269	5.349	25.979
0.269	5.349	25.973
0.269	5.349	25.977
0.269	5.349	25.967
0.269	5.349	25.979
0.269	5.349	25.974
0.269	5.349	25.975
0.269	5.349	25.976
0.269	5.349	25.976
0.269	5.349	25.972
0.269	5.349	25.972
0.269	5.349	25.977
0.269	5.349	25.974
0.269	5.349	25.976
0.269	5.349	25.964
0.271	5.349	25.950
0.269	5.349	25.979
0.269	5.349	25.976
0.269	5.350	25.972
0.269	5.350	25.977
0.269	5.351	25.980
0.269	5.353	25.980
0.269	5.355	25.975
0.269	5.357	25.972
0.269	5.357	25.977
0.269	5.359	25.973
0.269	5.360	25.975
0.269	5.360	25.973
0.269	5.363	25.969
0.269	5.367	25.964
0.269	5.368	25.976
0.269	5.371	25.972
0.272	5.373	25.974
0.269	5.375	25.971
0.269	5.377	25.972
0.270	5.380	25.937
0.269	5.382	25.968
0.271	5.383	25.920
0.269	5.385	25.973
0.269	5.387	25.969
0.269	5.387	25.978
0.269	5.389	25.969
0.269	5.390	25.970
0.269	5.392	25.976
0.269	5.392	25.946
0.270	5.394	25.958
0.269	5.396	25.968
0.269	5.397	25.970
0.269	5.397	25.970
0.269	5.398	25.972
0.269	5.401	25.975
0.269	5.403	25.972
0.269	5.403	25.975
0.269	5.405	25.969
0.269	5.406	25.976
0.269	5.407	25.969
0.269	5.408	25.968
0.269	5.409	25.971
0.269	5.410	25.973
0.269	5.411	25.981
0.269	5.413	25.972
0.269	5.414	25.970
0.269	5.415	25.969
0.269	5.416	25.951
0.269	5.417	25.972
0.269	5.421	25.970
0.269	5.422	25.971
0.269	5.424	25.972
0.269	5.426	25.966
0.269	5.431	25.974
0.269	5.433	25.967
0.269	5.433	25.965
0.269	5.433	25.971
0.269	5.434	25.974
0.269	5.435	25.964
0.269	5.436	25.966
0.269	5.436	25.976
0.269	5.438	25.972
0.269	5.439	25.969
0.269	5.440	25.971
0.269	5.440	25.973
0.269	5.441	25.977
0.269	5.443	25.950
0.269	5.445	25.974
0.269	5.449	25.971
0.269	5.452	25.970
0.269	5.453	25.973
0.269	5.456	25.964
0.269	5.457	25.967
0.269	5.458	25.977
0.269	5.461	25.964
0.269	5.463	25.965
0.269	5.464	25.973
0.269	5.467	25.972
0.269	5.469	25.964
0.269	5.469	25.966
0.269	5.471	25.961
0.269	5.473	25.967
0.269	5.476	25.965
0.269	5.478	25.969
0.269	5.481	25.961
0.269	5.482	25.947
0.269	5.484	25.943
0.269	5.485	25.964
0.269	5.487	25.970
0.269	5.490	25.961
0.269	5.491	25.961
0.269	5.491	25.960
0.269	5.493	25.963
0.269	5.496	25.959
0.269	5.498	25.964
0.269	5.499	25.969
0.269	5.502	25.964
0.269	5.505	25.958
0.269	5.507	25.966
0.269	5.507	25.965
0.269	5.509	25.963
0.269	5.512	25.964
0.270	5.515	25.969
0.270	5.517	25.964
0.270	5.518	25.964
0.270	5.520	25.961
0.270	5.524	25.961
0.271	5.527	25.956
0.271	5.534	25.957
0.271	5.538	25.957
0.272	5.540	25.966
0.272	5.543	25.953
0.273	5.547	25.964
0.273	5.550	25.961
0.273	5.554	25.940
0.274	5.558	25.959
0.274	5.564	25.966
0.275	5.567	25.964
0.275	5.568	25.967
0.275	5.569	25.967
0.276	5.574	25.961
0.276	5.578	25.958
0.276	5.579	25.964
0.277	5.580	25.966
0.277	5.584	25.957
0.278	5.589	25.966
0.278	5.592	25.963
0.278	5.596	25.960
0.279	5.603	25.947
0.279	5.613	25.959
0.280	5.618	25.958
0.280	5.628	25.965
0.280	5.635	25.959
0.281	5.648	25.953
0.281	5.661	25.967
0.282	5.674	25.940
0.282	5.683	25.963
0.282	5.688	25.957
0.283	5.700	25.959
0.283	5.709	25.959
0.283	5.715	25.945
0.283	5.723	25.958
0.284	5.726	25.950
0.284	5.734	25.962
0.284	5.737	25.953
0.285	5.745	25.962
0.285	5.752	25.955
0.285	5.760	25.955
0.285	5.768	25.948
0.286	5.775	25.954
0.286	5.784	25.940
0.286	5.796	25.949
0.287	5.802	25.953
0.287	5.812	25.953
0.287	5.823	25.952
0.287	5.828	25.952
0.288	5.837	25.952
0.288	5.844	25.954
0.288	5.849	25.951
0.288	5.856	25.952
0.289	5.862	25.956
0.289	5.868	25.932
0.289	5.877	25.950
0.290	5.887	25.942
0.290	5.896	25.945
0.290	5.913	25.945
0.291	5.925	25.948
0.291	5.933	25.944
0.291	5.936	25.943
0.292	5.946	25.939
0.293	5.959	25.945
0.293	5.970	25.939
0.293	5.977	25.944
0.294	5.982	25.943
0.294	5.992	25.950
0.294	6.001	25.938
0.295	6.009	25.945
0.295	6.015	25.942
0.295	6.022	25.937
0.296	6.027	25.943
0.296	6.031	25.945
0.297	6.041	25.944
0.297	6.058	25.945
0.298	6.069	25.940
0.298	6.077	25.942
0.298	6.086	25.939
0.299	6.095	25.935
0.299	6.102	25.934
0.299	6.112	25.938
0.300	6.119	25.941
0.300	6.128	25.939
0.300	6.135	25.923
0.301	6.147	25.934
0.301	6.157	25.935
0.301	6.163	25.940
0.301	6.166	25.931
0.301	6.172	25.941
0.302	6.175	25.940
0.302	6.180	25.934
0.302	6.188	25.941
0.302	6.193	25.936
0.303	6.198	25.929
0.303	6.202	25.939
0.303	6.212	25.936
0.303	6.220	25.935
0.304	6.226	25.937
0.304	6.233	25.935
0.304	6.239	25.934
0.304	6.246	25.935
0.305	6.251	25.933
0.305	6.257	25.925
0.305	6.265	25.929
0.305	6.271	25.929
0.306	6.279	25.926
0.306	6.290	25.930
0.306	6.297	25.927
0.306	6.303	25.926
0.307	6.310	25.927
0.307	6.321	25.927
0.307	6.329	25.916
0.308	6.342	25.928
0.308	6.355	25.919
0.308	6.360	25.922
0.309	6.368	25.929
0.309	6.378	25.924
0.309	6.394	25.921
0.310	6.415	25.923
0.311	6.421	25.927
0.311	6.429	25.921
0.311	6.438	25.921
0.311	6.444	25.921
0.312	6.447	25.925
0.312	6.450	25.921
0.312	6.454	25.920
0.313	6.459	25.920
0.313	6.465	25.925
0.313	6.473	25.925
0.314	6.486	25.921
0.314	6.492	25.927
0.315	6.500	25.915
0.315	6.510	25.915
0.315	6.516	25.911
0.316	6.524	25.923
0.316	6.536	25.916
0.316	6.546	25.920
0.317	6.551	25.915
0.317	6.566	25.910
0.318	6.579	25.920
0.318	6.592	25.913
0.318	6.598	25.912
0.319	6.604	25.914
0.319	6.615	25.923
0.320	6.627	25.916
0.320	6.634	25.918
0.320	6.638	25.912
0.321	6.648	25.906
0.321	6.657	25.915
0.321	6.668	25.903
0.322	6.679	25.914
0.322	6.688	25.912
0.322	6.697	25.905
0.323	6.707	25.910
0.323	6.713	25.910
0.323	6.721	25.907
0.323	6.727	25.910
0.324	6.733	25.912
0.324	6.742	25.914
0.325	6.757	25.908
0.325	6.772	25.901
0.326	6.785	25.916
0.326	6.795	25.905
0.326	6.813	25.912
0.327	6.827	25.916
0.328	6.850	25.904
0.328	6.869	25.897
0.329	6.883	25.901
0.329	6.893	25.907
0.330	6.901	25.903
0.330	6.904	25.902
0.331	6.907	25.899
0.331	6.915	25.903
0.331	6.920	25.901
0.332	6.925	25.902
0.332	6.936	25.902
0.333	6.943	25.898
0.333	6.951	25.901
0.333	6.963	25.902
0.334	6.969	25.906
0.334	6.981	25.889
0.334	6.991	25.894
0.335	6.998	25.903
0.335	7.007	25.894
0.336	7.018	25.891
0.336	7.026	25.893
0.336	7.035	25.885
0.337	7.041	25.896
0.337	7.053	25.894
0.337	7.062	25.889
0.338	7.071	25.895
0.338	7.081	25.894
0.339	7.091	25.888
0.339	7.101	25.891
0.339	7.111	25.889
0.340	7.121	25.888
0.340	7.134	25.894
0.341	7.149	25.894
0.341	7.162	25.884
0.342	7.174	25.892
0.342	7.183	25.885
0.342	7.196	25.887
0.343	7.202	25.895
0.343	7.214	25.893
0.343	7.225	25.885
0.344	7.237	25.884
0.344	7.247	25.884
0.344	7.255	25.889
0.345	7.264	25.885
0.345	7.269	25.877
0.345	7.275	25.887
0.345	7.278	25.889
0.345	7.282	25.891
0.346	7.289	25.882
0.346	7.295	25.894
0.346	7.304	25.886
0.347	7.317	25.866
0.347	7.336	25.884
0.348	7.343	25.885
0.348	7.349	25.889
0.348	7.335	25.861
0.348	7.323	25.830
0.349	7.367	25.887
0.349	7.370	25.884
0.349	7.375	25.882
0.349	7.379	25.877
0.350	7.384	25.874
0.350	7.392	25.874
0.350	7.397	25.882
0.351	7.401	25.877
0.351	7.403	25.886
0.351	7.407	25.881
0.351	7.408	25.884
0.351	7.411	25.887
0.351	7.413	25.882
0.352	7.421	25.884
0.352	7.428	25.883
0.352	7.435	25.880
0.352	7.444	25.872
0.353	7.445	25.877
0.353	7.454	25.874
0.353	7.465	25.880
0.354	7.476	25.876
0.354	7.483	25.876
0.355	7.492	25.881
0.355	7.499	25.877
0.356	7.515	25.873
0.356	7.530	25.872
0.357	7.542	25.878
0.357	7.552	25.867
0.358	7.563	25.876
0.358	7.571	25.863
0.358	7.584	25.869
0.359	7.592	25.870
0.359	7.595	25.873
0.359	7.601	25.878
0.359	7.609	25.868
0.360	7.614	25.872
0.360	7.617	25.865
0.360	7.624	25.868
0.360	7.630	25.874
0.360	7.638	25.875
0.361	7.647	25.866
0.361	7.655	25.870
0.361	7.661	25.871
0.361	7.671	25.874
0.362	7.680	25.871
0.362	7.686	25.874
0.362	7.693	25.869
0.363	7.718	25.858
0.364	7.734	25.869
0.364	7.745	25.856
0.365	7.767	25.866
0.365	7.781	25.873
0.366	7.794	25.870
0.367	7.815	25.856
0.367	7.834	25.861
0.368	7.844	25.855
0.368	7.849	25.852
0.369	7.852	25.862
0.369	7.860	25.849
0.370	7.868	25.862
0.370	7.874	25.860
0.371	7.893	25.857
0.371	7.902	25.858
0.371	7.908	25.860
0.372	7.921	25.864
0.372	7.927	25.861
0.373	7.936	25.854
0.373	7.953	25.860
0.374	7.965	25.853
0.375	7.991	25.842
0.376	8.011	25.854
0.376	8.022	25.852
0.377	8.035	25.851
0.377	8.055	25.841
0.378	8.083	25.849
0.380	8.111	25.847
0.380	8.129	25.843
0.381	8.143	25.845
0.381	8.160	25.848
0.381	8.168	25.842
0.382	8.179	25.845
0.382	8.179	25.847
0.382	8.180	25.849
0.382	8.182	25.849
0.382	8.186	25.850
0.382	8.189	25.844
0.383	8.198	25.847
0.384	8.244	25.843
0.385	8.284	25.835
0.386	8.300	25.832
0.387	8.304	25.843
0.387	8.310	25.837
0.387	8.318	25.845
0.388	8.333	25.839
0.389	8.352	25.829
0.390	8.375	25.839
0.391	8.397	25.839
0.392	8.409	25.839
0.393	8.427	25.842
0.394	8.455	25.833
0.394	8.465	25.832
0.395	8.476	25.838
0.395	8.491	25.838
0.396	8.510	25.835
0.396	8.526	25.828
0.397	8.543	25.836
0.398	8.551	25.830
0.398	8.560	25.828
0.398	8.577	25.833
0.399	8.590	25.831
0.399	8.603	25.829
0.399	8.610	25.832
0.399	8.610	25.823
0.399	8.609	25.829
0.399	8.610	25.829
0.399	8.610	25.828
0.399	8.613	25.827
0.399	8.624	25.829
0.400	8.641	25.814
0.400	8.647	25.822
0.400	8.648	25.820
0.401	8.663	25.823
0.402	8.690	25.824
0.403	8.721	25.822
0.403	8.728	25.825
0.404	8.742	25.822
0.405	8.763	25.821
0.405	8.767	25.815
0.406	8.780	25.818
0.407	8.793	25.818
0.407	8.804	25.825
0.408	8.813	25.817
0.409	8.828	25.818
0.409	8.839	25.822
0.409	8.847	25.814
0.409	8.853	25.815
0.410	8.858	25.817
0.410	8.865	25.821
0.411	8.881	25.818
0.411	8.890	25.800
0.411	8.901	25.821
0.411	8.903	25.815
0.412	8.902	25.820
0.412	8.908	25.817
0.412	8.918	25.818
0.412	8.926	25.805
0.413	8.939	25.815
0.413	8.949	25.809
0.413	8.957	25.794
0.414	8.972	25.819
0.415	8.982	25.814
0.415	8.983	25.808
0.415	8.990	25.810
0.415	8.997	25.810
0.415	9.001	25.805
0.416	9.006	25.810
0.416	9.012	25.809
0.416	9.021	25.806
0.416	9.031	25.808
0.417	9.042	25.801
0.417	9.051	25.807
0.418	9.070	25.808
0.418	9.081	25.803
0.418	9.095	25.807
0.419	9.104	25.809
0.419	9.118	25.813
0.420	9.130	25.807
0.420	9.134	25.808
0.420	9.136	25.810
0.420	9.142	25.803
0.421	9.152	25.808
0.421	9.157	25.797
0.421	9.164	25.801
0.421	9.169	25.804
0.421	9.179	25.809
0.422	9.185	25.807
0.422	9.188	25.802
0.422	9.192	25.797
0.422	9.198	25.802
0.423	9.201	25.805
0.423	9.208	25.803
0.423	9.215	25.807
0.424	9.221	25.798
0.424	9.234	25.805
0.425	9.243	25.803
0.425	9.255	25.794
0.426	9.262	25.807
0.426	9.264	25.799
0.426	9.275	25.797
0.427	9.279	25.799
0.427	9.289	25.797
0.427	9.302	25.800
0.428	9.309	25.797
0.428	9.316	25.792
0.428	9.320	25.805
0.428	9.325	25.794
0.428	9.331	25.800
0.429	9.337	25.796
0.429	9.342	25.800
0.429	9.350	25.800
0.430	9.354	25.788
0.430	9.360	25.796
0.430	9.369	25.787
0.430	9.386	25.792
0.431	9.392	25.793
0.431	9.399	25.781
0.431	9.406	25.796
0.432	9.412	25.783
0.432	9.427	25.787
0.432	9.432	25.788
0.432	9.434	25.790
0.432	9.443	25.791
0.433	9.457	25.784
0.433	9.460	25.790
0.433	9.472	25.788
0.434	9.483	25.786
0.434	9.494	25.786
0.435	9.500	25.782
0.435	9.508	25.791
0.436	9.519	25.785
0.436	9.525	25.776
0.436	9.545	25.787
0.437	9.573	25.778
0.438	9.588	25.780
0.438	9.595	25.779
0.438	9.600	25.786
0.438	9.610	25.789
0.439	9.615	25.784
0.439	9.626	25.784
0.439	9.636	25.778
0.440	9.646	25.788
0.440	9.651	25.780
0.440	9.653	25.783
0.440	9.656	25.783
0.441	9.666	25.783
0.441	9.670	25.782
0.441	9.675	25.775
0.441	9.676	25.784
0.441	9.679	25.776
0.442	9.684	25.789
0.442	9.693	25.778
0.442	9.700	25.772
0.443	9.709	25.755
0.443	9.715	25.776
0.444	9.721	25.771
0.444	9.733	25.770
0.445	9.742	25.777
0.445	9.755	25.777
0.446	9.772	25.770
0.447	9.786	25.773
0.447	9.797	25.775
0.448	9.806	25.777
0.448	9.819	25.772
0.449	9.839	25.764
0.449	9.850	25.768
0.450	9.860	25.773
0.450	9.867	25.770
0.450	9.872	25.758
0.451	9.885	25.772
0.451	9.893	25.751
0.451	9.897	25.771
0.452	9.911	25.772
0.453	9.946	25.774
0.454	9.966	25.760
0.454	9.977	25.768
0.455	9.982	25.769
0.455	9.985	25.771
0.455	9.998	25.767
0.455	10.008	25.769
0.455	10.015	25.772
0.456	10.028	25.770
0.456	10.043	25.764
0.457	10.063	25.755
0.457	10.067	25.771
0.457	10.076	25.769
0.458	10.092	25.762
0.458	10.106	25.761
0.458	10.112	25.755
0.459	10.132	25.760
0.460	10.150	25.753
0.461	10.161	25.761
0.461	10.176	25.760
0.462	10.185	25.750
0.462	10.195	25.763
0.463	10.202	25.754
0.463	10.210	25.751
0.464	10.219	25.753
0.464	10.220	25.756
0.464	10.224	25.753
0.464	10.231	25.751
0.465	10.236	25.757
0.465	10.244	25.750
0.465	10.248	25.745
0.465	10.250	25.753
0.466	10.259	25.756
0.466	10.267	25.750
0.466	10.274	25.758
0.466	10.280	25.752
0.466	10.280	25.741
0.467	10.285	25.754
0.467	10.288	25.751
0.467	10.296	25.759
0.467	10.310	25.740
0.468	10.318	25.753
0.468	10.320	25.747
0.468	10.323	25.740
0.468	10.334	25.749
0.469	10.339	25.752
0.469	10.341	25.747
0.469	10.348	25.748
0.470	10.355	25.748
0.470	10.365	25.752
0.470	10.382	25.744
0.471	10.396	25.750
0.471	10.405	25.746
0.471	10.406	25.741
0.472	10.411	25.744
0.472	10.420	25.752
0.472	10.429	25.751
0.473	10.439	25.733
0.473	10.451	25.745
0.473	10.460	25.751
0.474	10.469	25.737
0.474	10.482	25.744
0.474	10.490	25.739
0.475	10.500	25.741
0.475	10.399	25.683
0.475	10.490	25.727
0.476	10.545	25.734
0.476	10.559	25.737
0.477	10.575	25.733
0.477	10.586	25.727
0.478	10.598	25.735
0.478	10.610	25.741
0.479	10.619	25.737
0.479	10.627	25.737
0.479	10.635	25.738
0.480	10.646	25.732
0.480	10.656	25.742
0.480	10.665	25.738
0.481	10.667	25.739
0.481	10.677	25.722
0.481	10.679	25.739
0.481	10.685	25.741
0.482	10.689	25.739
0.482	10.694	25.732
0.482	10.698	25.716
0.483	10.701	25.723
0.483	10.708	25.738
0.484	10.715	25.732
0.484	10.721	25.711
0.484	10.728	25.732
0.485	10.732	25.731
0.485	10.740	25.736
0.485	10.750	25.725
0.486	10.759	25.730
0.486	10.768	25.726
0.487	10.775	25.732
0.487	10.783	25.730
0.487	10.798	25.736
0.488	10.811	25.733
0.488	10.819	25.726
0.488	10.826	25.731
0.489	10.835	25.730
0.489	10.842	25.721
0.489	10.853	25.736
0.490	10.861	25.726
0.490	10.870	25.731
0.490	10.876	25.728
0.491	10.883	25.720
0.491	10.889	25.725
0.491	10.899	25.726
0.491	10.905	25.722
0.492	10.915	25.723
0.492	10.925	25.726
0.492	10.929	25.726
0.492	10.939	25.716
0.493	10.948	25.716
0.493	10.957	25.709
0.493	10.966	25.717
0.494	10.976	25.717
0.494	10.984	25.721
0.494	10.998	25.715
0.495	11.004	25.711
0.495	11.019	25.724
0.495	11.029	25.717
0.496	11.045	25.714
0.497	11.068	25.717
0.497	11.077	25.698
0.498	11.090	25.697
0.498	11.100	25.714
0.498	11.108	25.713
0.499	11.116	25.707
0.499	11.125	25.709
0.499	11.127	25.710
0.499	11.135	25.714
0.499	11.142	25.709
0.500	11.138	25.716
0.500	11.143	25.707
0.500	11.147	25.713
0.500	11.150	25.712
0.501	11.157	25.710
0.501	11.158	25.716
0.501	11.165	25.708
0.501	11.169	25.715
0.501	11.167	25.708
0.502	11.171	25.713
0.502	11.174	25.710
0.502	11.175	25.716
0.502	11.178	25.702
0.502	11.180	25.710
0.503	11.184	25.709
0.503	11.200	25.711
0.503	11.205	25.707
0.503	11.203	25.715
0.504	11.214	25.712
0.504	11.217	25.711
0.504	11.220	25.709
0.504	11.228	25.708
0.504	11.231	25.699
0.505	11.245	25.713
0.505	11.260	25.714
0.506	11.272	25.712
0.506	11.276	25.709
0.506	11.287	25.706
0.507	11.301	25.703
0.508	11.320	25.700
0.508	11.322	25.704
0.508	11.321	25.705
0.508	11.331	25.701
0.509	11.336	25.701
0.509	11.342	25.704
0.509	11.351	25.703
0.509	11.356	25.696
0.510	11.367	25.697
0.510	11.380	25.705
0.510	11.386	25.703
0.511	11.395	25.692
0.511	11.402	25.704
0.511	11.410	25.700
0.512	11.418	25.696
0.512	11.424	25.702
0.513	11.433	25.700
0.513	11.454	25.696
0.513	11.460	25.705
0.513	11.467	25.697
0.514	11.480	25.692
0.514	11.491	25.696
0.514	11.497	25.692
0.514	11.499	25.693
0.514	11.501	25.691
0.515	11.505	25.682
0.515	11.505	25.691
0.515	11.507	25.691
0.515	11.517	25.692
0.515	11.522	25.701
0.516	11.523	25.691
0.516	11.527	25.685
0.516	11.531	25.693
0.517	11.539	25.689
0.517	11.561	25.691
0.518	11.573	25.697
0.518	11.585	25.690
0.519	11.593	25.686
0.519	11.602	25.691
0.519	11.611	25.689
0.520	11.616	25.687
0.520	11.617	25.690
0.520	11.625	25.684
0.520	11.627	25.694
0.521	11.623	25.689
0.521	11.643	25.697
0.521	11.645	25.681
0.522	11.650	25.688
0.522	11.654	25.691
0.522	11.663	25.689
0.522	11.666	25.696
0.522	11.675	25.689
0.523	11.677	25.693
0.523	11.683	25.687
0.523	11.691	25.688
0.524	11.712	25.683
0.524	11.710	25.679
0.524	11.712	25.686
0.524	11.715	25.689
0.524	11.715	25.679
0.524	11.717	25.687
0.524	11.724	25.681
0.525	11.724	25.682
0.525	11.732	25.691
0.525	11.742	25.686
0.526	11.766	25.686
0.527	11.785	25.679
0.527	11.792	25.678
0.528	11.805	25.686
0.528	11.813	25.680
0.529	11.824	25.677
0.529	11.845	25.676
0.530	11.859	25.688
0.530	11.870	25.681
0.530	11.879	25.676
0.531	11.892	25.661
0.531	11.911	25.679
0.532	11.920	25.684
0.532	11.931	25.676
0.533	11.946	25.683
0.533	11.955	25.671
0.534	11.984	25.671
0.536	12.020	25.672
0.536	12.031	25.669
0.536	12.038	25.678
0.537	12.048	25.670
0.537	12.054	25.669
0.537	12.059	25.660
0.537	12.069	25.661
0.537	12.074	25.670
0.537	12.076	25.669
0.538	12.078	25.673
0.538	12.078	25.673
0.538	12.089	25.670
0.538	12.094	25.669
0.539	12.093	25.666
0.539	12.106	25.664
0.539	12.112	25.667
0.540	12.110	25.669
0.540	12.117	25.658
0.540	12.119	25.664
0.540	12.123	25.664
0.541	12.130	25.670
0.541	12.137	25.670
0.541	12.147	25.666
0.542	12.160	25.659
0.542	12.171	25.660
0.542	12.175	25.650
0.543	12.186	25.670
0.543	12.192	25.654
0.544	12.201	25.664
0.544	12.215	25.664
0.544	12.219	25.671
0.545	12.227	25.655
0.545	12.245	25.663
0.546	12.254	25.660
0.546	12.266	25.664
0.546	12.271	25.669
0.547	12.275	25.658
0.547	12.282	25.668
0.547	12.289	25.656
0.547	12.297	25.659
0.547	12.300	25.657
0.548	12.303	25.651
0.548	12.312	25.659
0.548	12.319	25.656
0.548	12.321	25.660
0.548	12.329	25.657
0.549	12.338	25.657
0.549	12.347	25.659
0.550	12.362	25.656
0.550	12.370	25.651
0.551	12.395	25.652
0.551	12.406	25.653
0.551	12.422	25.653
0.552	12.437	25.651
0.552	12.451	25.657
0.553	12.462	25.657
0.553	12.468	25.646
0.553	12.475	25.642
0.554	12.480	25.642
0.554	12.500	25.654
0.555	12.506	25.641
0.555	12.509	25.644
0.555	12.524	25.644
0.556	12.538	25.650
0.556	12.543	25.641
0.556	12.551	25.641
0.557	12.556	25.650
0.557	12.562	25.638
0.557	12.567	25.637
0.558	12.576	25.647
0.558	12.580	25.643
0.559	12.585	25.647
0.559	12.590	25.639
0.559	12.592	25.638
0.560	12.601	25.650
0.560	12.607	25.645
0.560	12.623	25.643
0.561	12.632	25.641
0.561	12.639	25.638
0.561	12.649	25.643
0.562	12.660	25.629
0.562	12.666	25.645
0.562	12.672	25.644
0.563	12.681	25.642
0.563	12.692	25.638
0.564	12.703	25.636
0.564	12.711	25.642
0.564	12.713	25.644
0.564	12.719	25.642
0.565	12.732	25.638
0.565	12.741	25.639
0.565	12.749	25.640
0.566	12.757	25.640
0.566	12.767	25.629
0.566	12.772	25.639
0.567	12.776	25.637
0.567	12.785	25.638
0.567	12.794	25.637
0.567	12.799	25.632
0.568	12.814	25.636
0.568	12.823	25.640
0.568	12.830	25.638
0.569	12.838	25.632
0.569	12.846	25.634
0.569	12.850	25.635
0.570	12.857	25.626
0.570	12.859	25.634
0.570	12.864	25.623
0.570	12.871	25.636
0.570	12.883	25.633
0.571	12.893	25.629
0.571	12.895	25.620
0.571	12.903	25.628
0.571	12.905	25.622
0.571	12.907	25.627
0.571	12.906	25.633
0.572	12.909	25.631
0.572	12.912	25.628
0.572	12.921	25.626
0.573	12.938	25.631
0.573	12.952	25.635
0.574	12.951	25.621
0.574	12.967	25.628
0.575	12.983	25.621
0.575	12.992	25.624
0.576	13.004	25.627
0.576	13.013	25.616
0.577	13.026	25.628
0.577	13.038	25.625
0.577	13.047	25.629
0.578	13.056	25.628
0.578	13.062	25.619
0.578	13.068	25.621
0.579	13.082	25.622
0.579	13.089	25.619
0.580	13.100	25.626
0.581	13.118	25.621
0.581	13.130	25.622
0.581	13.131	25.610
0.582	13.151	25.618
0.582	13.160	25.614
0.583	13.165	25.620
0.583	13.179	25.612
0.583	13.186	25.615
0.584	13.195	25.611
0.584	13.031	25.559
0.584	13.152	25.613
0.585	13.218	25.614
0.585	13.228	25.619
0.585	13.231	25.620
0.586	13.255	25.616
0.587	13.266	25.605
0.587	13.276	25.611
0.587	13.287	25.613
0.588	13.298	25.606
0.588	13.310	25.611
0.588	13.316	25.607
0.589	13.327	25.617
0.589	13.339	25.608
0.589	13.345	25.614
0.590	13.357	25.604
0.590	13.370	25.608
0.590	13.371	25.604
0.590	13.377	25.604
0.592	13.409	25.605
0.592	13.424	25.600
0.593	13.433	25.604
0.593	13.449	25.604
0.593	13.459	25.605
0.594	13.467	25.602
0.594	13.471	25.606
0.595	13.478	25.605
0.595	13.486	25.601
0.595	13.493	25.598
0.596	13.494	25.597
0.596	13.505	25.602
0.597	13.511	25.603
0.597	13.525	25.607
0.598	13.540	25.606
0.598	13.545	25.604
0.599	13.553	25.605
0.599	13.568	25.602
0.600	13.581	25.602
0.600	13.598	25.594
0.601	13.612	25.601
0.601	13.614	25.601
0.601	13.625	25.604
0.602	13.633	25.604
0.602	13.636	25.603
0.602	13.650	25.606
0.603	13.659	25.605
0.603	13.664	25.603
0.603	13.673	25.602
0.604	13.679	25.606
0.604	13.684	25.607
0.604	13.698	25.603
0.604	13.707	25.608
0.605	13.713	25.604
0.605	13.722	25.611
0.606	13.736	25.596
0.606	13.750	25.604
0.607	13.758	25.605
0.607	13.767	25.601
0.608	13.800	25.602
0.609	13.820	25.605
0.609	13.830	25.607
0.610	13.848	25.609
0.610	13.854	25.599
0.611	13.860	25.607
0.611	13.868	25.601
0.612	13.883	25.607
0.612	13.896	25.607
0.612	13.901	25.603
0.613	13.908	25.604
0.613	13.918	25.593
0.614	13.927	25.605
0.614	13.938	25.605
0.615	13.953	25.601
0.615	13.960	25.601
0.616	13.972	25.602
0.616	13.976	25.611
0.616	13.984	25.603
0.616	13.987	25.601
0.617	13.998	25.615
0.617	14.004	25.610
0.618	14.011	25.615
0.618	14.020	25.609
0.619	14.035	25.604
0.619	14.058	25.596
0.620	14.062	25.606
0.620	14.066	25.602
0.620	14.076	25.584
0.620	14.087	25.601
0.621	14.099	25.605
0.621	14.102	25.600
0.621	14.111	25.605
0.621	14.112	25.601
0.622	14.121	25.600
0.622	14.132	25.612
0.623	14.138	25.607
0.623	14.148	25.602
0.623	14.155	25.604
0.623	14.153	25.604
0.623	14.166	25.598
0.624	14.173	25.604
0.624	14.179	25.605
0.624	14.191	25.610
0.625	14.204	25.594
0.625	14.212	25.607
0.626	14.220	25.596
0.626	14.229	25.607
0.627	14.246	25.604
0.627	14.255	25.599
0.628	14.269	25.589
0.628	14.293	25.593
0.630	14.318	25.602
0.630	14.332	25.591
0.631	14.351	25.602
0.631	14.357	25.600
0.631	14.356	25.605
0.631	14.369	25.601
0.632	14.373	25.597
0.632	14.380	25.590
0.632	14.386	25.596
0.633	14.391	25.599
0.633	14.403	25.588
0.633	14.405	25.597
0.633	14.407	25.600
0.634	14.414	25.605
0.634	14.425	25.596
0.634	14.427	25.601
0.635	14.438	25.594
0.635	14.447	25.593
0.635	14.449	25.598
0.636	14.467	25.591
0.636	14.469	25.603
0.637	14.481	25.597
0.637	14.495	25.589
0.638	14.509	25.594
0.639	14.528	25.597
0.639	14.533	25.589
0.639	14.540	25.593
0.640	14.547	25.595
0.640	14.557	25.588
0.640	14.561	25.593
0.640	14.572	25.580
0.641	14.584	25.588
0.641	14.598	25.586
0.642	14.611	25.586
0.642	14.596	25.577
0.643	14.618	25.586
0.643	14.627	25.577
0.643	14.639	25.586
0.643	14.643	25.574
0.644	14.653	25.584
0.644	14.659	25.584
0.644	14.668	25.584
0.645	14.675	25.580
0.645	14.693	25.588
0.645	14.706	25.589
0.646	14.715	25.585
0.646	14.719	25.591
0.647	14.735	25.590
0.647	14.745	25.578
0.648	14.758	25.576
0.648	14.779	25.577
0.649	14.788	25.589
0.649	14.799	25.584
0.650	14.817	25.581
0.650	14.833	25.577
0.650	14.838	25.579
0.651	14.842	25.580
0.651	14.845	25.572
0.652	14.859	25.577
0.652	14.866	25.577
0.653	14.869	25.580
0.653	14.882	25.579
0.653	14.891	25.578
0.654	14.894	25.577
0.654	14.904	25.574
0.655	14.916	25.567
0.655	14.924	25.574
0.655	14.929	25.577
0.656	14.950	25.581
0.657	14.963	25.576
0.657	14.969	25.576
0.657	14.978	25.570
0.658	14.989	25.570
0.658	14.994	25.577
0.658	15.000	25.573
0.659	15.014	25.574
0.659	15.021	25.571
0.659	15.017	25.562
0.659	15.025	25.566
0.659	15.033	25.569
0.660	15.043	25.569
0.660	15.057	25.572
0.660	15.063	25.573
0.661	15.067	25.568
0.661	15.076	25.572
0.661	15.084	25.570
0.662	15.081	25.561
0.662	15.099	25.568
0.663	15.106	25.571
0.663	15.113	25.567
0.663	15.133	25.568
0.664	15.147	25.564
0.665	15.176	25.567
0.666	15.197	25.568
0.667	15.219	25.549
0.668	15.254	25.567
0.669	15.267	25.561
0.669	15.275	25.558
0.669	15.285	25.560
0.669	15.293	25.563
0.670	15.303	25.555
0.670	15.297	25.565
0.671	15.311	25.558
0.671	15.321	25.560
0.671	15.325	25.556
0.672	15.325	25.559
0.672	15.337	25.560
0.673	15.354	25.558
0.673	15.363	25.553
0.674	15.376	25.553
0.674	15.383	25.553
0.675	15.393	25.549
0.675	15.404	25.552
0.677	15.432	25.551
0.677	15.438	25.547
0.677	15.444	25.556
0.677	15.456	25.556
0.677	15.463	25.542
0.678	15.472	25.553
0.678	15.477	25.552
0.678	15.489	25.552
0.679	15.495	25.555
0.679	15.498	25.542
0.680	15.510	25.552
0.680	15.520	25.550
0.680	15.532	25.545
0.681	15.540	25.546
0.681	15.550	25.550
0.681	15.561	25.554
0.682	15.569	25.545
0.682	15.574	25.552
0.683	15.591	25.543
0.683	15.598	25.548
0.684	15.612	25.539
0.685	15.648	25.530
0.686	15.659	25.541
0.686	15.665	25.534
0.686	15.681	25.541
0.686	15.685	25.538
0.687	15.701	25.536
0.688	15.712	25.538
0.688	15.710	25.542
0.688	15.720	25.542
0.688	15.727	25.539
0.689	15.734	25.538
0.689	15.749	25.534
0.690	15.763	25.536
0.690	15.775	25.538
0.691	15.789	25.532
0.691	15.794	25.532
0.692	15.803	25.532
0.692	15.824	25.535
0.693	15.834	25.530
0.694	15.846	25.532
0.694	15.863	25.529
0.695	15.881	25.523
0.695	15.895	25.515
0.695	15.901	25.529
0.696	15.918	25.528
0.696	15.923	25.524
0.696	15.924	25.529
0.697	15.928	25.527
0.697	15.942	25.531
0.698	15.960	25.530
0.699	15.975	25.516
0.699	15.979	25.520
0.699	15.991	25.530
0.699	15.999	25.511
0.700	16.002	25.522
0.700	16.005	25.522
0.700	16.015	25.523
0.700	16.018	25.524
0.701	16.026	25.527
0.701	16.030	25.514
0.702	16.047	25.522
0.702	16.060	25.515
0.702	16.070	25.521
0.703	16.087	25.522
0.704	16.107	25.526
0.705	16.118	25.516
0.705	16.125	25.525
0.705	16.137	25.516
0.705	16.142	25.515
0.706	16.145	25.526
0.706	16.148	25.507
0.706	16.164	25.514
0.706	16.167	25.520
0.707	16.176	25.520
0.707	16.178	25.517
0.707	16.179	25.519
0.708	16.192	25.514
0.708	16.202	25.514
0.708	16.214	25.521
0.709	16.224	25.519
0.709	16.234	25.517
0.709	16.235	25.502
0.710	16.246	25.518
0.710	16.259	25.513
0.710	16.269	25.512
0.711	16.275	25.511
0.712	16.285	25.510
0.712	16.296	25.516
0.712	16.305	25.510
0.713	16.305	25.510
0.713	16.321	25.512
0.713	16.327	25.515
0.714	16.324	25.500
0.714	16.338	25.508
0.715	16.350	25.511
0.715	16.350	25.515
0.715	16.356	25.508
0.715	16.364	25.499
0.715	16.357	25.507
0.715	16.371	25.511
0.715	16.377	25.504
0.715	16.381	25.508
0.716	16.393	25.499
0.716	16.389	25.510
0.716	16.405	25.498
0.716	16.417	25.508
0.717	16.418	25.506
0.717	16.221	25.483
0.717	16.210	25.453
0.718	16.433	25.503
0.719	16.449	25.495
0.719	16.453	25.488
0.719	16.457	25.501
0.719	16.465	25.506
0.719	16.473	25.501
0.720	16.479	25.489
0.720	16.488	25.497
0.720	16.494	25.506
0.720	16.499	25.498
0.721	16.510	25.487
0.721	16.511	25.495
0.721	16.526	25.499
0.722	16.541	25.493
0.722	16.545	25.499
0.723	16.553	25.498
0.723	16.579	25.491
0.724	16.580	25.494
0.724	16.597	25.498
0.725	16.608	25.499
0.726	16.623	25.497
0.726	16.632	25.497
0.726	16.637	25.492
0.726	16.645	25.481
0.727	16.654	25.496
0.727	16.664	25.486
0.727	16.676	25.490
0.728	16.687	25.487
0.728	16.680	25.482
0.729	16.701	25.495
0.729	16.708	25.491
0.729	16.709	25.485
0.729	16.727	25.491
0.730	16.733	25.492
0.730	16.738	25.489
0.731	16.749	25.481
0.731	16.760	25.488
0.731	16.769	25.480
0.732	16.779	25.484
0.732	16.792	25.490
0.733	16.803	25.475
0.733	16.812	25.486
0.734	16.811	25.485
0.734	16.823	25.457
0.734	16.843	25.485
0.734	16.839	25.482
0.734	16.848	25.482
0.734	16.852	25.484
0.735	16.854	25.487
0.735	16.864	25.485
0.735	16.864	25.475
0.736	16.878	25.468
0.736	16.892	25.483
0.737	16.903	25.481
0.737	16.909	25.481
0.737	16.916	25.474
0.737	16.914	25.463
0.738	16.927	25.483
0.738	16.931	25.482
0.738	16.932	25.468
0.738	16.944	25.479
0.739	16.953	25.481
0.739	16.953	25.482
0.739	16.966	25.477
0.739	16.974	25.477
0.739	16.978	25.473
0.740	16.981	25.482
0.740	16.990	25.483
0.740	16.992	25.480
0.740	16.997	25.476
0.740	17.001	25.482
0.741	17.009	25.476
0.741	17.009	25.478
0.741	17.015	25.481
0.741	17.020	25.477
0.742	17.028	25.476
0.742	17.034	25.470
0.742	17.043	25.476
0.742	17.053	25.475
0.743	17.053	25.476
0.743	17.064	25.476
0.743	17.069	25.477
0.743	17.071	25.472
0.744	17.089	25.474
0.745	17.108	25.471
0.745	17.108	25.467
0.745	17.119	25.476
0.745	17.122	25.473
0.745	17.129	25.470
0.746	17.132	25.471
0.746	17.138	25.476
0.746	17.141	25.476
0.746	17.149	25.466
0.747	17.160	25.467
0.747	17.158	25.469
0.748	17.177	25.470
0.748	17.182	25.465
0.749	17.199	25.466
0.749	17.206	25.470
0.750	17.215	25.464
0.750	17.233	25.463
0.751	17.255	25.466
0.752	17.266	25.470
0.753	17.278	25.461
0.753	17.292	25.457
0.754	17.301	25.461
0.754	17.318	25.461
0.754	17.324	25.453
0.754	17.331	25.446
0.755	17.332	25.454
0.755	17.341	25.462
0.755	17.338	25.459
0.755	17.350	25.460
0.755	17.351	25.458
0.756	17.362	25.454
0.756	17.373	25.454
0.756	17.376	25.455
0.757	17.389	25.455
0.757	17.392	25.454
0.757	17.394	25.455
0.757	17.404	25.455
0.758	17.410	25.456
0.758	17.413	25.453
0.758	17.426	25.454
0.759	17.434	25.456
0.759	17.442	25.458
0.759	17.454	25.457
0.760	17.453	25.447
0.760	17.461	25.440
0.760	17.470	25.449
0.761	17.481	25.455
0.761	17.499	25.448
0.762	17.509	25.451
0.762	17.508	25.442
0.762	17.527	25.450
0.763	17.531	25.455
0.763	17.528	25.450
0.763	17.544	25.444
0.763	17.549	25.451
0.764	17.546	25.448
0.764	17.561	25.450
0.764	17.568	25.452
0.764	17.573	25.445
0.765	17.588	25.450
0.765	17.578	25.437
0.765	17.602	25.438
0.766	17.609	25.445
0.766	17.617	25.449
0.766	17.624	25.437
0.767	17.633	25.442
0.767	17.631	25.438
0.768	17.653	25.448
0.768	17.662	25.445
0.768	17.668	25.440
0.769	17.686	25.444
0.769	17.688	25.434
0.770	17.702	25.439
0.770	17.721	25.446
0.771	17.730	25.444
0.771	17.734	25.446
0.772	17.746	25.439
0.772	17.753	25.431
0.772	17.768	25.427
0.772	17.773	25.439
0.773	17.782	25.443
0.773	17.788	25.435
0.773	17.789	25.435
0.773	17.794	25.436
0.774	17.805	25.432
0.775	17.819	25.433
0.775	17.829	25.441
0.775	17.846	25.437
0.776	17.850	25.434
0.776	17.855	25.441
0.776	17.870	25.437
0.776	17.875	25.441
0.777	17.875	25.437
0.777	17.883	25.436
0.777	17.887	25.436
0.777	17.890	25.435
0.778	17.905	25.441
0.778	17.916	25.432
0.779	17.930	25.429
0.779	17.941	25.437
0.779	17.944	25.431
0.780	17.960	25.426
0.780	17.972	25.435
0.781	17.983	25.427
0.781	17.988	25.413
0.782	18.007	25.426
0.782	18.009	25.435
0.782	18.026	25.429
0.783	18.035	25.421
0.783	18.036	25.427
0.783	18.045	25.429
0.783	18.048	25.428
0.784	18.058	25.423
0.784	18.075	25.427
0.785	18.083	25.419
0.785	18.084	25.429
0.786	18.097	25.425
0.786	18.115	25.419
0.787	18.128	25.425
0.787	18.144	25.425
0.788	18.163	25.421
0.789	18.170	25.421
0.790	18.189	25.415
0.790	18.207	25.426
0.790	18.215	25.424
0.791	18.223	25.423
0.791	18.220	25.415
0.791	18.240	25.423
0.792	18.254	25.422
0.792	18.261	25.416
0.793	18.272	25.424
0.793	18.276	25.417
0.793	18.276	25.417
0.793	18.294	25.423
0.794	18.304	25.419
0.794	18.308	25.414
0.795	18.323	25.413
0.795	18.332	25.418
0.795	18.335	25.409
0.796	18.348	25.416
0.796	18.355	25.407
0.797	18.372	25.408
0.797	18.383	25.417
0.798	18.390	25.404
0.798	18.397	25.407
0.798	18.413	25.405
0.799	18.416	25.413
0.799	18.430	25.411
0.799	18.436	25.405
0.800	18.436	25.410
0.801	18.467	25.400
0.801	18.488	25.405
0.802	18.499	25.402
0.802	18.513	25.400
0.803	18.523	25.409
0.803	18.534	25.400
0.804	18.542	25.398
0.804	18.547	25.398
0.804	18.559	25.396
0.805	18.563	25.401
0.805	18.566	25.401
0.805	18.587	25.399
0.806	18.592	25.402
0.806	18.591	25.403
0.807	18.604	25.397
0.807	18.620	25.395
0.807	18.629	25.389
0.808	18.642	25.396
0.808	18.649	25.398
0.809	18.665	25.398
0.810	18.678	25.392
0.810	18.684	25.396
0.811	18.704	25.398
0.811	18.716	25.390
0.812	18.725	25.389
0.812	18.744	25.393
0.812	18.747	25.386
0.813	18.752	25.389
0.813	18.768	25.385
0.813	18.775	25.385
0.814	18.777	25.393
0.814	18.796	25.383
0.814	18.796	25.385
0.815	18.802	25.369
0.815	18.817	25.388
0.816	18.823	25.378
0.816	18.838	25.384
0.817	18.842	25.384
0.817	18.851	25.383
0.817	18.867	25.382
0.818	18.873	25.385
0.818	18.872	25.377
0.818	18.894	25.383
0.819	18.901	25.378
0.819	18.913	25.385
0.820	18.935	25.385
0.820	18.945	25.378
0.821	18.953	25.381
0.821	18.969	25.372
0.822	18.976	25.376
0.822	18.985	25.376
0.822	18.995	25.379
0.822	18.996	25.376
0.823	19.011	25.380
0.823	19.020	25.377
0.824	19.036	25.377
0.825	19.050	25.375
0.826	19.070	25.379
0.827	19.080	25.373
0.827	19.099	25.372
0.828	19.110	25.374
0.828	19.107	25.365
0.828	19.128	25.369
0.829	19.138	25.373
0.829	19.157	25.371
0.830	19.174	25.373
0.830	19.180	25.362
0.830	19.189	25.361
0.831	19.195	25.369
0.831	19.201	25.368
0.831	19.208	25.367
0.832	19.218	25.369
0.832	19.232	25.370
0.832	19.237	25.363
0.833	19.245	25.370
0.833	19.243	25.367
0.833	19.258	25.371
0.834	19.269	25.373
0.834	19.269	25.366
0.834	19.294	25.361
0.835	19.303	25.351
0.836	19.310	25.365
0.836	19.327	25.358
0.837	19.343	25.362
0.837	19.348	25.365
0.838	19.365	25.369
0.838	19.383	25.356
0.839	19.399	25.352
0.839	19.409	25.359
0.839	19.412	25.349
0.840	19.420	25.347
0.840	19.435	25.360
0.840	19.425	25.358
0.841	19.443	25.349
0.841	19.456	25.362
0.842	19.472	25.358
0.842	19.481	25.350
0.843	19.501	25.356
0.843	19.486	25.311
0.844	19.186	25.304
0.845	19.437	25.347
0.846	19.559	25.341
0.846	19.576	25.349
0.847	19.595	25.353
0.848	19.610	25.355
0.848	19.620	25.354
0.849	19.636	25.353
0.849	19.656	25.346
0.850	19.675	25.346
0.850	19.675	25.349
0.851	19.687	25.352
0.851	19.692	25.350
0.851	19.689	25.347
0.851	19.698	25.346
0.851	19.708	25.342
0.852	19.698	25.347
0.852	19.711	25.337
0.852	19.718	25.347
0.852	19.718	25.349
0.853	19.740	25.343
0.853	19.755	25.346
0.854	19.763	25.340
0.854	19.777	25.345
0.855	19.783	25.344
0.855	19.798	25.339
0.855	19.805	25.342
0.856	19.802	25.342
0.856	19.823	25.343
0.857	19.826	25.333
0.857	19.834	25.344
0.857	19.853	25.340
0.858	19.861	25.336
0.858	19.873	25.326
0.858	19.891	25.336
0.859	19.897	25.340
0.859	19.911	25.334
0.860	19.916	25.336
0.860	19.918	25.329
0.860	19.926	25.330
0.860	19.932	25.332
0.861	19.939	25.333
0.861	19.954	25.337
0.861	19.957	25.334
0.862	19.962	25.329
0.862	19.983	25.331
0.863	19.996	25.332
0.864	19.996	25.331
0.865	20.017	25.325
0.865	20.035	25.327
0.866	20.055	25.321
0.866	20.059	25.318
0.867	20.067	25.329
0.867	20.087	25.323
0.868	20.103	25.327
0.868	20.109	25.330
0.869	20.123	25.327
0.869	20.126	25.316
0.870	20.146	25.327
0.870	20.154	25.322
0.870	20.157	25.324
0.870	20.158	25.327
0.870	20.171	25.327
0.871	20.182	25.328
0.871	20.181	25.324
0.872	20.200	25.320
0.872	20.219	25.322
0.873	20.228	25.315
0.873	20.242	25.323
0.874	20.248	25.313
0.875	20.267	25.314
0.875	20.270	25.316
0.876	20.282	25.321
0.876	20.297	25.317
0.876	20.305	25.314
0.877	20.314	25.319
0.877	20.335	25.315
0.878	20.351	25.314
0.878	20.347	25.306
0.878	20.362	25.311
0.879	20.374	25.308
0.879	20.390	25.304
0.880	20.405	25.313
0.881	20.420	25.308
0.881	20.421	25.306
0.881	20.433	25.310
0.882	20.435	25.315
0.882	20.441	25.307
0.882	20.458	25.312
0.883	20.458	25.314
0.883	20.473	25.310
0.884	20.473	25.304
0.884	20.489	25.304
0.885	20.505	25.305
0.885	20.524	25.310
0.886	20.531	25.304
0.887	20.549	25.308
0.887	20.572	25.305
0.887	20.587	25.288
0.888	20.591	25.295
0.888	20.606	25.306
0.888	20.611	25.304
0.889	20.615	25.303
0.889	20.611	25.303
0.889	20.620	25.301
0.889	20.626	25.303
0.890	20.620	25.306
0.890	20.629	25.304
0.890	20.632	25.301
0.891	20.633	25.307
0.891	20.634	25.301
0.892	20.649	25.302
0.892	20.640	25.295
0.893	20.652	25.289
0.893	20.657	25.300
0.894	20.658	25.282
0.894	20.670	25.299
0.894	20.674	25.299
0.895	20.674	25.297
0.895	20.676	25.302
0.895	20.680	25.300
0.895	20.680	25.292
0.896	20.684	25.297
0.896	20.690	25.303
0.897	20.694	25.294
0.897	20.701	25.302
0.897	20.689	25.292
0.898	20.703	25.297
0.898	20.705	25.298
0.898	20.693	25.297
0.899	20.700	25.292
0.899	20.709	25.299
0.900	20.704	25.285
0.901	20.717	25.288
0.901	20.718	25.295
0.902	20.724	25.288
0.902	20.729	25.296
0.903	20.727	25.295
0.903	20.731	25.295
0.904	20.735	25.295
0.904	20.729	25.297
0.905	20.739	25.296
0.905	20.742	25.299
0.906	20.734	25.298
0.906	20.740	25.289
0.907	20.751	25.297
0.907	20.746	25.296
0.908	20.756	25.303
0.908	20.758	25.291
0.908	20.748	25.296
0.908	20.756	25.296
0.909	20.759	25.295
0.909	20.755	25.301
0.909	20.763	25.292
0.910	20.762	25.295
0.910	20.761	25.299
0.910	20.769	25.297
0.911	20.768	25.294
0.911	20.770	25.293
0.912	20.773	25.294
0.912	20.772	25.300
0.913	20.775	25.296
0.913	20.780	25.296
0.913	20.780	25.296
0.914	20.781	25.294
0.914	20.783	25.300
0.914	20.780	25.295
0.915	20.788	25.293
0.915	20.788	25.294
0.915	20.784	25.289
0.916	20.788	25.292
0.916	20.789	25.286
0.917	20.791	25.295
0.917	20.797	25.292
0.918	20.797	25.289
0.918	20.795	25.291
0.919	20.799	25.289
0.919	20.801	25.289
0.919	20.799	25.294
0.920	20.807	25.290
0.920	20.808	25.292
0.921	20.803	25.296
0.921	20.815	25.293
0.922	20.813	25.295
0.922	20.809	25.296
0.923	20.819	25.292
0.923	20.823	25.290
0.924	20.826	25.283
0.925	20.822	25.294
0.926	20.833	25.288
0.926	20.833	25.292
0.926	20.836	25.293
0.926	20.830	25.294
0.927	20.831	25.293
0.927	20.832	25.290
0.927	20.804	25.287
0.928	20.834	25.282
0.928	20.842	25.292
0.928	20.840	25.279
0.929	20.839	25.275
0.929	20.843	25.290
0.929	20.850	25.288
0.930	20.852	25.286
0.930	20.848	25.288
0.931	20.856	25.292
0.931	20.853	25.290
0.932	20.852	25.296
0.932	20.861	25.293
0.932	20.860	25.293
0.932	20.839	25.289
0.933	20.868	25.289
0.933	20.870	25.291
0.933	20.861	25.290
0.933	20.867	25.291
0.934	20.870	25.285
0.934	20.865	25.290
0.934	20.871	25.287
0.935	20.876	25.286
0.935	20.871	25.293
0.936	20.879	25.289
0.936	20.879	25.287
0.936	20.873	25.286
0.937	20.876	25.290
0.937	20.879	25.288
0.938	20.873	25.293
0.938	20.877	25.289
0.939	20.881	25.289
0.939	20.874	25.293
0.940	20.875	25.283
0.940	20.880	25.287
0.940	20.879	25.280
0.941	20.878	25.288
0.941	20.879	25.281
0.942	20.876	25.288
0.943	20.880	25.290
0.943	20.874	25.292
0.944	20.880	25.292
0.944	20.879	25.287
0.945	20.873	25.279
0.945	20.876	25.283
0.945	20.876	25.280
0.946	20.873	25.278
0.946	20.880	25.291
0.946	20.880	25.282
0.947	20.875	25.287
0.947	20.880	25.290
0.947	20.880	25.283
0.947	20.880	25.282
0.948	20.879	25.286
0.948	20.875	25.285
0.948	20.874	25.288
0.949	20.881	25.284
0.949	20.874	25.294
0.949	20.878	25.289
0.949	20.880	25.285
0.950	20.864	25.291
0.950	20.880	25.292
0.950	20.880	25.290
0.951	20.873	25.289
0.951	20.880	25.290
0.951	20.880	25.290
0.951	20.869	25.288
0.951	20.879	25.292
0.952	20.879	25.290
0.952	20.874	25.286
0.952	20.881	25.283
0.952	20.882	25.283
0.953	20.870	25.288
0.953	20.880	25.291
0.954	20.881	25.291
0.954	20.872	25.294
0.954	20.879	25.287
0.954	20.879	25.285
0.955	20.876	25.282
0.955	20.881	25.292
0.956	20.880	25.292
0.956	20.878	25.282
0.957	20.880	25.289
0.957	20.876	25.288
0.957	20.877	25.275
0.958	20.881	25.282
0.958	20.872	25.284
0.959	20.880	25.293
0.959	20.880	25.288
0.959	20.870	25.278
0.960	20.881	25.285
0.960	20.880	25.277
0.960	20.877	25.280
0.960	20.880	25.275
0.960	20.875	25.283
0.960	20.876	25.268
0.960	20.880	25.275
0.960	20.873	25.290
0.960	20.880	25.280
0.960	20.874	25.285
0.960	20.872	25.281
0.960	20.864	25.289
0.960	20.845	25.276
0.960	20.857	25.286
0.960	20.850	25.277
0.960	20.819	25.243
0.960	20.879	25.284
0.960	20.871	25.284
