0.933	20.874	35.009
0.933	20.874	35.012
0.933	20.877	35.019
0.933	20.871	35.027
0.933	20.879	35.037
0.933	20.880	35.037
0.933	20.871	35.041
0.933	20.879	35.046
0.933	20.876	35.053
0.933	20.872	35.060
0.933	20.878	35.061
0.933	20.878	35.076
0.933	20.871	35.075
0.933	20.875	35.088
0.933	20.878	35.091
0.933	20.878	35.100
0.933	20.878	35.102
0.933	20.879	35.108
0.933	20.874	35.106
0.932	20.878	35.120
0.932	20.880	35.126
0.932	20.878	35.126
0.931	20.878	35.141
0.931	20.872	35.149
0.931	20.876	35.145
0.931	20.880	35.156
0.931	20.874	35.160
0.931	20.879	35.161
0.931	20.880	35.174
0.931	20.873	35.168
0.931	20.874	35.176
0.931	20.877	35.181
0.930	20.872	35.182
0.930	20.878	35.185
0.930	20.878	35.188
0.930	20.877	35.189
0.929	20.879	35.197
0.929	20.880	35.196
0.929	20.878	35.195
0.929	20.879	35.210
0.929	20.878	35.211
0.929	20.874	35.203
0.928	20.879	35.218
0.928	20.872	35.223
0.928	20.877	35.216
0.928	20.879	35.219
0.927	20.875	35.225
0.927	20.879	35.223
0.927	20.880	35.233
0.926	20.872	35.235
0.926	20.873	35.234
0.926	20.879	35.235
0.926	20.875	35.239
0.925	20.879	35.243
0.925	20.881	35.241
0.925	20.878	35.249
0.925	20.879	35.242
0.925	20.880	35.248
0.924	20.876	35.249
0.924	20.880	35.248
0.924	20.880	35.252
0.923	20.879	35.258
0.923	20.879	35.253
0.923	20.868	35.264
0.923	20.879	35.263
0.922	20.879	35.265
0.922	20.871	35.264
0.922	20.879	35.264
0.922	20.879	35.267
0.921	20.871	35.270
0.921	20.879	35.272
0.921	20.878	35.268
0.920	20.878	35.267
0.920	20.879	35.277
0.920	20.877	35.275
0.919	20.879	35.271
0.919	20.879	35.281
0.919	20.878	35.277
0.919	20.879	35.275
0.918	20.878	35.282
0.918	20.869	35.277
0.918	20.879	35.279
0.917	20.879	35.289
0.917	20.872	35.279
0.916	20.879	35.281
0.915	20.876	35.285
0.915	20.867	35.278
0.914	20.879	35.288
0.914	20.879	35.294
0.914	20.877	35.287
0.914	20.878	35.289
0.914	20.877	35.292
0.914	20.875	35.279
0.913	20.872	35.290
0.913	20.872	35.295
0.913	20.880	35.298
0.913	20.869	35.293
0.912	20.872	35.300
0.912	20.878	35.298
0.912	20.878	35.301
0.912	20.873	35.302
0.911	20.880	35.306
0.911	20.877	35.305
0.911	20.879	35.302
0.911	20.879	35.304
0.910	20.877	35.303
0.910	20.879	35.304
0.910	20.875	35.307
0.910	20.879	35.301
0.909	20.880	35.304
0.909	20.879	35.309
0.909	20.870	35.303
0.909	20.875	35.304
0.909	20.871	35.310
0.909	20.866	35.304
0.908	20.874	35.309
0.908	20.872	35.309
0.908	20.864	35.306
0.908	20.871	35.308
0.908	20.867	35.313
0.908	20.863	35.312
0.907	20.869	35.313
0.907	20.865	35.312
0.907	20.864	35.309
0.906	20.853	35.311
0.906	20.861	35.315
0.905	20.859	35.318
0.905	20.857	35.313
0.904	20.850	35.310
0.904	20.854	35.307
0.903	20.849	35.314
0.903	20.844	35.313
0.903	20.850	35.313
0.903	20.848	35.316
0.902	20.840	35.310
0.902	20.841	35.309
0.902	20.844	35.316
0.901	20.842	35.322
0.901	20.841	35.312
0.900	20.840	35.323
0.900	20.834	35.312
0.899	20.830	35.323
0.899	20.830	35.316
0.899	20.832	35.314
0.898	20.828	35.323
0.898	20.824	35.325
0.898	20.824	35.317
0.898	20.829	35.322
0.898	20.820	35.318
0.898	20.823	35.315
0.897	20.825	35.326
0.896	20.813	35.307
0.896	20.811	35.321
0.896	20.819	35.319
0.895	20.813	35.309
0.895	20.813	35.320
0.895	20.815	35.325
0.894	20.809	35.318
0.894	20.811	35.323
0.894	20.804	35.320
0.893	20.801	35.321
0.893	20.807	35.329
0.893	20.799	35.323
0.893	20.800	35.320
0.892	20.804	35.332
0.892	20.796	35.329
0.892	20.798	35.326
0.891	20.798	35.329
0.891	20.475	35.298
0.891	20.673	35.321
0.891	20.786	35.320
0.890	20.789	35.323
0.890	20.793	35.328
0.890	20.783	35.326
0.889	20.791	35.328
0.889	20.790	35.329
0.889	20.780	35.333
0.888	20.785	35.330
0.888	20.784	35.331
0.888	20.772	35.332
0.888	20.784	35.339
0.888	20.782	35.331
0.887	20.780	35.329
0.887	20.781	35.340
0.887	20.777	35.335
0.887	20.779	35.334
0.887	20.777	35.333
0.886	20.769	35.339
0.886	20.775	35.337
0.886	20.774	35.337
0.886	20.763	35.338
0.885	20.766	35.325
0.885	20.768	35.320
0.885	20.767	35.326
0.885	20.769	35.339
0.885	20.765	35.335
0.884	20.764	35.341
0.884	20.763	35.333
0.884	20.761	35.335
0.884	20.764	35.344
0.883	20.757	35.335
0.883	20.749	35.341
0.883	20.759	35.340
0.882	20.757	35.338
0.882	20.757	35.342
0.882	20.756	35.344
0.881	20.753	35.339
0.881	20.753	35.340
0.880	20.751	35.339
0.880	20.749	35.346
0.880	20.745	35.336
0.880	20.746	35.339
0.880	20.742	35.344
0.880	20.746	35.348
0.879	20.746	35.343
0.879	20.733	35.349
0.879	20.738	35.350
0.878	20.737	35.346
0.878	20.727	35.345
0.877	20.733	35.347
0.877	20.732	35.350
0.877	20.723	35.343
0.876	20.728	35.351
0.876	20.722	35.344
0.875	20.716	35.343
0.875	20.722	35.348
0.875	20.721	35.345
0.874	20.716	35.340
0.874	20.716	35.346
0.874	20.711	35.344
0.873	20.709	35.352
0.873	20.704	35.346
0.873	20.695	35.345
0.873	20.706	35.352
0.872	20.689	35.341
0.872	20.692	35.346
0.871	20.698	35.349
0.871	20.694	35.345
0.871	20.692	35.354
0.871	20.692	35.355
0.871	20.692	35.351
0.871	20.685	35.340
0.870	20.687	35.352
0.870	20.684	35.351
0.870	20.681	35.355
0.869	20.671	35.352
0.869	20.666	35.350
0.868	20.671	35.351
0.868	20.668	35.355
0.868	20.660	35.352
0.868	20.665	35.348
0.868	20.667	35.351
0.868	20.660	35.352
0.868	20.667	35.352
0.868	20.665	35.354
0.868	20.663	35.353
0.867	20.656	35.350
0.867	20.659	35.354
0.867	20.654	35.340
0.867	20.654	35.348
0.867	20.654	35.355
0.866	20.650	35.354
0.866	20.640	35.359
0.866	20.635	35.336
0.866	20.638	35.354
0.865	20.640	35.355
0.865	20.627	35.358
0.864	20.624	35.357
0.864	20.627	35.350
0.864	20.617	35.354
0.863	20.618	35.352
0.863	20.608	35.356
0.863	20.606	35.352
0.862	20.599	35.351
0.862	20.594	35.350
0.862	20.586	35.343
0.861	20.574	35.346
0.861	20.562	35.350
0.861	20.544	35.351
0.860	20.529	35.354
0.859	20.513	35.355
0.859	20.505	35.343
0.859	20.502	35.358
0.858	20.488	35.350
0.858	20.479	35.354
0.858	20.470	35.354
0.857	20.458	35.359
0.857	20.452	35.346
0.856	20.446	35.354
0.856	20.432	35.352
0.855	20.428	35.357
0.855	20.420	35.351
0.855	20.412	35.356
0.854	20.403	35.354
0.854	20.395	35.350
0.854	20.382	35.355
0.854	20.376	35.350
0.853	20.359	35.345
0.853	20.365	35.351
0.853	20.361	35.351
0.853	20.351	35.351
0.853	20.360	35.354
0.853	20.357	35.352
0.853	20.350	35.351
0.852	20.354	35.351
0.852	20.352	35.352
0.852	20.344	35.347
0.852	20.337	35.354
0.852	20.334	35.352
0.852	20.325	35.355
0.851	20.318	35.348
0.851	20.308	35.353
0.851	20.309	35.353
0.851	20.300	35.349
0.851	20.293	35.349
0.850	20.293	35.355
0.850	20.286	35.350
0.850	20.260	35.332
0.850	20.272	35.347
0.849	20.264	35.351
0.849	20.262	35.347
0.849	20.259	35.348
0.849	20.255	35.345
0.849	20.253	35.345
0.848	20.249	35.350
0.848	20.243	35.350
0.848	20.232	35.337
0.848	20.230	35.352
0.847	20.211	35.336
0.847	20.218	35.344
0.847	20.210	35.343
0.846	20.196	35.347
0.846	20.193	35.343
0.846	20.185	35.344
0.846	20.180	35.347
0.845	20.177	35.344
0.845	20.172	35.344
0.845	20.162	35.335
0.845	20.152	35.331
0.844	20.142	35.345
0.844	20.135	35.338
0.844	20.135	35.342
0.843	20.120	35.339
0.843	20.119	35.339
0.843	20.114	35.339
0.843	20.108	35.332
0.842	20.103	35.334
0.842	20.094	35.337
0.841	20.084	35.337
0.841	20.076	35.341
0.841	20.063	35.337
0.840	20.059	35.326
0.840	20.054	35.333
0.840	20.045	35.335
0.839	20.030	35.333
0.839	20.020	35.332
0.839	20.005	35.339
0.838	20.004	35.333
0.838	19.996	35.337
0.838	19.986	35.336
0.837	19.982	35.319
0.837	19.976	35.334
0.836	19.959	35.338
0.836	19.956	35.336
0.836	19.949	35.333
0.836	19.940	35.321
0.835	19.928	35.335
0.835	19.921	35.329
0.835	19.918	35.332
0.835	19.913	35.329
0.834	19.903	35.331
0.834	19.893	35.328
0.834	19.892	35.332
0.834	19.886	35.330
0.833	19.887	35.329
0.833	19.876	35.331
0.832	19.839	35.317
0.832	19.856	35.330
0.832	19.853	35.332
0.832	19.836	35.329
0.831	19.825	35.332
0.831	19.818	35.328
0.831	19.812	35.328
0.831	19.806	35.315
0.831	19.799	35.326
0.830	19.798	35.333
0.830	19.793	35.329
0.830	19.780	35.333
0.830	19.781	35.334
0.829	19.773	35.331
0.829	19.762	35.328
0.829	19.762	35.328
0.829	19.759	35.328
0.828	19.752	35.324
0.828	19.741	35.329
0.828	19.741	35.328
0.828	19.729	35.319
0.827	19.717	35.332
0.827	19.701	35.325
0.826	19.700	35.323
0.826	19.697	35.319
0.826	19.680	35.321
0.826	19.688	35.329
0.825	19.682	35.325
0.825	19.673	35.323
0.825	19.658	35.327
0.824	19.647	35.331
0.824	19.639	35.330
0.824	19.635	35.324
0.823	19.622	35.319
0.823	19.616	35.329
0.823	19.613	35.327
0.822	19.592	35.323
0.822	19.589	35.333
0.821	19.580	35.331
0.821	19.561	35.328
0.821	19.549	35.326
0.820	19.549	35.331
0.820	19.541	35.329
0.819	19.534	35.327
0.819	19.522	35.327
0.818	19.507	35.325
0.818	19.500	35.325
0.818	19.488	35.330
0.817	19.480	35.329
0.817	19.470	35.334
0.817	19.454	35.330
0.817	19.444	35.323
0.816	19.443	35.330
0.816	19.426	35.330
0.815	19.424	35.331
0.815	19.420	35.332
0.815	19.410	35.330
0.815	19.406	35.332
0.814	19.401	35.331
0.814	19.390	35.331
0.814	19.387	35.330
0.814	19.376	35.327
0.813	19.368	35.329
0.813	19.355	35.329
0.812	19.340	35.328
0.812	19.330	35.321
0.811	19.323	35.329
0.811	19.306	35.334
0.811	19.306	35.328
0.810	19.302	35.331
0.810	19.283	35.334
0.810	19.277	35.322
0.809	19.267	35.333
0.809	19.257	35.333
0.808	19.248	35.328
0.808	19.241	35.329
0.808	19.233	35.326
0.807	19.221	35.332
0.807	19.208	35.329
0.807	19.203	35.322
0.807	19.198	35.328
0.806	19.181	35.331
0.806	19.177	35.330
0.805	19.171	35.329
0.805	19.155	35.336
0.805	19.151	35.323
0.805	19.147	35.334
0.804	19.124	35.333
0.803	19.117	35.329
0.803	19.108	35.331
0.803	19.098	35.318
0.802	19.087	35.325
0.802	19.083	35.338
0.801	19.073	35.334
0.801	19.055	35.334
0.800	19.036	35.332
0.799	19.025	35.341
0.799	19.019	35.340
0.798	19.001	35.339
0.798	18.993	35.338
0.798	18.977	35.338
0.797	18.965	35.332
0.797	18.959	35.335
0.796	18.937	35.340
0.796	18.936	35.337
0.795	18.922	35.337
0.795	18.904	35.327
0.795	18.910	35.337
0.794	18.901	35.335
0.794	18.884	35.343
0.793	18.872	35.340
0.793	18.858	35.340
0.792	18.848	35.338
0.792	18.842	35.339
0.792	18.831	35.338
0.791	18.823	35.326
0.791	18.795	35.341
0.790	18.793	35.341
0.789	18.462	35.304
0.789	18.672	35.341
0.789	18.752	35.340
0.788	18.743	35.340
0.787	18.726	35.334
0.787	18.721	35.340
0.787	18.709	35.344
0.786	18.691	35.347
0.786	18.680	35.348
0.785	18.668	35.338
0.784	18.648	35.343
0.784	18.645	35.346
0.783	18.630	35.343
0.782	18.598	35.338
0.781	18.588	35.344
0.781	18.576	35.346
0.781	18.565	35.332
0.780	18.551	35.343
0.780	18.543	35.346
0.779	18.530	35.344
0.779	18.520	35.347
0.779	18.504	35.346
0.778	18.497	35.339
0.778	18.488	35.346
0.777	18.475	35.342
0.777	18.468	35.350
0.777	18.461	35.341
0.777	18.457	35.342
0.777	18.450	35.351
0.776	18.439	35.343
0.775	18.428	35.347
0.775	18.421	35.341
0.775	18.411	35.348
0.775	18.406	35.342
0.774	18.394	35.347
0.773	18.371	35.342
0.773	18.361	35.345
0.773	18.356	35.343
0.772	18.344	35.341
0.772	18.338	35.343
0.771	18.323	35.349
0.771	18.304	35.338
0.770	18.295	35.345
0.770	18.287	35.349
0.770	18.286	35.344
0.770	18.281	35.351
0.769	18.267	35.335
0.769	18.264	35.343
0.769	18.253	35.347
0.768	18.239	35.345
0.768	18.239	35.343
0.768	18.230	35.347
0.768	18.222	35.344
0.767	18.220	35.343
0.767	18.214	35.343
0.767	18.201	35.341
0.766	18.196	35.347
0.766	18.183	35.343
0.765	18.177	35.346
0.765	18.169	35.345
0.765	18.166	35.346
0.765	18.160	35.348
0.764	18.148	35.342
0.764	18.120	35.333
0.763	18.123	35.342
0.763	18.120	35.345
0.763	18.108	35.343
0.762	18.106	35.345
0.762	18.099	35.339
0.762	18.086	35.344
0.762	18.083	35.343
0.762	18.083	35.341
0.761	18.076	35.342
0.761	18.063	35.341
0.760	18.049	35.337
0.760	18.044	35.341
0.760	18.040	35.339
0.760	18.034	35.343
0.759	18.020	35.336
0.759	18.007	35.341
0.758	17.985	35.339
0.758	17.984	35.339
0.758	17.978	35.342
0.758	17.964	35.332
0.757	17.967	35.339
0.757	17.953	35.342
0.756	17.941	35.342
0.756	17.935	35.343
0.756	17.925	35.338
0.755	17.913	35.341
0.755	17.905	35.344
0.755	17.889	35.345
0.754	17.880	35.340
0.753	17.869	35.341
0.753	17.846	35.342
0.752	17.835	35.340
0.751	17.815	35.345
0.751	17.797	35.339
0.751	17.800	35.340
0.751	17.799	35.341
0.751	17.786	35.344
0.750	17.776	35.341
0.748	17.743	35.342
0.748	17.724	35.338
0.747	17.712	35.337
0.746	17.700	35.342
0.746	17.691	35.338
0.745	17.674	35.342
0.745	17.650	35.342
0.744	17.650	35.340
0.744	17.640	35.340
0.744	17.629	35.341
0.743	17.619	35.339
0.743	17.602	35.341
0.742	17.598	35.328
0.742	17.593	35.344
0.741	17.583	35.344
0.741	17.576	35.334
0.741	17.567	35.340
0.741	17.556	35.339
0.740	17.552	35.333
0.740	17.543	35.342
0.740	17.528	35.341
0.739	17.523	35.343
0.739	17.501	35.340
0.738	17.474	35.341
0.738	17.476	35.342
0.738	17.472	35.341
0.737	17.465	35.334
0.737	17.450	35.338
0.736	17.432	35.344
0.736	17.422	35.342
0.736	17.421	35.339
0.736	17.412	35.339
0.736	17.411	35.344
0.735	17.406	35.341
0.735	17.393	35.342
0.735	17.391	35.342
0.734	17.382	35.341
0.734	17.365	35.337
0.733	17.359	35.336
0.732	17.336	35.338
0.732	17.323	35.336
0.732	17.311	35.316
0.731	17.313	35.338
0.731	17.305	35.337
0.731	17.293	35.335
0.730	17.284	35.337
0.730	17.270	35.323
0.729	17.260	35.340
0.729	17.246	35.341
0.728	17.235	35.345
0.728	17.229	35.348
0.727	17.207	35.348
0.727	17.200	35.353
0.726	17.190	35.357
0.726	17.176	35.352
0.725	17.162	35.358
0.725	17.161	35.359
0.724	17.148	35.365
0.724	17.144	35.365
0.724	17.134	35.365
0.723	17.122	35.374
0.723	17.118	35.371
0.722	17.105	35.379
0.722	17.091	35.368
0.722	17.072	35.386
0.721	17.058	35.369
0.721	17.054	35.384
0.720	17.043	35.393
0.720	17.028	35.393
0.719	17.016	35.392
0.719	17.010	35.400
0.719	16.990	35.393
0.718	16.983	35.396
0.718	16.970	35.401
0.717	16.955	35.406
0.716	16.947	35.409
0.716	16.921	35.413
0.715	16.918	35.412
0.715	16.907	35.408
0.714	16.885	35.412
0.714	16.875	35.424
0.713	16.862	35.423
0.713	16.837	35.423
0.712	16.826	35.427
0.712	16.819	35.433
0.711	16.806	35.427
0.711	16.797	35.437
0.710	16.780	35.434
0.710	16.774	35.438
0.709	16.764	35.441
0.709	16.746	35.445
0.709	16.742	35.451
0.708	16.738	35.448
0.708	16.725	35.443
0.707	16.718	35.451
0.707	16.710	35.448
0.707	16.697	35.451
0.706	16.694	35.459
0.706	16.687	35.452
0.706	16.672	35.456
0.705	16.664	35.454
0.705	16.657	35.461
0.705	16.650	35.457
0.705	16.644	35.459
0.704	16.634	35.463
0.704	16.630	35.453
0.704	16.625	35.462
0.704	16.612	35.468
0.703	16.598	35.460
0.703	16.590	35.459
0.702	16.581	35.466
0.702	16.573	35.466
0.701	16.563	35.468
0.701	16.548	35.468
0.701	16.539	35.468
0.700	16.531	35.472
0.700	16.523	35.473
0.699	16.511	35.475
0.699	16.496	35.473
0.699	16.488	35.466
0.698	16.478	35.478
0.698	16.466	35.479
0.697	16.459	35.474
0.697	16.448	35.480
0.696	16.430	35.479
0.695	16.415	35.479
0.695	16.408	35.481
0.695	16.397	35.482
0.694	16.384	35.483
0.694	16.365	35.481
0.693	16.344	35.479
0.693	16.337	35.485
0.692	16.327	35.488
0.692	16.308	35.479
0.691	16.297	35.485
0.690	16.289	35.496
0.690	16.280	35.490
0.689	16.260	35.492
0.689	16.243	35.489
0.688	16.236	35.492
0.687	16.219	35.495
0.686	16.192	35.495
0.686	16.176	35.497
0.686	16.175	35.494
0.685	16.171	35.492
0.685	16.165	35.495
0.685	16.158	35.498
0.685	16.153	35.496
0.684	16.144	35.496
0.684	16.131	35.501
0.684	16.117	35.483
0.683	16.109	35.501
0.683	16.097	35.500
0.682	16.087	35.503
0.682	16.076	35.502
0.681	16.061	35.501
0.681	16.054	35.500
0.681	16.041	35.504
0.680	16.022	35.492
0.679	16.009	35.503
0.679	15.999	35.506
0.678	15.992	35.508
0.678	15.979	35.508
0.677	15.958	35.509
0.677	15.939	35.506
0.676	15.933	35.507
0.676	15.921	35.508
0.676	15.917	35.512
0.676	15.917	35.508
0.675	15.907	35.511
0.675	15.905	35.509
0.674	15.890	35.506
0.674	15.873	35.499
0.673	15.863	35.511
0.673	15.853	35.515
0.673	15.844	35.515
0.672	15.828	35.511
0.672	15.820	35.516
0.671	15.809	35.518
0.671	15.799	35.512
0.670	15.785	35.505
0.670	15.784	35.504
0.670	15.775	35.514
0.669	15.768	35.506
0.669	15.756	35.514
0.668	15.743	35.511
0.668	15.734	35.515
0.668	15.722	35.517
0.667	15.711	35.515
0.667	15.708	35.516
0.666	15.701	35.518
0.666	15.692	35.515
0.666	15.687	35.507
0.665	15.674	35.520
0.665	15.658	35.512
0.664	15.634	35.516
0.664	15.616	35.514
0.663	15.612	35.515
0.663	15.603	35.518
0.663	15.584	35.522
0.662	15.587	35.520
0.662	15.576	35.519
0.661	15.556	35.525
0.661	15.555	35.519
0.661	15.546	35.528
0.660	15.525	35.511
0.659	15.508	35.519
0.659	15.495	35.503
0.658	15.493	35.506
0.658	15.486	35.527
0.657	15.464	35.520
0.656	15.449	35.524
0.656	15.437	35.524
0.656	15.417	35.531
0.655	15.404	35.518
0.655	15.398	35.526
0.654	15.383	35.528
0.654	15.382	35.525
0.653	15.358	35.525
0.653	15.360	35.528
0.652	15.350	35.528
0.652	15.340	35.526
0.652	15.327	35.526
0.651	15.319	35.520
0.651	15.309	35.522
0.651	15.310	35.526
0.650	15.307	35.530
0.650	15.176	35.487
0.650	15.135	35.517
0.649	15.227	35.526
0.649	15.267	35.524
0.649	15.260	35.519
0.649	15.259	35.524
0.648	15.256	35.524
0.648	15.249	35.530
0.648	15.231	35.522
0.648	15.229	35.522
0.647	15.219	35.530
0.647	15.211	35.526
0.647	15.212	35.526
0.647	15.206	35.528
0.647	15.197	35.532
0.646	15.186	35.527
0.646	15.172	35.525
0.645	15.157	35.527
0.645	15.146	35.524
0.645	15.147	35.529
0.644	15.141	35.526
0.644	15.132	35.532
0.644	15.122	35.521
0.644	15.120	35.527
0.643	15.110	35.530
0.643	15.101	35.532
0.642	15.093	35.530
0.642	15.084	35.530
0.641	15.069	35.530
0.641	15.065	35.528
0.640	15.048	35.532
0.639	15.021	35.533
0.639	15.018	35.533
0.639	15.009	35.533
0.639	14.997	35.531
0.638	14.985	35.534
0.637	14.975	35.530
0.637	14.964	35.527
0.636	14.955	35.535
0.636	14.935	35.524
0.635	14.924	35.528
0.635	14.912	35.533
0.634	14.896	35.536
0.634	14.886	35.532
0.633	14.878	35.534
0.633	14.862	35.536
0.632	14.859	35.526
0.632	14.851	35.534
0.632	14.842	35.531
0.631	14.839	35.531
0.631	14.832	35.529
0.631	14.829	35.524
0.631	14.823	35.535
0.631	14.821	35.531
0.630	14.814	35.523
0.630	14.802	35.536
0.630	14.787	35.537
0.630	14.783	35.536
0.629	14.776	35.533
0.629	14.756	35.533
0.629	14.749	35.538
0.628	14.741	35.535
0.628	14.721	35.534
0.627	14.705	35.529
0.626	14.697	35.536
0.626	14.686	35.535
0.625	14.661	35.536
0.624	14.633	35.534
0.624	14.631	35.533
0.623	14.621	35.541
0.623	14.600	35.537
0.622	14.588	35.532
0.621	14.574	35.538
0.621	14.548	35.537
0.621	14.551	35.532
0.620	14.541	35.538
0.620	14.532	35.535
0.619	14.523	35.540
0.619	14.509	35.534
0.618	14.492	35.538
0.618	14.476	35.538
0.617	14.462	35.533
0.617	14.455	35.532
0.616	14.444	35.540
0.616	14.425	35.533
0.615	14.420	35.529
0.615	14.411	35.541
0.614	14.398	35.540
0.614	14.391	35.539
0.613	14.379	35.537
0.613	14.365	35.542
0.612	14.357	35.540
0.611	14.331	35.542
0.611	14.325	35.537
0.611	14.317	35.538
0.611	14.308	35.540
0.610	14.304	35.537
0.610	14.284	35.540
0.609	14.265	35.538
0.609	14.251	35.541
0.608	14.236	35.544
0.607	14.214	35.544
0.607	14.210	35.538
0.606	14.201	35.541
0.606	14.194	35.543
0.606	14.184	35.543
0.605	14.167	35.539
0.605	14.161	35.541
0.604	14.146	35.539
0.604	14.131	35.542
0.604	14.131	35.537
0.603	14.122	35.538
0.603	14.106	35.536
0.602	14.096	35.538
0.602	14.082	35.541
0.601	14.066	35.541
0.601	14.054	35.539
0.600	14.040	35.543
0.600	14.033	35.539
0.600	14.025	35.544
0.600	14.017	35.545
0.599	14.010	35.539
0.599	13.997	35.541
0.598	13.988	35.545
0.598	13.984	35.542
0.597	13.975	35.538
0.597	13.959	35.545
0.596	13.955	35.541
0.596	13.946	35.547
0.596	13.925	35.538
0.595	13.925	35.544
0.595	13.916	35.548
0.595	13.903	35.545
0.594	13.897	35.544
0.594	13.883	35.539
0.593	13.870	35.538
0.593	13.861	35.542
0.592	13.853	35.539
0.592	13.842	35.532
0.592	13.834	35.541
0.591	13.824	35.544
0.591	13.812	35.539
0.590	13.788	35.544
0.589	13.765	35.544
0.588	13.750	35.541
0.588	13.743	35.541
0.587	13.723	35.542
0.586	13.705	35.543
0.586	13.693	35.546
0.585	13.677	35.539
0.585	13.661	35.550
0.584	13.644	35.549
0.584	13.629	35.542
0.583	13.619	35.546
0.583	13.599	35.548
0.582	13.591	35.542
0.582	13.575	35.543
0.581	13.564	35.548
0.581	13.554	35.549
0.580	13.545	35.548
0.580	13.537	35.540
0.579	13.525	35.556
0.579	13.510	35.544
0.578	13.504	35.548
0.577	13.493	35.546
0.577	13.483	35.554
0.576	13.472	35.541
0.576	13.465	35.547
0.576	13.454	35.543
0.575	13.445	35.544
0.575	13.434	35.547
0.574	13.410	35.549
0.574	13.391	35.544
0.573	13.380	35.549
0.573	13.361	35.547
0.572	13.349	35.546
0.572	13.332	35.542
0.571	13.316	35.549
0.570	13.301	35.550
0.570	13.288	35.545
0.569	13.270	35.549
0.569	13.258	35.548
0.568	13.231	35.558
0.567	13.223	35.553
0.567	13.209	35.548
0.566	13.194	35.553
0.566	13.185	35.547
0.565	13.169	35.544
0.564	13.149	35.547
0.564	13.146	35.554
0.564	13.137	35.548
0.563	13.123	35.551
0.563	13.114	35.550
0.563	13.099	35.545
0.562	13.088	35.547
0.561	13.076	35.552
0.561	13.068	35.550
0.561	13.059	35.550
0.560	13.051	35.552
0.559	13.038	35.553
0.559	13.034	35.548
0.558	13.025	35.549
0.558	13.011	35.546
0.558	13.004	35.553
0.557	12.995	35.552
0.557	12.973	35.545
0.556	12.963	35.546
0.556	12.954	35.552
0.555	12.950	35.548
0.555	12.935	35.549
0.555	12.914	35.548
0.554	12.894	35.552
0.553	12.868	35.556
0.552	12.844	35.544
0.552	12.838	35.547
0.551	12.822	35.547
0.550	12.802	35.544
0.550	12.791	35.549
0.549	12.776	35.547
0.549	12.757	35.549
0.548	12.739	35.555
0.548	12.725	35.552
0.547	12.712	35.554
0.547	12.707	35.553
0.546	12.698	35.551
0.546	12.688	35.554
0.546	12.673	35.548
0.545	12.660	35.546
0.544	12.644	35.547
0.544	12.628	35.554
0.543	12.615	35.552
0.543	12.605	35.548
0.542	12.587	35.553
0.541	12.579	35.545
0.541	12.572	35.551
0.540	12.559	35.548
0.540	12.549	35.554
0.539	12.540	35.549
0.539	12.524	35.548
0.538	12.494	35.541
0.537	12.470	35.553
0.537	12.460	35.550
0.537	12.454	35.554
0.536	12.439	35.554
0.536	12.424	35.553
0.535	12.415	35.551
0.535	12.398	35.557
0.534	12.368	35.543
0.533	12.358	35.557
0.533	12.343	35.559
0.532	12.327	35.554
0.532	12.321	35.551
0.531	12.311	35.553
0.531	12.298	35.546
0.531	12.281	35.555
0.530	12.271	35.551
0.530	12.268	35.549
0.529	12.260	35.555
0.529	12.250	35.552
0.529	12.240	35.551
0.528	12.225	35.556
0.528	12.218	35.546
0.528	12.216	35.548
0.527	12.207	35.552
0.527	12.192	35.550
0.526	12.188	35.546
0.526	12.178	35.553
0.526	12.165	35.546
0.525	12.152	35.545
0.525	12.142	35.548
0.524	12.130	35.551
0.524	12.117	35.552
0.523	12.114	35.552
0.523	12.103	35.548
0.522	12.092	35.554
0.522	12.081	35.546
0.521	12.077	35.549
0.521	12.059	35.547
0.521	12.045	35.546
0.520	12.042	35.547
0.520	12.042	35.547
0.520	12.029	35.550
0.520	12.022	35.550
0.519	12.009	35.548
0.519	11.987	35.548
0.518	11.972	35.538
0.518	11.960	35.549
0.517	11.940	35.543
0.517	11.923	35.548
0.516	11.907	35.539
0.515	11.886	35.545
0.515	11.865	35.548
0.514	11.847	35.544
0.513	11.838	35.550
0.513	11.822	35.546
0.512	11.802	35.555
0.512	11.799	35.550
0.512	11.797	35.551
0.512	11.792	35.548
0.511	11.786	35.550
0.511	11.773	35.549
0.510	11.751	35.546
0.510	11.743	35.542
0.509	11.731	35.548
0.509	11.717	35.548
0.508	11.708	35.546
0.507	11.682	35.552
0.507	11.669	35.551
0.506	11.656	35.555
0.505	11.646	35.554
0.505	11.642	35.552
0.504	11.631	35.552
0.504	11.614	35.546
0.503	11.611	35.551
0.503	11.599	35.550
0.502	11.583	35.550
0.502	11.569	35.551
0.501	11.551	35.549
0.500	11.533	35.545
0.500	11.524	35.548
0.500	11.507	35.550
0.499	11.492	35.556
0.498	11.467	35.557
0.497	11.436	35.548
0.497	11.414	35.547
0.496	11.405	35.558
0.495	11.370	35.521
0.494	11.229	35.531
0.493	11.289	35.551
0.493	11.316	35.554
0.492	11.290	35.554
0.491	11.268	35.558
0.491	11.266	35.555
0.490	11.262	35.565
0.490	11.250	35.562
0.489	11.236	35.557
0.489	11.225	35.558
0.488	11.211	35.557
0.488	11.202	35.555
0.487	11.187	35.557
0.487	11.175	35.556
0.486	11.169	35.561
0.486	11.155	35.562
0.485	11.146	35.560
0.485	11.140	35.558
0.484	11.124	35.558
0.484	11.116	35.556
0.484	11.097	35.561
0.483	11.091	35.558
0.483	11.076	35.562
0.483	11.071	35.557
0.482	11.060	35.557
0.481	11.045	35.560
0.481	11.024	35.563
0.480	11.014	35.560
0.480	10.997	35.561
0.480	10.986	35.559
0.479	10.970	35.562
0.478	10.958	35.563
0.478	10.946	35.564
0.478	10.933	35.560
0.477	10.920	35.563
0.476	10.901	35.558
0.476	10.886	35.564
0.476	10.878	35.565
0.475	10.872	35.559
0.475	10.865	35.565
0.475	10.853	35.559
0.475	10.850	35.564
0.474	10.840	35.568
0.474	10.834	35.566
0.474	10.834	35.567
0.474	10.824	35.565
0.473	10.813	35.568
0.473	10.808	35.566
0.472	10.792	35.565
0.472	10.779	35.566
0.472	10.770	35.571
0.471	10.764	35.568
0.471	10.757	35.565
0.470	10.739	35.567
0.469	10.720	35.566
0.468	10.708	35.559
0.468	10.698	35.570
0.467	10.688	35.567
0.467	10.677	35.564
0.467	10.670	35.562
0.466	10.656	35.566
0.466	10.647	35.564
0.466	10.635	35.567
0.465	10.624	35.565
0.465	10.616	35.565
0.465	10.618	35.568
0.465	10.615	35.565
0.465	10.611	35.568
0.464	10.598	35.568
0.464	10.594	35.565
0.464	10.581	35.565
0.463	10.561	35.562
0.463	10.551	35.562
0.462	10.540	35.562
0.462	10.524	35.571
0.462	10.516	35.567
0.461	10.496	35.571
0.461	10.481	35.565
0.460	10.473	35.569
0.460	10.462	35.568
0.459	10.453	35.570
0.459	10.437	35.573
0.458	10.426	35.566
0.458	10.414	35.559
0.458	10.405	35.577
0.457	10.398	35.570
0.457	10.384	35.564
0.456	10.367	35.568
0.456	10.356	35.570
0.456	10.352	35.569
0.456	10.347	35.568
0.455	10.339	35.567
0.455	10.335	35.571
0.455	10.329	35.565
0.454	10.316	35.572
0.454	10.312	35.567
0.453	10.302	35.568
0.453	10.292	35.571
0.453	10.282	35.567
0.452	10.270	35.566
0.451	10.257	35.562
0.451	10.251	35.567
0.450	10.242	35.563
0.450	10.234	35.565
0.449	10.228	35.568
0.449	10.217	35.569
0.449	10.206	35.566
0.448	10.197	35.568
0.448	10.191	35.564
0.448	10.186	35.571
0.447	10.179	35.570
0.447	10.173	35.566
0.447	10.167	35.566
0.447	10.154	35.563
0.446	10.140	35.565
0.446	10.123	35.568
0.445	10.102	35.567
0.444	10.077	35.561
0.444	10.059	35.558
0.443	10.027	35.569
0.442	10.016	35.570
0.442	10.000	35.568
0.441	9.986	35.568
0.441	9.975	35.569
0.440	9.966	35.567
0.440	9.961	35.565
0.440	9.958	35.570
0.440	9.953	35.564
0.440	9.947	35.573
0.439	9.941	35.571
0.439	9.929	35.564
0.438	9.914	35.566
0.438	9.905	35.558
0.438	9.892	35.569
0.437	9.879	35.570
0.436	9.870	35.570
0.436	9.855	35.568
0.435	9.841	35.563
0.435	9.838	35.571
0.435	9.832	35.569
0.435	9.825	35.565
0.435	9.820	35.566
0.435	9.820	35.563
0.435	9.819	35.567
0.435	9.813	35.561
0.435	9.814	35.563
0.434	9.807	35.565
0.434	9.796	35.570
0.433	9.790	35.561
0.433	9.782	35.568
0.432	9.772	35.568
0.432	9.767	35.566
0.432	9.761	35.569
0.432	9.758	35.559
0.432	9.754	35.566
0.431	9.749	35.564
0.431	9.738	35.559
0.430	9.720	35.564
0.430	9.714	35.565
0.430	9.712	35.570
0.429	9.708	35.566
0.429	9.697	35.563
0.429	9.683	35.566
0.428	9.674	35.565
0.428	9.661	35.566
0.428	9.651	35.570
0.427	9.640	35.567
0.427	9.628	35.567
0.426	9.615	35.569
0.426	9.600	35.565
0.425	9.584	35.552
0.424	9.572	35.568
0.424	9.547	35.566
0.424	9.531	35.561
0.423	9.521	35.566
0.423	9.514	35.570
0.423	9.510	35.569
0.422	9.508	35.564
0.422	9.502	35.564
0.422	9.500	35.567
0.422	9.496	35.569
0.422	9.493	35.563
0.421	9.484	35.564
0.421	9.470	35.568
0.420	9.455	35.564
0.420	9.435	35.569
0.419	9.426	35.566
0.419	9.415	35.568
0.418	9.400	35.567
0.417	9.374	35.568
0.417	9.349	35.574
0.416	9.343	35.570
0.416	9.336	35.573
0.415	9.326	35.575
0.414	9.309	35.569
0.413	9.288	35.562
0.413	9.277	35.572
0.413	9.270	35.575
0.412	9.262	35.572
0.412	9.256	35.573
0.412	9.246	35.577
0.411	9.236	35.574
0.410	9.215	35.574
0.410	9.197	35.572
0.409	9.181	35.571
0.409	9.164	35.571
0.408	9.138	35.574
0.407	9.123	35.577
0.406	9.095	35.574
0.406	9.074	35.579
0.405	9.052	35.575
0.404	9.033	35.580
0.404	9.020	35.565
0.403	9.010	35.580
0.403	8.999	35.578
0.402	8.990	35.579
0.402	8.982	35.580
0.401	8.966	35.584
0.401	8.952	35.575
0.400	8.936	35.584
0.400	8.922	35.587
0.399	8.908	35.585
0.398	8.896	35.576
0.398	8.893	35.583
0.397	8.882	35.583
0.397	8.864	35.588
0.396	8.858	35.587
0.396	8.854	35.587
0.396	8.849	35.581
0.396	8.847	35.589
0.396	8.845	35.586
0.396	8.845	35.581
0.396	8.845	35.585
0.396	8.845	35.587
0.396	8.843	35.581
0.396	8.844	35.587
0.396	8.843	35.591
0.396	8.837	35.586
0.395	8.831	35.590
0.395	8.824	35.589
0.395	8.820	35.587
0.395	8.810	35.592
0.394	8.796	35.587
0.394	8.787	35.589
0.394	8.783	35.590
0.393	8.778	35.584
0.393	8.773	35.588
0.393	8.763	35.591
0.393	8.757	35.591
0.393	8.756	35.593
0.392	8.752	35.592
0.392	8.742	35.587
0.392	8.734	35.594
0.392	8.728	35.588
0.391	8.716	35.594
0.391	8.700	35.594
0.390	8.685	35.592
0.390	8.670	35.592
0.390	8.657	35.584
0.390	8.652	35.595
0.389	8.646	35.594
0.389	8.633	35.600
0.388	8.620	35.594
0.388	8.602	35.598
0.387	8.586	35.593
0.386	8.574	35.600
0.386	8.561	35.603
0.386	8.554	35.606
0.385	8.547	35.601
0.385	8.538	35.605
0.385	8.528	35.604
0.384	8.528	35.605
0.385	8.526	35.604
0.384	8.525	35.609
0.384	8.525	35.603
0.384	8.525	35.606
0.384	8.522	35.606
0.384	8.520	35.608
0.383	8.501	35.605
0.383	8.485	35.606
0.382	8.480	35.600
0.382	8.476	35.602
0.382	8.474	35.611
0.382	8.471	35.606
0.382	8.472	35.611
0.382	8.473	35.613
0.382	8.475	35.609
0.381	8.471	35.610
0.381	8.460	35.613
0.380	8.441	35.613
0.380	8.429	35.606
0.379	8.420	35.610
0.379	8.407	35.613
0.378	8.395	35.614
0.378	8.386	35.612
0.377	8.379	35.615
0.377	8.367	35.615
0.377	8.365	35.612
0.377	8.361	35.619
0.376	8.356	35.612
0.376	8.347	35.615
0.376	8.342	35.613
0.375	8.338	35.621
0.375	8.332	35.619
0.375	8.329	35.618
0.375	8.325	35.612
0.375	8.324	35.621
0.375	8.322	35.620
0.375	8.316	35.618
0.375	8.315	35.619
0.374	8.310	35.621
0.374	8.304	35.620
0.374	8.299	35.622
0.374	8.291	35.624
0.374	8.289	35.625
0.374	8.282	35.624
0.373	8.274	35.622
0.373	8.271	35.619
0.373	8.268	35.629
0.373	8.256	35.627
0.373	8.247	35.618
0.372	8.230	35.624
0.372	8.219	35.627
0.372	8.203	35.622
0.371	8.189	35.618
0.371	8.182	35.619
0.371	8.173	35.632
0.370	8.162	35.627
0.370	8.147	35.628
0.369	8.135	35.636
0.369	8.112	35.622
0.368	8.074	35.630
0.368	8.049	35.625
0.367	8.070	35.635
0.367	8.070	35.636
0.366	8.056	35.628
0.366	8.043	35.637
0.366	8.031	35.641
0.365	8.024	35.623
0.365	8.019	35.631
0.365	8.015	35.633
0.365	8.012	35.643
0.365	8.013	35.624
0.365	8.011	35.632
0.364	8.001	35.640
0.364	7.995	35.640
0.364	7.991	35.646
0.363	7.987	35.636
0.363	7.979	35.635
0.363	7.972	35.651
0.362	7.967	35.633
0.362	7.959	35.643
0.362	7.951	35.645
0.361	7.947	35.640
0.361	7.940	35.640
0.361	7.932	35.644
0.360	7.926	35.639
0.360	7.912	35.641
0.359	7.902	35.638
0.359	7.893	35.646
0.358	7.882	35.646
0.358	7.876	35.645
0.357	7.864	35.649
0.357	7.853	35.648
0.357	7.845	35.647
0.356	7.832	35.648
0.356	7.827	35.650
0.356	7.822	35.647
0.356	7.818	35.655
0.356	7.807	35.640
0.355	7.793	35.652
0.355	7.781	35.651
0.354	7.774	35.656
0.354	7.762	35.659
0.354	7.751	35.656
0.353	7.735	35.658
0.353	7.724	35.650
0.352	7.713	35.661
0.352	7.696	35.660
0.352	7.692	35.659
0.352	7.687	35.659
0.351	7.682	35.660
0.351	7.672	35.664
0.351	7.668	35.659
0.351	7.658	35.658
0.350	7.647	35.660
0.350	7.640	35.662
0.350	7.635	35.664
0.349	7.624	35.665
0.349	7.615	35.665
0.349	7.609	35.669
0.349	7.601	35.670
0.348	7.595	35.665
0.348	7.586	35.661
0.348	7.581	35.659
0.348	7.575	35.666
0.347	7.568	35.670
0.347	7.559	35.667
0.347	7.551	35.671
0.347	7.543	35.661
0.346	7.539	35.667
0.346	7.531	35.666
0.346	7.524	35.673
0.346	7.520	35.665
0.345	7.508	35.668
0.345	7.503	35.671
0.345	7.501	35.668
0.345	7.496	35.675
0.344	7.490	35.676
0.344	7.483	35.667
0.344	7.476	35.674
0.343	7.471	35.676
0.343	7.469	35.673
0.343	7.467	35.672
0.343	7.465	35.671
0.342	7.460	35.678
0.342	7.458	35.672
0.342	7.453	35.675
0.342	7.446	35.674
0.341	7.439	35.679
0.341	7.428	35.676
0.341	7.422	35.670
0.341	7.420	35.677
0.340	7.418	35.680
0.340	7.416	35.671
0.340	7.409	35.681
0.340	7.403	35.684
0.339	7.393	35.678
0.339	7.377	35.681
0.338	7.366	35.677
0.338	7.362	35.685
0.338	7.360	35.677
0.338	7.354	35.686
0.338	7.352	35.682
0.338	7.347	35.680
0.338	7.342	35.684
0.338	7.340	35.685
0.338	7.338	35.676
0.338	7.329	35.682
0.337	7.317	35.684
0.337	7.305	35.688
0.337	7.295	35.683
0.336	7.287	35.684
0.336	7.284	35.685
0.336	7.281	35.684
0.336	7.271	35.687
0.335	7.261	35.687
0.335	7.254	35.685
0.334	7.242	35.682
0.334	7.232	35.688
0.334	7.221	35.686
0.333	7.213	35.683
0.333	7.204	35.690
0.333	7.195	35.688
0.332	7.182	35.684
0.332	7.173	35.690
0.331	7.165	35.686
0.331	7.158	35.686
0.331	7.148	35.686
0.330	7.136	35.687
0.330	7.124	35.684
0.330	7.115	35.686
0.329	7.105	35.691
0.329	7.093	35.685
0.328	7.080	35.694
0.328	7.070	35.680
0.327	7.064	35.680
0.327	7.062	35.688
0.328	7.063	35.692
0.327	7.058	35.689
0.327	7.049	35.688
0.327	7.045	35.692
0.327	7.040	35.692
0.326	7.035	35.692
0.326	7.028	35.692
0.326	7.022	35.692
0.326	7.013	35.693
0.325	7.007	35.695
0.325	7.000	35.698
0.325	6.996	35.690
0.325	6.995	35.695
0.325	6.995	35.695
0.325	6.993	35.691
0.325	6.989	35.693
0.324	6.984	35.695
0.324	6.981	35.683
0.324	6.979	35.690
0.324	6.974	35.691
0.323	6.968	35.692
0.323	6.963	35.691
0.323	6.954	35.694
0.323	6.949	35.696
0.322	6.943	35.699
0.322	6.934	35.695
0.322	6.929	35.694
0.322	6.922	35.692
0.322	6.919	35.691
0.322	6.919	35.697
0.322	6.915	35.692
0.321	6.900	35.694
0.320	6.875	35.694
0.320	6.870	35.695
0.319	6.861	35.691
0.318	6.846	35.694
0.318	6.838	35.695
0.318	6.825	35.689
0.317	6.812	35.698
0.317	6.794	35.692
0.317	6.786	35.693
0.316	6.780	35.690
0.316	6.767	35.695
0.315	6.745	35.696
0.314	6.733	35.696
0.314	6.723	35.678
0.313	6.714	35.685
0.313	6.702	35.695
0.313	6.690	35.696
0.312	6.684	35.691
0.312	6.670	35.697
0.311	6.655	35.697
0.310	6.636	35.698
0.310	6.620	35.681
0.309	6.607	35.698
0.309	6.599	35.693
0.308	6.582	35.694
0.307	6.566	35.693
0.307	6.550	35.691
0.306	6.540	35.687
0.306	6.532	35.696
0.305	6.524	35.694
0.305	6.514	35.691
0.305	6.504	35.693
0.304	6.493	35.690
0.304	6.482	35.689
0.303	6.465	35.693
0.303	6.459	35.689
0.303	6.456	35.690
0.303	6.455	35.690
0.303	6.454	35.690
0.303	6.450	35.690
0.303	6.438	35.689
0.303	6.433	35.688
0.303	6.432	35.689
0.302	6.430	35.684
0.302	6.425	35.687
0.302	6.421	35.685
0.302	6.415	35.672
0.302	6.412	35.680
0.301	6.406	35.683
0.301	6.395	35.684
0.301	6.387	35.675
0.301	6.381	35.683
0.301	6.376	35.676
0.300	6.372	35.683
0.300	6.366	35.679
0.300	6.356	35.676
0.300	6.352	35.678
0.300	6.345	35.682
0.299	6.333	35.675
0.299	6.327	35.674
0.299	6.321	35.682
0.298	6.310	35.676
0.298	6.299	35.673
0.297	6.287	35.674
0.297	6.278	35.679
0.297	6.272	35.676
0.296	6.255	35.673
0.296	6.244	35.671
0.295	6.236	35.675
0.295	6.233	35.675
0.295	6.229	35.678
0.295	6.227	35.678
0.295	6.227	35.674
0.295	6.228	35.671
0.295	6.225	35.668
0.295	6.223	35.672
0.295	6.217	35.668
0.294	6.199	35.669
0.294	6.186	35.671
0.293	6.176	35.674
0.293	6.171	35.668
0.293	6.164	35.670
0.292	6.156	35.663
0.292	6.146	35.662
0.291	6.133	35.665
0.291	6.125	35.670
0.291	6.117	35.669
0.290	6.108	35.670
0.289	6.088	35.664
0.289	6.078	35.665
0.289	6.072	35.665
0.288	6.069	35.660
0.288	6.065	35.655
0.288	6.055	35.666
0.287	6.048	35.663
0.287	6.042	35.665
0.287	6.038	35.664
0.287	6.035	35.661
0.287	6.031	35.665
0.286	6.028	35.662
0.286	6.025	35.658
0.286	6.022	35.658
0.286	6.018	35.651
0.286	6.012	35.656
0.285	6.006	35.650
0.285	6.002	35.653
0.285	5.997	35.656
0.285	5.990	35.653
0.285	5.988	35.652
0.285	5.980	35.654
0.284	5.973	35.653
0.284	5.970	35.636
0.284	5.968	35.638
0.284	5.963	35.644
0.284	5.956	35.638
0.284	5.951	35.652
0.284	5.950	35.650
0.283	5.945	35.654
0.283	5.940	35.647
0.283	5.935	35.653
0.283	5.932	35.651
0.283	5.920	35.647
0.282	5.905	35.647
0.282	5.892	35.647
0.282	5.878	35.643
0.281	5.866	35.648
0.281	5.857	35.653
0.280	5.847	35.648
0.280	5.836	35.646
0.279	5.817	35.647
0.278	5.787	35.644
0.278	5.771	35.654
0.277	5.757	35.649
0.276	5.740	35.653
0.276	5.734	35.650
0.276	5.727	35.647
0.275	5.722	35.655
0.275	5.713	35.650
0.275	5.702	35.644
0.274	5.694	35.647
0.274	5.688	35.651
0.274	5.678	35.641
0.273	5.655	35.650
0.273	5.633	35.636
0.272	5.626	35.647
0.272	5.616	35.644
0.271	5.610	35.650
0.271	5.603	35.648
0.271	5.599	35.640
0.270	5.595	35.643
0.270	5.594	35.650
0.269	5.590	35.640
0.269	5.585	35.650
0.269	5.581	35.646
0.269	5.580	35.643
0.269	5.578	35.645
0.274	5.570	35.634
0.273	5.565	35.624
0.269	5.566	35.646
0.269	5.564	35.645
0.269	5.559	35.642
0.269	5.554	35.647
0.269	5.549	35.649
0.269	5.541	35.644
0.269	5.536	35.650
0.269	5.529	35.643
0.269	5.523	35.640
0.269	5.518	35.634
0.269	5.514	35.647
0.269	5.509	35.634
0.269	5.506	35.635
0.269	5.503	35.646
0.269	5.499	35.639
0.269	5.496	35.642
0.269	5.494	35.645
0.269	5.491	35.645
0.269	5.488	35.649
0.269	5.486	35.633
0.269	5.485	35.634
0.269	5.483	35.649
0.269	5.482	35.643
0.269	5.481	35.648
0.269	5.477	35.645
0.269	5.474	35.649
0.269	5.471	35.651
0.269	5.469	35.645
0.269	5.468	35.647
0.269	5.465	35.649
0.269	5.463	35.651
0.269	5.462	35.648
0.269	5.461	35.655
0.269	5.460	35.650
0.269	5.459	35.653
0.269	5.458	35.652
0.269	5.457	35.649
0.269	5.456	35.654
0.269	5.456	35.650
0.269	5.454	35.650
0.269	5.453	35.649
0.269	5.452	35.649
0.269	5.452	35.648
0.269	5.450	35.650
0.269	5.449	35.649
0.269	5.449	35.645
0.269	5.447	35.655
0.269	5.445	35.653
0.269	5.444	35.650
0.269	5.442	35.648
0.269	5.440	35.651
0.269	5.437	35.652
0.269	5.434	35.653
0.269	5.432	35.654
0.269	5.430	35.651
0.269	5.427	35.649
0.269	5.424	35.652
0.269	5.421	35.652
0.269	5.416	35.651
0.269	5.413	35.656
0.269	5.410	35.652
0.269	5.409	35.652
0.269	5.408	35.649
0.269	5.406	35.653
0.269	5.404	35.649
0.269	5.402	35.650
0.269	5.401	35.654
0.269	5.400	35.649
0.269	5.399	35.648
0.269	5.397	35.650
0.269	5.395	35.651
0.269	5.393	35.634
0.269	5.391	35.643
0.269	5.390	35.633
0.269	5.387	35.641
0.269	5.385	35.637
0.269	5.384	35.639
0.269	5.384	35.645
0.269	5.383	35.636
0.269	5.382	35.645
0.269	5.381	35.645
0.269	5.380	35.649
0.269	5.378	35.651
0.269	5.377	35.653
0.269	5.375	35.652
0.269	5.373	35.648
0.269	5.372	35.650
0.269	5.372	35.654
0.269	5.371	35.647
0.269	5.370	35.650
0.269	5.368	35.649
0.269	5.365	35.653
0.269	5.364	35.648
0.269	5.361	35.650
0.269	5.360	35.652
0.269	5.359	35.653
0.269	5.359	35.650
0.269	5.357	35.649
0.269	5.354	35.651
0.269	5.352	35.644
0.269	5.350	35.652
0.269	5.349	35.650
0.269	5.349	35.651
0.269	5.349	35.648
0.269	5.349	35.646
0.269	5.349	35.647
0.269	5.349	35.652
0.269	5.349	35.652
0.269	5.349	35.642
0.269	5.349	35.649
0.269	5.349	35.649
0.269	5.349	35.651
0.269	5.349	35.647
0.269	5.349	35.648
0.269	5.349	35.641
0.269	5.349	35.653
0.269	5.349	35.645
0.269	5.349	35.648
0.269	5.349	35.649
0.269	5.349	35.645
0.269	5.349	35.646
0.269	5.349	35.648
0.269	5.349	35.650
0.269	5.349	35.648
0.269	5.349	35.644
0.269	5.349	35.644
0.269	5.349	35.643
0.269	5.349	35.646
0.269	5.348	35.646
0.269	5.349	35.647
0.269	5.349	35.644
0.269	5.349	35.644
0.269	5.349	35.648
0.269	5.349	35.642
0.269	5.349	35.647
0.269	5.349	35.647
0.269	5.349	35.646
0.269	5.349	35.646
0.269	5.349	35.644
0.269	5.349	35.645
0.269	5.349	35.648
0.269	5.349	35.644
0.269	5.349	35.645
0.269	5.349	35.643
0.269	5.349	35.646
0.269	5.349	35.643
0.269	5.349	35.632
0.269	5.349	35.637
0.269	5.349	35.643
0.269	5.349	35.643
0.269	5.349	35.646
0.269	5.349	35.643
0.269	5.349	35.641
0.269	5.348	35.646
0.269	5.349	35.638
0.269	5.349	35.635
0.269	5.349	35.641
0.269	5.349	35.642
0.269	5.349	35.644
0.269	5.349	35.644
0.269	5.349	35.643
0.269	5.349	35.640
0.269	5.349	35.639
0.269	5.349	35.638
0.269	5.349	35.639
0.269	5.349	35.639
0.269	5.349	35.633
0.269	5.349	35.638
0.269	5.349	35.640
0.269	5.349	35.644
0.270	5.349	35.637
0.269	5.349	35.628
0.271	5.349	35.615
0.269	5.349	35.622
0.269	5.349	35.628
0.269	5.349	35.635
