0.904	20.876	45.009
0.902	20.865	45.013
0.902	20.880	45.019
0.902	20.880	45.023
0.902	20.874	45.030
0.902	20.878	45.037
0.901	20.880	45.041
0.901	20.879	45.050
0.901	20.881	45.056
0.901	20.880	45.058
0.901	20.873	45.056
0.900	20.874	45.066
0.900	20.880	45.074
0.900	20.880	45.078
0.900	20.881	45.084
0.900	20.874	45.092
0.900	20.877	45.093
0.899	20.879	45.102
0.899	20.873	45.102
0.898	20.881	45.111
0.898	20.881	45.115
0.898	20.868	45.119
0.898	20.883	45.125
0.897	20.880	45.120
0.897	20.881	45.123
0.897	20.880	45.135
0.897	20.879	45.141
0.897	20.874	45.132
0.897	20.882	45.145
0.896	20.874	45.145
0.896	20.877	45.156
0.896	20.880	45.157
0.895	20.869	45.162
0.895	20.879	45.168
0.895	20.880	45.170
0.894	20.873	45.172
0.894	20.878	45.177
0.894	20.879	45.175
0.893	20.872	45.176
0.893	20.880	45.187
0.892	20.880	45.191
0.892	20.881	45.193
0.892	20.880	45.194
0.891	20.876	45.195
0.891	20.878	45.202
0.890	20.880	45.207
0.890	20.872	45.206
0.890	20.880	45.210
0.890	20.880	45.210
0.889	20.873	45.215
0.889	20.882	45.217
0.888	20.879	45.219
0.888	20.872	45.219
0.888	20.880	45.227
0.887	20.876	45.223
0.887	20.879	45.232
0.887	20.878	45.228
0.886	20.879	45.232
0.886	20.877	45.227
0.886	20.880	45.237
0.885	20.877	45.240
0.885	20.878	45.244
0.885	20.879	45.243
0.884	20.873	45.245
0.884	20.880	45.246
0.884	20.875	45.250
0.883	20.872	45.250
0.883	20.877	45.243
0.883	20.879	45.258
0.883	20.880	45.253
0.882	20.879	45.261
0.882	20.876	45.254
0.882	20.877	45.260
0.881	20.876	45.265
0.881	20.877	45.265
0.881	20.874	45.264
0.881	20.869	45.264
0.880	20.870	45.267
0.880	20.870	45.268
0.880	20.870	45.271
0.879	20.859	45.273
0.879	20.864	45.271
0.879	20.861	45.277
0.879	20.856	45.275
0.878	20.859	45.284
0.878	20.859	45.278
0.878	20.851	45.277
0.878	20.856	45.283
0.877	20.858	45.287
0.877	20.852	45.275
0.877	20.855	45.282
0.876	20.852	45.283
0.876	20.852	45.284
0.875	20.844	45.287
0.875	20.833	45.284
0.874	20.841	45.283
0.874	20.844	45.287
0.874	20.836	45.284
0.873	20.839	45.286
0.873	20.833	45.282
0.872	20.837	45.288
0.872	20.834	45.293
0.872	20.831	45.293
0.872	20.831	45.297
0.871	20.828	45.292
0.871	20.829	45.293
0.870	20.827	45.287
0.870	20.828	45.297
0.870	20.825	45.297
0.869	20.819	45.292
0.868	20.819	45.293
0.868	20.809	45.298
0.867	20.815	45.299
0.867	20.809	45.295
0.866	20.800	45.294
0.866	20.801	45.296
0.865	20.803	45.296
0.865	20.795	45.299
0.865	20.800	45.295
0.864	20.798	45.300
0.864	20.798	45.298
0.864	20.794	45.300
0.863	20.789	45.301
0.863	20.787	45.298
0.863	20.791	45.298
0.862	20.789	45.300
0.862	20.786	45.298
0.862	20.788	45.295
0.862	20.781	45.298
0.862	20.786	45.303
0.861	20.784	45.302
0.861	20.775	45.298
0.861	20.781	45.303
0.860	20.780	45.299
0.860	20.770	45.306
0.859	20.772	45.306
0.859	20.774	45.298
0.859	20.762	45.304
0.859	20.772	45.306
0.858	20.772	45.296
0.858	20.771	45.300
0.858	20.768	45.302
0.857	20.761	45.303
0.857	20.760	45.305
0.857	20.763	45.307
0.856	20.755	45.304
0.856	20.759	45.302
0.855	20.442	45.283
0.855	20.530	45.307
0.855	20.746	45.306
0.854	20.752	45.305
0.854	20.751	45.307
0.854	20.748	45.304
0.853	20.735	45.309
0.853	20.741	45.295
0.853	20.739	45.307
0.852	20.731	45.308
0.852	20.736	45.307
0.851	20.733	45.307
0.851	20.712	45.307
0.851	20.733	45.310
0.851	20.727	45.312
0.851	20.730	45.309
0.850	20.731	45.309
0.850	20.728	45.307
0.850	20.729	45.309
0.850	20.726	45.306
0.849	20.726	45.310
0.849	20.719	45.309
0.849	20.722	45.310
0.848	20.707	45.307
0.848	20.715	45.306
0.848	20.712	45.314
0.847	20.701	45.313
0.847	20.705	45.309
0.847	20.702	45.309
0.846	20.706	45.298
0.846	20.703	45.313
0.846	20.691	45.305
0.845	20.695	45.307
0.845	20.689	45.304
0.845	20.686	45.306
0.845	20.684	45.307
0.844	20.685	45.311
0.844	20.682	45.298
0.843	20.672	45.302
0.843	20.660	45.308
0.842	20.678	45.304
0.842	20.671	45.306
0.842	20.660	45.308
0.842	20.661	45.309
0.841	20.654	45.306
0.841	20.647	45.307
0.841	20.653	45.308
0.840	20.648	45.308
0.840	20.639	45.305
0.840	20.644	45.301
0.840	20.635	45.306
0.839	20.635	45.302
0.839	20.633	45.303
0.839	20.628	45.303
0.838	20.628	45.304
0.838	20.618	45.300
0.838	20.613	45.303
0.837	20.604	45.300
0.837	20.607	45.303
0.837	20.595	45.297
0.836	20.595	45.298
0.836	20.585	45.297
0.836	20.566	45.298
0.835	20.561	45.294
0.835	20.551	45.302
0.835	20.538	45.298
0.834	20.528	45.295
0.834	20.518	45.295
0.833	20.502	45.286
0.833	20.485	45.296
0.832	20.467	45.296
0.832	20.466	45.299
0.831	20.454	45.296
0.831	20.440	45.292
0.831	20.438	45.293
0.830	20.428	45.291
0.830	20.417	45.290
0.830	20.414	45.295
0.829	20.414	45.288
0.829	20.407	45.294
0.829	20.398	45.284
0.829	20.388	45.295
0.828	20.378	45.288
0.828	20.364	45.285
0.828	20.350	45.287
0.828	20.361	45.287
0.827	20.357	45.284
0.827	20.347	45.285
0.827	20.345	45.281
0.827	20.343	45.288
0.827	20.328	45.282
0.826	20.324	45.280
0.826	20.317	45.282
0.826	20.310	45.286
0.826	20.302	45.282
0.825	20.298	45.279
0.825	20.290	45.281
0.825	20.277	45.279
0.825	20.271	45.272
0.824	20.262	45.279
0.824	20.256	45.275
0.824	20.248	45.282
0.823	20.250	45.283
0.823	20.243	45.280
0.823	20.231	45.276
0.822	20.225	45.276
0.822	20.220	45.273
0.822	20.207	45.278
0.821	20.199	45.275
0.821	20.193	45.277
0.821	20.180	45.269
0.820	20.172	45.271
0.820	20.153	45.270
0.819	20.151	45.269
0.819	20.138	45.269
0.819	20.121	45.267
0.818	20.119	45.270
0.818	20.113	45.266
0.817	20.086	45.269
0.816	20.073	45.264
0.816	20.064	45.266
0.816	20.048	45.266
0.815	20.039	45.265
0.815	20.028	45.264
0.815	20.020	45.261
0.814	20.016	45.261
0.814	20.006	45.262
0.815	20.017	45.266
0.814	20.011	45.262
0.814	20.004	45.251
0.814	20.002	45.249
0.814	19.999	45.256
0.813	19.990	45.260
0.813	19.984	45.255
0.812	19.976	45.257
0.812	19.974	45.259
0.812	19.964	45.259
0.812	19.945	45.258
0.811	19.946	45.260
0.811	19.928	45.254
0.811	19.918	45.256
0.810	19.918	45.259
0.810	19.912	45.260
0.810	19.872	45.257
0.809	19.898	45.259
0.809	19.892	45.252
0.809	19.884	45.252
0.809	19.878	45.259
0.808	19.866	45.257
0.808	19.864	45.255
0.808	19.856	45.259
0.808	19.847	45.255
0.808	19.843	45.253
0.808	19.842	45.254
0.808	19.831	45.256
0.807	19.838	45.256
0.807	19.825	45.257
0.807	19.808	45.256
0.807	19.811	45.246
0.806	19.800	45.252
0.806	19.803	45.255
0.806	19.796	45.251
0.806	19.791	45.256
0.805	19.787	45.250
0.805	19.779	45.258
0.805	19.767	45.259
0.805	19.763	45.256
0.805	19.754	45.258
0.804	19.751	45.256
0.804	19.734	45.253
0.803	19.719	45.259
0.803	19.705	45.262
0.802	19.702	45.252
0.802	19.695	45.254
0.801	19.685	45.260
0.801	19.680	45.261
0.801	19.659	45.256
0.800	19.661	45.265
0.800	19.646	45.254
0.799	19.626	45.257
0.799	19.619	45.267
0.799	19.610	45.257
0.798	19.593	45.261
0.798	19.589	45.273
0.797	19.579	45.263
0.797	19.558	45.267
0.796	19.546	45.269
0.796	19.537	45.271
0.795	19.536	45.275
0.795	19.533	45.275
0.795	19.517	45.276
0.794	19.510	45.270
0.794	19.501	45.278
0.794	19.487	45.278
0.793	19.481	45.277
0.793	19.471	45.282
0.793	19.456	45.275
0.792	19.443	45.282
0.792	19.439	45.278
0.792	19.435	45.283
0.791	19.430	45.281
0.791	19.416	45.287
0.791	19.418	45.283
0.791	19.414	45.286
0.791	19.400	45.286
0.790	19.398	45.284
0.790	19.386	45.291
0.790	19.369	45.289
0.789	19.363	45.289
0.789	19.356	45.289
0.788	19.345	45.287
0.788	19.332	45.279
0.787	19.322	45.289
0.787	19.313	45.295
0.787	19.308	45.293
0.787	19.295	45.284
0.786	19.295	45.296
0.786	19.287	45.296
0.786	19.274	45.292
0.786	19.270	45.297
0.785	19.263	45.298
0.785	19.251	45.295
0.785	19.249	45.298
0.785	19.246	45.297
0.784	19.239	45.295
0.784	19.225	45.299
0.784	19.214	45.297
0.783	19.202	45.298
0.783	19.196	45.298
0.783	19.188	45.298
0.782	19.177	45.294
0.782	19.173	45.303
0.782	19.160	45.298
0.781	19.159	45.296
0.781	19.149	45.296
0.781	19.131	45.302
0.781	19.127	45.300
0.780	19.123	45.302
0.780	19.109	45.299
0.780	19.103	45.295
0.779	19.102	45.298
0.779	19.093	45.300
0.779	19.091	45.299
0.778	19.086	45.302
0.778	19.083	45.304
0.778	19.078	45.301
0.778	19.068	45.301
0.778	19.072	45.299
0.778	19.067	45.299
0.777	19.055	45.301
0.777	19.056	45.303
0.777	19.049	45.304
0.777	19.038	45.299
0.776	19.041	45.296
0.776	19.034	45.302
0.776	19.027	45.300
0.776	19.017	45.298
0.775	19.011	45.300
0.775	18.997	45.303
0.775	18.993	45.296
0.775	18.988	45.300
0.775	18.983	45.295
0.774	18.972	45.294
0.774	18.952	45.301
0.773	18.949	45.297
0.773	18.938	45.299
0.773	18.928	45.302
0.773	18.925	45.300
0.772	18.923	45.301
0.772	18.909	45.302
0.772	18.913	45.298
0.772	18.905	45.297
0.771	18.894	45.297
0.771	18.888	45.297
0.771	18.878	45.295
0.771	18.873	45.298
0.770	18.865	45.300
0.770	18.852	45.302
0.770	18.849	45.300
0.769	18.841	45.295
0.769	18.828	45.302
0.769	18.831	45.301
0.768	18.822	45.300
0.768	18.809	45.302
0.768	18.809	45.298
0.768	18.800	45.295
0.768	18.791	45.301
0.767	18.794	45.294
0.767	18.790	45.295
0.767	18.778	45.304
0.767	18.781	45.298
0.766	18.769	45.298
0.766	18.761	45.297
0.766	18.758	45.294
0.766	18.751	45.302
0.765	18.745	45.293
0.765	18.742	45.290
0.765	18.736	45.298
0.765	18.735	45.296
0.765	18.722	45.301
0.764	18.711	45.300
0.764	18.705	45.293
0.764	18.698	45.299
0.764	18.685	45.300
0.763	18.685	45.294
0.763	18.680	45.299
0.763	18.667	45.300
0.763	18.665	45.299
0.762	18.657	45.302
0.762	18.647	45.298
0.762	18.650	45.305
0.762	18.646	45.298
0.761	18.641	45.292
0.761	18.629	45.296
0.761	18.625	45.293
0.760	18.617	45.296
0.760	18.607	45.299
0.760	18.598	45.300
0.759	18.596	45.303
0.759	18.588	45.302
0.759	18.580	45.303
0.758	18.576	45.297
0.758	18.567	45.301
0.758	18.552	45.289
0.758	18.549	45.304
0.757	18.291	45.288
0.757	18.305	45.293
0.757	18.531	45.301
0.757	18.518	45.291
0.757	18.517	45.304
0.757	18.515	45.300
0.756	18.503	45.301
0.756	18.499	45.300
0.756	18.492	45.300
0.755	18.478	45.304
0.755	18.476	45.301
0.755	18.464	45.303
0.755	18.460	45.296
0.755	18.455	45.298
0.754	18.449	45.300
0.754	18.439	45.299
0.754	18.442	45.304
0.754	18.427	45.300
0.753	18.427	45.305
0.753	18.422	45.301
0.753	18.412	45.305
0.752	18.404	45.300
0.752	18.399	45.301
0.752	18.383	45.303
0.751	18.373	45.302
0.751	18.358	45.302
0.750	18.350	45.306
0.750	18.342	45.302
0.749	18.330	45.307
0.749	18.315	45.300
0.748	18.303	45.309
0.748	18.291	45.307
0.748	18.281	45.307
0.748	18.281	45.309
0.747	18.276	45.305
0.747	18.264	45.305
0.746	18.249	45.306
0.746	18.236	45.306
0.746	18.231	45.310
0.745	18.223	45.311
0.745	18.208	45.296
0.745	18.208	45.306
0.744	18.193	45.304
0.744	18.185	45.305
0.744	18.184	45.309
0.743	18.180	45.312
0.743	18.178	45.306
0.743	18.175	45.306
0.743	18.161	45.314
0.743	18.165	45.312
0.742	18.160	45.312
0.742	18.146	45.311
0.742	18.141	45.306
0.741	18.133	45.306
0.741	18.120	45.312
0.741	18.125	45.311
0.741	18.119	45.308
0.741	18.112	45.307
0.740	18.104	45.311
0.740	18.097	45.311
0.740	18.089	45.308
0.740	18.085	45.311
0.739	18.075	45.309
0.739	18.074	45.310
0.739	18.063	45.313
0.738	18.045	45.312
0.738	18.051	45.311
0.738	18.046	45.309
0.738	18.035	45.308
0.737	18.034	45.311
0.737	18.024	45.315
0.737	18.007	45.310
0.737	18.001	45.309
0.736	17.992	45.311
0.736	17.987	45.310
0.736	17.984	45.315
0.736	17.978	45.310
0.736	17.980	45.310
0.736	17.978	45.306
0.736	17.966	45.308
0.735	17.967	45.315
0.735	17.955	45.313
0.735	17.939	45.315
0.735	17.942	45.314
0.734	17.932	45.312
0.734	17.919	45.317
0.734	17.918	45.312
0.734	17.906	45.315
0.733	17.894	45.314
0.733	17.894	45.312
0.733	17.881	45.317
0.732	17.872	45.311
0.732	17.871	45.314
0.732	17.861	45.317
0.732	17.859	45.310
0.732	17.857	45.314
0.731	17.847	45.314
0.731	17.836	45.313
0.731	17.829	45.317
0.730	17.834	45.306
0.730	17.822	45.315
0.730	17.812	45.312
0.730	17.795	45.316
0.729	17.796	45.318
0.729	17.788	45.318
0.729	17.781	45.312
0.729	17.782	45.313
0.729	17.774	45.318
0.728	17.761	45.308
0.728	17.757	45.317
0.728	17.759	45.318
0.728	17.752	45.308
0.728	17.751	45.319
0.728	17.748	45.320
0.727	17.741	45.309
0.727	17.725	45.312
0.726	17.715	45.313
0.726	17.708	45.319
0.726	17.706	45.314
0.725	17.694	45.316
0.726	17.694	45.319
0.726	17.698	45.317
0.725	17.690	45.313
0.726	17.696	45.319
0.725	17.695	45.317
0.725	17.689	45.314
0.725	17.687	45.317
0.725	17.692	45.315
0.725	17.688	45.310
0.724	17.682	45.314
0.724	17.675	45.313
0.724	17.665	45.316
0.723	17.657	45.315
0.723	17.640	45.319
0.722	17.635	45.318
0.722	17.628	45.312
0.722	17.620	45.317
0.722	17.614	45.313
0.722	17.604	45.313
0.721	17.600	45.317
0.721	17.594	45.318
0.721	17.581	45.315
0.720	17.558	45.317
0.719	17.544	45.316
0.719	17.526	45.321
0.719	17.518	45.316
0.718	17.515	45.318
0.718	17.500	45.322
0.718	17.497	45.320
0.718	17.491	45.317
0.717	17.485	45.317
0.717	17.476	45.316
0.717	17.468	45.324
0.716	17.453	45.314
0.716	17.446	45.316
0.715	17.426	45.315
0.715	17.415	45.322
0.714	17.401	45.322
0.714	17.388	45.322
0.713	17.378	45.320
0.713	17.368	45.318
0.712	17.351	45.319
0.712	17.349	45.326
0.712	17.343	45.321
0.711	17.325	45.323
0.711	17.318	45.325
0.711	17.306	45.326
0.710	17.302	45.323
0.710	17.296	45.321
0.710	17.278	45.325
0.709	17.280	45.326
0.709	17.273	45.325
0.709	17.260	45.321
0.709	17.263	45.327
0.708	17.257	45.325
0.708	17.236	45.319
0.707	17.237	45.325
0.707	17.226	45.321
0.707	17.208	45.322
0.706	17.206	45.323
0.706	17.201	45.324
0.705	17.176	45.320
0.705	17.186	45.326
0.705	17.175	45.323
0.704	17.164	45.322
0.704	17.157	45.322
0.704	17.149	45.323
0.703	17.144	45.324
0.703	17.133	45.328
0.703	17.114	45.330
0.702	17.105	45.325
0.702	17.097	45.324
0.701	17.075	45.323
0.701	17.072	45.319
0.701	17.062	45.325
0.700	17.052	45.321
0.700	17.047	45.328
0.700	17.035	45.326
0.700	17.032	45.324
0.699	17.023	45.325
0.699	17.007	45.329
0.699	17.010	45.321
0.699	17.002	45.328
0.698	16.987	45.326
0.698	16.985	45.324
0.698	16.975	45.325
0.697	16.954	45.324
0.696	16.948	45.327
0.696	16.934	45.329
0.696	16.921	45.323
0.696	16.919	45.322
0.695	16.913	45.328
0.695	16.904	45.324
0.695	16.893	45.321
0.694	16.882	45.321
0.694	16.876	45.320
0.694	16.868	45.322
0.693	16.856	45.317
0.693	16.856	45.323
0.693	16.843	45.319
0.693	16.838	45.317
0.692	16.826	45.322
0.692	16.821	45.321
0.692	16.816	45.321
0.692	16.808	45.320
0.691	16.801	45.320
0.691	16.802	45.318
0.691	16.793	45.315
0.691	16.789	45.316
0.691	16.790	45.318
0.690	16.780	45.316
0.690	16.775	45.318
0.690	16.777	45.318
0.690	16.774	45.311
0.689	16.760	45.314
0.689	16.756	45.312
0.689	16.753	45.315
0.688	16.742	45.313
0.688	16.741	45.310
0.688	16.735	45.312
0.688	16.727	45.310
0.687	16.714	45.314
0.687	16.704	45.314
0.687	16.704	45.308
0.686	16.695	45.316
0.686	16.677	45.312
0.686	16.673	45.312
0.685	16.659	45.312
0.685	16.638	45.310
0.684	16.638	45.309
0.684	16.625	45.308
0.684	16.615	45.308
0.684	16.610	45.311
0.683	16.600	45.315
0.683	16.591	45.308
0.682	16.576	45.310
0.682	16.572	45.310
0.682	16.561	45.312
0.681	16.553	45.308
0.681	16.535	45.310
0.681	16.531	45.311
0.680	16.527	45.305
0.680	16.514	45.305
0.680	16.501	45.307
0.679	16.492	45.308
0.679	16.476	45.312
0.678	16.463	45.302
0.678	16.461	45.309
0.678	16.452	45.306
0.677	16.437	45.307
0.677	16.433	45.304
0.677	16.426	45.303
0.676	16.419	45.306
0.676	16.414	45.306
0.676	16.398	45.306
0.675	16.399	45.311
0.675	16.379	45.306
0.675	16.365	45.307
0.674	16.352	45.311
0.674	16.340	45.313
0.674	16.340	45.310
0.673	16.330	45.311
0.673	16.311	45.310
0.672	16.306	45.302
0.672	16.297	45.312
0.671	16.287	45.306
0.671	16.285	45.310
0.670	16.278	45.311
0.670	16.267	45.305
0.669	16.256	45.309
0.669	16.236	45.306
0.668	16.224	45.313
0.667	16.195	45.307
0.666	16.187	45.312
0.666	16.182	45.309
0.666	16.181	45.310
0.666	16.169	45.306
0.666	16.173	45.311
0.665	16.166	45.312
0.665	16.150	45.306
0.665	16.136	45.310
0.664	16.121	45.307
0.664	16.109	45.309
0.664	16.105	45.309
0.663	16.095	45.311
0.663	16.083	45.309
0.662	16.065	45.304
0.662	16.050	45.310
0.662	16.043	45.311
0.661	16.035	45.312
0.661	16.019	45.308
0.661	16.018	45.308
0.660	16.006	45.303
0.659	15.988	45.309
0.659	15.976	45.313
0.659	15.970	45.311
0.658	15.962	45.306
0.658	15.938	45.310
0.657	15.921	45.314
0.657	15.919	45.312
0.656	15.910	45.309
0.656	15.904	45.309
0.656	15.894	45.312
0.655	15.882	45.311
0.655	15.865	45.311
0.655	15.861	45.314
0.654	15.852	45.313
0.654	15.838	45.314
0.654	15.834	45.312
0.653	15.822	45.308
0.653	15.822	45.302
0.653	15.812	45.309
0.653	15.584	45.309
0.652	15.790	45.310
0.652	15.732	45.310
0.652	15.792	45.304
0.652	15.788	45.308
0.651	15.782	45.313
0.651	15.781	45.312
0.651	15.772	45.316
0.651	15.765	45.315
0.650	15.763	45.315
0.650	15.759	45.322
0.650	15.748	45.322
0.650	15.748	45.322
0.650	15.724	45.328
0.649	15.729	45.319
0.649	15.723	45.331
0.649	15.716	45.330
0.649	15.713	45.330
0.648	15.705	45.333
0.648	15.696	45.338
0.648	15.694	45.339
0.647	15.688	45.345
0.647	15.671	45.343
0.647	15.667	45.346
0.646	15.658	45.351
0.646	15.653	45.349
0.646	15.643	45.357
0.646	15.633	45.361
0.646	15.621	45.363
0.645	15.603	45.362
0.645	15.598	45.364
0.645	15.595	45.366
0.644	15.588	45.373
0.644	15.587	45.371
0.644	15.584	45.373
0.644	15.572	45.381
0.643	15.555	45.381
0.642	15.534	45.382
0.642	15.523	45.388
0.641	15.514	45.379
0.641	15.496	45.384
0.640	15.483	45.391
0.639	15.468	45.395
0.639	15.465	45.402
0.639	15.452	45.400
0.638	15.441	45.406
0.638	15.437	45.409
0.638	15.432	45.398
0.638	15.422	45.408
0.637	15.405	45.406
0.637	15.394	45.409
0.636	15.382	45.413
0.636	15.376	45.420
0.635	15.373	45.419
0.635	15.363	45.419
0.634	15.356	45.423
0.634	15.352	45.425
0.634	15.349	45.422
0.634	15.330	45.424
0.633	15.320	45.431
0.633	15.315	45.427
0.632	15.301	45.422
0.632	15.297	45.426
0.631	15.282	45.435
0.631	15.268	45.436
0.630	15.261	45.440
0.630	15.249	45.439
0.630	15.238	45.436
0.630	15.229	45.438
0.629	15.215	45.440
0.629	15.210	45.442
0.628	15.192	45.446
0.627	15.164	45.443
0.627	15.145	45.446
0.627	15.135	45.449
0.626	15.130	45.445
0.626	15.117	45.451
0.625	15.106	45.450
0.625	15.107	45.451
0.625	15.100	45.453
0.625	15.084	45.456
0.624	15.078	45.454
0.624	15.071	45.454
0.624	15.061	45.450
0.623	15.057	45.456
0.623	15.047	45.457
0.622	15.030	45.445
0.622	15.030	45.460
0.622	15.015	45.461
0.621	15.003	45.455
0.621	14.992	45.462
0.621	14.979	45.463
0.620	14.975	45.463
0.620	14.968	45.466
0.620	14.958	45.462
0.620	14.957	45.466
0.619	14.938	45.464
0.619	14.926	45.461
0.618	14.925	45.470
0.618	14.920	45.466
0.618	14.921	45.461
0.617	14.916	45.465
0.617	14.906	45.468
0.617	14.903	45.466
0.616	14.896	45.468
0.616	14.881	45.469
0.616	14.875	45.470
0.615	14.867	45.469
0.615	14.861	45.466
0.615	14.852	45.471
0.614	14.837	45.473
0.614	14.830	45.468
0.613	14.827	45.475
0.613	14.821	45.476
0.613	14.816	45.468
0.613	14.807	45.472
0.613	14.794	45.480
0.612	14.783	45.476
0.612	14.773	45.474
0.612	14.760	45.474
0.611	14.754	45.477
0.611	14.745	45.478
0.611	14.741	45.475
0.611	14.734	45.480
0.610	14.722	45.480
0.610	14.709	45.476
0.610	14.698	45.481
0.609	14.689	45.478
0.609	14.685	45.479
0.609	14.672	45.482
0.608	14.655	45.482
0.608	14.649	45.480
0.608	14.641	45.483
0.608	14.635	45.480
0.608	14.642	45.482
0.608	14.641	45.480
0.608	14.636	45.481
0.607	14.630	45.484
0.607	14.628	45.483
0.607	14.621	45.480
0.606	14.615	45.481
0.606	14.602	45.485
0.606	14.594	45.476
0.605	14.568	45.482
0.605	14.559	45.481
0.604	14.554	45.488
0.604	14.547	45.487
0.604	14.536	45.481
0.603	14.535	45.480
0.603	14.533	45.481
0.603	14.520	45.487
0.602	14.512	45.486
0.602	14.507	45.488
0.602	14.498	45.479
0.602	14.485	45.485
0.601	14.476	45.485
0.601	14.469	45.480
0.600	14.458	45.481
0.600	14.447	45.485
0.600	14.440	45.483
0.599	14.441	45.485
0.599	14.431	45.486
0.598	14.421	45.488
0.598	14.413	45.480
0.598	14.408	45.480
0.597	14.401	45.486
0.597	14.396	45.488
0.597	14.385	45.486
0.596	14.374	45.484
0.596	14.361	45.478
0.595	14.341	45.487
0.595	14.338	45.489
0.594	14.323	45.486
0.594	14.325	45.484
0.594	14.313	45.488
0.594	14.304	45.488
0.593	14.276	45.476
0.593	14.285	45.487
0.592	14.270	45.483
0.592	14.252	45.485
0.592	14.240	45.485
0.591	14.223	45.480
0.591	14.213	45.486
0.590	14.204	45.486
0.590	14.196	45.484
0.589	14.182	45.478
0.589	14.168	45.488
0.589	14.165	45.489
0.589	14.159	45.486
0.588	14.142	45.485
0.588	14.136	45.489
0.588	14.131	45.490
0.587	14.118	45.483
0.587	14.118	45.482
0.587	14.111	45.487
0.587	14.104	45.481
0.586	14.095	45.481
0.586	14.088	45.483
0.586	14.077	45.478
0.585	14.072	45.483
0.585	14.063	45.483
0.585	14.055	45.479
0.585	14.047	45.480
0.584	14.031	45.483
0.584	14.029	45.483
0.584	14.023	45.489
0.584	14.013	45.485
0.583	14.013	45.485
0.583	14.005	45.488
0.583	13.995	45.482
0.582	13.993	45.487
0.582	13.990	45.484
0.582	13.987	45.475
0.581	13.980	45.487
0.581	13.971	45.486
0.580	13.955	45.481
0.580	13.943	45.480
0.579	13.922	45.484
0.579	13.924	45.480
0.579	13.915	45.484
0.578	13.897	45.477
0.578	13.900	45.484
0.578	13.892	45.480
0.577	13.883	45.479
0.577	13.877	45.479
0.577	13.865	45.480
0.576	13.852	45.476
0.576	13.842	45.478
0.575	13.828	45.477
0.575	13.817	45.480
0.575	13.805	45.475
0.574	13.782	45.475
0.574	13.773	45.479
0.574	13.762	45.477
0.573	13.749	45.478
0.572	13.746	45.477
0.572	13.728	45.474
0.571	13.714	45.476
0.571	13.693	45.476
0.570	13.678	45.473
0.570	13.666	45.475
0.569	13.658	45.474
0.569	13.650	45.476
0.569	13.645	45.466
0.569	13.641	45.473
0.569	13.634	45.475
0.568	13.630	45.476
0.568	13.621	45.473
0.568	13.609	45.475
0.568	13.606	45.473
0.567	13.599	45.467
0.567	13.589	45.469
0.567	13.581	45.466
0.566	13.572	45.470
0.566	13.570	45.473
0.566	13.561	45.470
0.565	13.550	45.470
0.565	13.550	45.467
0.565	13.543	45.465
0.564	13.536	45.463
0.564	13.532	45.462
0.563	13.519	45.467
0.563	13.512	45.455
0.563	13.501	45.462
0.562	13.495	45.461
0.562	13.491	45.462
0.562	13.485	45.462
0.561	13.477	45.462
0.561	13.474	45.459
0.561	13.468	45.458
0.561	13.462	45.460
0.560	13.463	45.454
0.560	13.454	45.453
0.560	13.441	45.454
0.559	13.429	45.460
0.559	13.417	45.455
0.559	13.401	45.454
0.558	13.393	45.454
0.558	13.380	45.452
0.558	13.372	45.449
0.557	13.363	45.450
0.557	13.348	45.448
0.557	13.339	45.451
0.556	13.324	45.454
0.556	13.309	45.449
0.555	13.301	45.453
0.555	13.293	45.452
0.554	13.272	45.448
0.554	13.268	45.446
0.553	13.248	45.450
0.553	13.241	45.445
0.553	13.232	45.452
0.553	13.225	45.450
0.552	13.215	45.446
0.552	13.202	45.451
0.552	13.191	45.452
0.551	13.185	45.450
0.551	13.181	45.450
0.551	13.172	45.441
0.550	13.165	45.442
0.550	13.162	45.446
0.550	13.154	45.448
0.549	13.145	45.447
0.549	13.135	45.444
0.549	13.124	45.442
0.548	13.111	45.446
0.548	13.100	45.444
0.548	13.092	45.443
0.547	13.090	45.445
0.547	13.086	45.446
0.547	13.080	45.443
0.546	13.071	45.439
0.546	13.060	45.443
0.545	13.053	45.435
0.545	13.046	45.440
0.544	13.036	45.441
0.544	13.032	45.443
0.544	13.026	45.442
0.544	13.011	45.440
0.543	13.003	45.429
0.543	12.996	45.432
0.542	12.977	45.432
0.542	12.956	45.438
0.542	12.955	45.434
0.541	12.823	45.421
0.541	12.809	45.431
0.541	12.927	45.435
0.540	12.924	45.431
0.540	12.913	45.439
0.540	12.905	45.434
0.539	12.889	45.433
0.539	12.866	45.438
0.538	12.855	45.435
0.538	12.846	45.432
0.537	12.832	45.436
0.537	12.827	45.436
0.537	12.819	45.437
0.536	12.806	45.427
0.536	12.791	45.433
0.535	12.782	45.431
0.535	12.761	45.433
0.535	12.766	45.429
0.534	12.759	45.433
0.534	12.749	45.433
0.534	12.737	45.432
0.534	12.727	45.431
0.533	12.719	45.432
0.533	12.710	45.433
0.533	12.705	45.433
0.532	12.697	45.420
0.532	12.687	45.431
0.532	12.671	45.427
0.531	12.665	45.429
0.531	12.661	45.428
0.530	12.646	45.428
0.530	12.636	45.419
0.529	12.621	45.426
0.529	12.618	45.425
0.529	12.609	45.427
0.528	12.602	45.431
0.528	12.591	45.412
0.527	12.587	45.427
0.527	12.574	45.422
0.526	12.566	45.424
0.526	12.562	45.422
0.526	12.550	45.424
0.525	12.546	45.423
0.525	12.530	45.425
0.525	12.516	45.416
0.524	12.493	45.419
0.523	12.470	45.416
0.523	12.471	45.422
0.523	12.458	45.420
0.522	12.450	45.419
0.522	12.449	45.425
0.522	12.445	45.423
0.522	12.438	45.423
0.521	12.426	45.422
0.521	12.411	45.422
0.521	12.388	45.419
0.520	12.372	45.420
0.520	12.357	45.419
0.519	12.354	45.415
0.519	12.334	45.418
0.518	12.320	45.418
0.518	12.314	45.421
0.517	12.296	45.417
0.517	12.280	45.420
0.517	12.274	45.412
0.516	12.270	45.417
0.516	12.265	45.418
0.516	12.263	45.415
0.516	12.258	45.414
0.515	12.245	45.418
0.515	12.228	45.414
0.515	12.223	45.406
0.514	12.216	45.412
0.514	12.209	45.403
0.514	12.195	45.412
0.513	12.190	45.415
0.513	12.183	45.416
0.512	12.172	45.413
0.512	12.164	45.411
0.512	12.155	45.414
0.511	12.145	45.413
0.511	12.132	45.408
0.510	12.128	45.407
0.510	12.118	45.414
0.509	12.113	45.413
0.509	12.108	45.410
0.509	12.098	45.405
0.508	12.091	45.410
0.508	12.087	45.409
0.508	12.080	45.410
0.508	12.068	45.414
0.507	12.049	45.411
0.507	12.046	45.408
0.507	12.041	45.414
0.507	12.032	45.412
0.506	12.032	45.409
0.506	12.024	45.409
0.506	12.011	45.412
0.506	12.003	45.407
0.505	11.996	45.410
0.505	11.988	45.401
0.505	11.978	45.407
0.505	11.969	45.407
0.505	11.963	45.400
0.504	11.951	45.408
0.504	11.936	45.404
0.504	11.928	45.400
0.503	11.916	45.405
0.503	11.907	45.402
0.502	11.894	45.403
0.502	11.884	45.405
0.502	11.867	45.406
0.501	11.816	45.406
0.501	11.847	45.401
0.500	11.836	45.397
0.500	11.828	45.399
0.500	11.820	45.398
0.499	11.810	45.399
0.499	11.803	45.399
0.499	11.800	45.395
0.499	11.795	45.402
0.498	11.789	45.400
0.498	11.782	45.396
0.498	11.778	45.400
0.498	11.767	45.397
0.498	11.755	45.397
0.497	11.754	45.397
0.497	11.748	45.397
0.497	11.734	45.396
0.496	11.728	45.396
0.496	11.723	45.395
0.496	11.714	45.400
0.495	11.714	45.395
0.495	11.709	45.393
0.495	11.701	45.386
0.494	11.698	45.394
0.494	11.689	45.392
0.493	11.671	45.395
0.492	11.651	45.393
0.491	11.640	45.398
0.491	11.640	45.393
0.491	11.631	45.393
0.491	11.618	45.395
0.491	11.618	45.393
0.490	11.602	45.396
0.490	11.603	45.393
0.490	11.601	45.394
0.490	11.599	45.394
0.490	11.591	45.390
0.489	11.589	45.394
0.489	11.580	45.390
0.489	11.566	45.391
0.488	11.555	45.392
0.488	11.542	45.392
0.488	11.536	45.393
0.487	11.526	45.391
0.487	11.518	45.388
0.487	11.511	45.383
0.487	11.500	45.381
0.486	11.494	45.389
0.486	11.492	45.387
0.486	11.479	45.386
0.486	11.464	45.379
0.485	11.458	45.379
0.485	11.447	45.379
0.485	11.436	45.382
0.484	11.421	45.384
0.484	11.412	45.388
0.484	11.410	45.382
0.484	11.399	45.388
0.483	11.387	45.385
0.483	11.383	45.384
0.483	11.373	45.384
0.482	11.365	45.388
0.482	11.355	45.382
0.482	11.351	45.367
0.482	11.345	45.387
0.482	11.340	45.373
0.481	11.332	45.376
0.481	11.329	45.381
0.481	11.321	45.386
0.481	11.319	45.374
0.480	11.314	45.374
0.480	11.300	45.379
0.480	11.296	45.378
0.479	11.285	45.381
0.479	11.276	45.379
0.479	11.272	45.375
0.479	11.268	45.384
0.478	11.260	45.380
0.478	11.255	45.379
0.478	11.247	45.385
0.478	11.237	45.372
0.477	11.235	45.377
0.477	11.227	45.376
0.477	11.225	45.378
0.477	11.219	45.379
0.476	11.216	45.382
0.476	11.215	45.373
0.476	11.210	45.379
0.476	11.204	45.380
0.475	11.193	45.371
0.475	11.190	45.379
0.475	11.181	45.377
0.475	11.180	45.376
0.474	11.178	45.377
0.474	11.171	45.375
0.474	11.173	45.378
0.474	11.173	45.379
0.474	11.166	45.381
0.473	11.165	45.373
0.473	11.160	45.373
0.473	11.154	45.372
0.473	11.147	45.381
0.473	11.141	45.381
0.473	11.139	45.374
0.472	11.135	45.376
0.472	11.124	45.379
0.472	11.115	45.383
0.472	11.108	45.380
0.471	11.097	45.379
0.471	11.085	45.378
0.471	11.075	45.380
0.470	11.068	45.378
0.470	11.062	45.381
0.470	11.055	45.382
0.469	11.048	45.379
0.469	11.040	45.382
0.469	11.030	45.373
0.469	11.021	45.381
0.468	11.015	45.380
0.468	11.004	45.379
0.468	10.998	45.377
0.467	10.988	45.379
0.467	10.975	45.376
0.467	10.974	45.376
0.467	10.961	45.380
0.466	10.952	45.383
0.466	10.947	45.382
0.466	10.937	45.377
0.465	10.930	45.378
0.465	10.923	45.387
0.465	10.916	45.383
0.465	10.905	45.384
0.464	10.896	45.388
0.464	10.886	45.376
0.464	10.885	45.380
0.464	10.879	45.387
0.464	10.869	45.375
0.463	10.868	45.378
0.463	10.859	45.383
0.463	10.856	45.383
0.463	10.855	45.386
0.463	10.847	45.381
0.462	10.842	45.377
0.462	10.833	45.384
0.462	10.823	45.387
0.462	10.818	45.378
0.461	10.812	45.377
0.461	10.802	45.386
0.461	10.789	45.389
0.460	10.777	45.384
0.460	10.774	45.385
0.459	10.765	45.388
0.459	10.752	45.390
0.459	10.746	45.388
0.458	10.743	45.388
0.458	10.735	45.388
0.458	10.731	45.391
0.458	10.729	45.389
0.457	10.722	45.385
0.457	10.720	45.395
0.457	10.716	45.390
0.457	10.713	45.391
0.457	10.711	45.392
0.456	10.706	45.396
0.456	10.701	45.391
0.456	10.698	45.395
0.456	10.692	45.395
0.455	10.687	45.392
0.455	10.681	45.393
0.455	10.677	45.396
0.455	10.664	45.395
0.455	10.658	45.395
0.454	10.654	45.397
0.454	10.641	45.392
0.454	10.630	45.393
0.453	10.618	45.392
0.453	10.609	45.390
0.453	10.601	45.396
0.452	10.590	45.395
0.452	10.584	45.396
0.451	10.575	45.402
0.451	10.562	45.399
0.451	10.555	45.391
0.451	10.546	45.401
0.450	10.539	45.395
0.450	10.531	45.402
0.450	10.522	45.403
0.450	10.513	45.398
0.449	10.493	45.396
0.449	10.482	45.394
0.449	10.476	45.406
0.448	10.472	45.406
0.448	10.466	45.406
0.448	10.460	45.409
0.448	10.457	45.405
0.448	10.414	45.384
0.447	10.439	45.405
0.447	10.430	45.407
0.446	10.417	45.406
0.446	10.410	45.411
0.446	10.406	45.407
0.445	10.401	45.406
0.445	10.394	45.409
0.445	10.382	45.414
0.445	10.378	45.409
0.445	10.372	45.409
0.444	10.358	45.413
0.444	10.351	45.413
0.444	10.343	45.416
0.443	10.333	45.413
0.443	10.323	45.403
0.443	10.317	45.417
0.442	10.311	45.411
0.442	10.305	45.421
0.442	10.298	45.417
0.441	10.286	45.423
0.441	10.281	45.422
0.440	10.271	45.421
0.440	10.148	45.393
0.439	10.213	45.423
0.439	10.238	45.414
0.438	10.227	45.423
0.438	10.214	45.423
0.437	10.198	45.422
0.437	10.188	45.430
0.436	10.170	45.422
0.436	10.158	45.426
0.435	10.151	45.434
0.435	10.141	45.427
0.434	10.136	45.434
0.434	10.127	45.433
0.434	10.112	45.422
0.433	10.110	45.435
0.433	10.087	45.433
0.433	10.081	45.426
0.432	10.067	45.429
0.432	10.054	45.438
0.432	10.039	45.436
0.431	10.030	45.435
0.431	10.020	45.435
0.431	10.004	45.441
0.430	9.993	45.441
0.430	9.983	45.441
0.429	9.971	45.443
0.429	9.959	45.437
0.429	9.956	45.442
0.428	9.950	45.443
0.428	9.942	45.438
0.428	9.935	45.448
0.428	9.923	45.446
0.427	9.913	45.443
0.427	9.906	45.447
0.427	9.902	45.448
0.427	9.902	45.450
0.427	9.901	45.448
0.427	9.898	45.447
0.427	9.898	45.443
0.427	9.897	45.449
0.427	9.895	45.448
0.427	9.892	45.449
0.426	9.885	45.452
0.426	9.877	45.450
0.426	9.874	45.450
0.426	9.870	45.451
0.425	9.859	45.451
0.425	9.854	45.452
0.425	9.845	45.455
0.424	9.838	45.449
0.424	9.834	45.455
0.424	9.820	45.455
0.423	9.815	45.449
0.423	9.808	45.453
0.422	9.802	45.456
0.422	9.792	45.456
0.421	9.780	45.455
0.421	9.765	45.460
0.420	9.759	45.460
0.420	9.753	45.455
0.420	9.748	45.462
0.420	9.740	45.457
0.419	9.725	45.451
0.419	9.717	45.462
0.419	9.714	45.459
0.419	9.706	45.461
0.418	9.685	45.459
0.417	9.651	45.464
0.417	9.649	45.459
0.416	9.642	45.460
0.416	9.632	45.463
0.416	9.621	45.465
0.416	9.611	45.461
0.415	9.605	45.461
0.415	9.593	45.464
0.415	9.585	45.457
0.414	9.577	45.466
0.414	9.564	45.464
0.413	9.535	45.465
0.413	9.521	45.466
0.412	9.513	45.469
0.412	9.503	45.466
0.412	9.494	45.465
0.411	9.486	45.470
0.411	9.480	45.464
0.410	9.470	45.461
0.410	9.458	45.465
0.410	9.444	45.469
0.409	9.431	45.468
0.409	9.426	45.470
0.409	9.420	45.470
0.408	9.412	45.465
0.408	9.406	45.468
0.408	9.400	45.469
0.408	9.393	45.461
0.407	9.383	45.471
0.407	9.373	45.471
0.406	9.363	45.474
0.406	9.356	45.474
0.406	9.346	45.474
0.405	9.342	45.472
0.405	9.338	45.477
0.404	9.324	45.477
0.403	9.313	45.470
0.403	9.301	45.473
0.403	9.292	45.476
0.403	9.284	45.477
0.402	9.273	45.477
0.402	9.267	45.475
0.402	9.258	45.473
0.401	9.252	45.472
0.401	9.237	45.471
0.400	9.226	45.476
0.400	9.216	45.476
0.400	9.208	45.478
0.399	9.188	45.468
0.399	9.167	45.470
0.398	9.141	45.476
0.398	9.131	45.475
0.397	9.120	45.476
0.397	9.108	45.478
0.397	9.096	45.479
0.396	9.083	45.476
0.396	9.066	45.471
0.395	9.048	45.472
0.395	9.043	45.478
0.395	9.033	45.468
0.394	9.019	45.473
0.394	9.011	45.474
0.394	9.005	45.472
0.393	8.998	45.472
0.393	8.987	45.470
0.392	8.977	45.466
0.392	8.971	45.474
0.391	8.962	45.470
0.391	8.952	45.470
0.391	8.938	45.473
0.390	8.927	45.466
0.390	8.926	45.474
0.390	8.921	45.468
0.390	8.918	45.469
0.389	8.907	45.471
0.389	8.901	45.464
0.388	8.902	45.471
0.388	8.900	45.464
0.388	8.893	45.468
0.387	8.883	45.467
0.387	8.869	45.471
0.386	8.861	45.464
0.386	8.851	45.469
0.386	8.844	45.465
0.385	8.836	45.462
0.385	8.825	45.467
0.385	8.818	45.465
0.385	8.815	45.469
0.384	8.812	45.464
0.384	8.804	45.464
0.384	8.796	45.465
0.384	8.790	45.461
0.383	8.783	45.455
0.383	8.774	45.459
0.382	8.755	45.463
0.382	8.737	45.465
0.382	8.727	45.459
0.381	8.715	45.455
0.381	8.702	45.461
0.381	8.692	45.455
0.380	8.682	45.458
0.380	8.668	45.456
0.380	8.655	45.453
0.379	8.647	45.459
0.379	8.639	45.456
0.379	8.629	45.455
0.378	8.619	45.454
0.378	8.599	45.448
0.377	8.581	45.454
0.377	8.575	45.455
0.377	8.567	45.458
0.377	8.554	45.455
0.376	8.551	45.456
0.376	8.545	45.457
0.375	8.536	45.444
0.375	8.526	45.457
0.375	8.521	45.456
0.375	8.514	45.459
0.374	8.507	45.458
0.374	8.504	45.456
0.374	8.500	45.448
0.374	8.490	45.450
0.373	8.482	45.452
0.373	8.475	45.451
0.373	8.467	45.446
0.372	8.462	45.448
0.372	8.453	45.450
0.372	8.445	45.445
0.371	8.439	45.445
0.371	8.431	45.442
0.371	8.424	45.449
0.370	8.419	45.450
0.370	8.414	45.449
0.370	8.408	45.450
0.370	8.402	45.442
0.369	8.403	45.446
0.369	8.400	45.441
0.369	8.398	45.448
0.369	8.393	45.449
0.369	8.390	45.441
0.369	8.385	45.449
0.368	8.379	45.441
0.368	8.366	45.445
0.368	8.360	45.446
0.368	8.354	45.432
0.367	8.346	45.447
0.367	8.340	45.443
0.367	8.336	45.445
0.367	8.333	45.444
0.367	8.328	45.441
0.366	8.317	45.444
0.366	8.308	45.434
0.366	8.300	45.439
0.365	8.284	45.442
0.364	8.273	45.444
0.363	8.258	45.440
0.363	8.250	45.445
0.363	8.235	45.441
0.363	8.215	45.445
0.362	8.197	45.443
0.362	8.180	45.448
0.361	8.172	45.440
0.361	8.163	45.438
0.360	8.141	45.448
0.360	8.125	45.445
0.360	8.115	45.440
0.359	8.103	45.443
0.359	8.094	45.443
0.358	8.076	45.438
0.357	8.058	45.437
0.357	8.051	45.441
0.357	8.040	45.443
0.357	8.029	45.439
0.356	8.023	45.440
0.356	8.016	45.442
0.356	8.013	45.443
0.356	8.009	45.446
0.355	7.999	45.444
0.355	7.994	45.442
0.355	7.989	45.437
0.354	7.983	45.435
0.354	7.976	45.437
0.354	7.971	45.441
0.354	7.961	45.435
0.353	7.950	45.438
0.353	7.943	45.437
0.352	7.939	45.438
0.352	7.933	45.437
0.352	7.928	45.439
0.352	7.927	45.435
0.351	7.922	45.427
0.351	7.920	45.433
0.351	7.910	45.436
0.351	7.905	45.439
0.350	7.903	45.432
0.350	7.901	45.437
0.350	7.893	45.431
0.350	7.888	45.434
0.349	7.878	45.432
0.349	7.868	45.432
0.349	7.862	45.431
0.349	7.854	45.435
0.348	7.847	45.433
0.348	7.840	45.430
0.348	7.831	45.432
0.348	7.825	45.428
0.347	7.819	45.430
0.347	7.810	45.430
0.347	7.796	45.429
0.347	7.789	45.434
0.346	7.782	45.423
0.346	7.776	45.430
0.346	7.769	45.430
0.345	7.761	45.434
0.345	7.749	45.429
0.345	7.734	45.431
0.345	7.727	45.433
0.344	7.718	45.430
0.344	7.706	45.433
0.344	7.692	45.434
0.343	7.687	45.435
0.343	7.680	45.434
0.343	7.672	45.428
0.342	7.661	45.434
0.342	7.646	45.423
0.342	7.636	45.429
0.341	7.627	45.430
0.341	7.617	45.432
0.341	7.608	45.434
0.340	7.598	45.428
0.340	7.588	45.433
0.340	7.581	45.432
0.339	7.572	45.432
0.339	7.557	45.432
0.338	7.550	45.430
0.338	7.543	45.427
0.338	7.535	45.430
0.337	7.523	45.431
0.337	7.512	45.430
0.337	7.505	45.432
0.336	7.499	45.434
0.336	7.491	45.428
0.336	7.485	45.424
0.336	7.483	45.434
0.335	7.479	45.432
0.335	7.477	45.430
0.335	7.474	45.431
0.335	7.470	45.427
0.334	7.466	45.433
0.334	7.459	45.432
0.334	7.455	45.429
0.333	7.449	45.427
0.333	7.436	45.429
0.333	7.429	45.430
0.332	7.425	45.432
0.332	7.422	45.429
0.332	7.417	45.434
0.332	7.410	45.432
0.332	7.360	45.410
0.331	7.380	45.424
0.331	7.385	45.423
0.331	7.375	45.430
0.331	7.367	45.433
0.330	7.359	45.425
0.330	7.348	45.432
0.330	7.337	45.435
0.329	7.326	45.431
0.329	7.313	45.431
0.329	7.304	45.436
0.328	7.294	45.433
0.328	7.283	45.434
0.328	7.275	45.433
0.327	7.264	45.439
0.327	7.249	45.439
0.326	7.234	45.426
0.326	7.223	45.438
0.325	7.210	45.438
0.325	7.198	45.434
0.324	7.190	45.434
0.324	7.183	45.425
0.324	7.177	45.435
0.324	7.172	45.432
0.324	7.166	45.435
0.324	7.164	45.439
0.323	7.155	45.436
0.323	7.146	45.440
0.323	7.139	45.434
0.322	7.135	45.432
0.322	7.123	45.434
0.322	7.111	45.441
0.322	7.106	45.438
0.321	7.098	45.434
0.321	7.088	45.430
0.321	7.081	45.439
0.320	7.074	45.440
0.320	7.066	45.433
0.320	7.056	45.440
0.319	7.049	45.444
0.319	7.043	45.438
0.319	7.037	45.438
0.318	7.033	45.442
0.318	7.030	45.444
0.318	7.026	45.438
0.317	7.012	45.440
0.317	7.002	45.443
0.316	6.993	45.445
0.316	6.984	45.438
0.316	6.977	45.447
0.315	6.973	45.449
0.315	6.969	45.450
0.315	6.960	45.446
0.315	6.946	45.443
0.314	6.932	45.448
0.314	6.922	45.444
0.314	6.916	45.451
0.313	6.906	45.448
0.313	6.902	45.440
0.313	6.895	45.449
0.312	6.880	45.443
0.312	6.870	45.447
0.311	6.862	45.453
0.311	6.853	45.451
0.311	6.839	45.442
0.310	6.820	45.456
0.309	6.796	45.452
0.309	6.781	45.452
0.308	6.767	45.450
0.308	6.746	45.452
0.307	6.737	45.454
0.307	6.731	45.451
0.307	6.725	45.458
0.307	6.719	45.455
0.306	6.711	45.452
0.306	6.698	45.456
0.305	6.689	45.458
0.305	6.681	45.454
0.305	6.670	45.455
0.304	6.657	45.457
0.304	6.644	45.450
0.304	6.636	45.455
0.303	6.631	45.457
0.303	6.623	45.462
0.303	6.614	45.465
0.302	6.607	45.464
0.302	6.599	45.464
0.301	6.585	45.461
0.301	6.577	45.464
0.301	6.574	45.464
0.301	6.566	45.465
0.300	6.561	45.461
0.300	6.554	45.462
0.300	6.546	45.462
0.299	6.543	45.464
0.299	6.540	45.466
0.299	6.534	45.458
0.299	6.528	45.461
0.298	6.523	45.466
0.298	6.516	45.468
0.298	6.511	45.467
0.298	6.503	45.465
0.297	6.492	45.470
0.297	6.485	45.467
0.297	6.473	45.461
0.297	6.464	45.468
0.297	6.456	45.464
0.296	6.449	45.467
0.296	6.443	45.463
0.296	6.436	45.472
0.296	6.429	45.471
0.295	6.423	45.472
0.295	6.409	45.468
0.294	6.401	45.468
0.293	6.381	45.471
0.293	6.364	45.464
0.292	6.346	45.463
0.292	6.330	45.470
0.292	6.318	45.466
0.291	6.302	45.471
0.291	6.284	45.465
0.290	6.275	45.470
0.290	6.265	45.471
0.289	6.257	45.466
0.289	6.249	45.475
0.289	6.246	45.473
0.289	6.238	45.478
0.289	6.234	45.476
0.288	6.227	45.479
0.288	6.222	45.477
0.287	6.204	45.472
0.287	6.189	45.480
0.287	6.183	45.473
0.286	6.173	45.478
0.286	6.166	45.480
0.286	6.160	45.478
0.285	6.152	45.481
0.285	6.139	45.477
0.285	6.130	45.478
0.284	6.124	45.475
0.284	6.115	45.483
0.284	6.110	45.482
0.283	6.103	45.476
0.283	6.097	45.481
0.283	6.090	45.480
0.283	6.085	45.477
0.283	6.079	45.474
0.282	6.076	45.478
0.282	6.073	45.484
0.282	6.070	45.482
0.281	6.064	45.475
0.281	6.054	45.482
0.281	6.042	45.478
0.280	6.032	45.475
0.280	6.029	45.483
0.280	6.025	45.475
0.280	6.021	45.481
0.280	6.016	45.484
0.280	6.006	45.486
0.279	5.997	45.474
0.279	5.988	45.485
0.279	5.974	45.475
0.278	5.957	45.478
0.277	5.942	45.481
0.277	5.925	45.471
0.276	5.918	45.480
0.276	5.899	45.480
0.275	5.883	45.487
0.275	5.866	45.476
0.274	5.855	45.489
0.274	5.842	45.483
0.273	5.828	45.488
0.273	5.809	45.484
0.272	5.793	45.486
0.272	5.779	45.489
0.271	5.768	45.490
0.271	5.750	45.481
0.270	5.731	45.491
0.269	5.713	45.486
0.269	5.702	45.489
0.269	5.698	45.492
0.269	5.693	45.489
0.269	5.689	45.492
0.269	5.682	45.488
0.269	5.666	45.493
0.269	5.643	45.489
0.269	5.638	45.491
0.269	5.632	45.491
0.269	5.629	45.489
0.269	5.627	45.490
0.269	5.624	45.491
0.269	5.616	45.492
0.269	5.610	45.491
0.269	5.600	45.493
0.269	5.593	45.494
0.269	5.588	45.490
0.269	5.580	45.484
0.269	5.574	45.491
0.269	5.565	45.495
0.269	5.562	45.489
0.269	5.555	45.490
0.269	5.549	45.495
0.269	5.542	45.493
0.269	5.539	45.494
0.269	5.535	45.496
0.269	5.529	45.486
0.269	5.521	45.496
0.269	5.517	45.497
0.269	5.514	45.491
0.269	5.509	45.490
0.269	5.506	45.493
0.269	5.505	45.492
0.269	5.502	45.492
0.269	5.501	45.495
0.269	5.501	45.492
0.269	5.501	45.494
0.269	5.501	45.493
0.269	5.500	45.493
0.269	5.500	45.490
0.269	5.499	45.491
0.269	5.499	45.496
0.269	5.498	45.496
0.269	5.496	45.490
0.269	5.493	45.491
0.269	5.492	45.495
0.269	5.490	45.490
0.269	5.487	45.494
0.269	5.486	45.495
0.269	5.484	45.495
0.269	5.483	45.494
0.269	5.482	45.492
0.269	5.482	45.493
0.269	5.482	45.496
0.269	5.481	45.490
0.269	5.480	45.496
0.269	5.480	45.493
0.269	5.479	45.491
0.269	5.477	45.489
0.269	5.476	45.492
0.269	5.475	45.491
0.269	5.473	45.498
0.269	5.471	45.493
0.269	5.469	45.496
0.269	5.469	45.498
0.269	5.468	45.495
0.269	5.466	45.495
0.269	5.461	45.501
0.269	5.459	45.501
0.269	5.458	45.496
0.269	5.457	45.495
0.269	5.456	45.493
0.269	5.454	45.492
0.269	5.453	45.502
0.269	5.452	45.498
0.269	5.451	45.498
0.269	5.449	45.499
0.269	5.446	45.494
0.269	5.445	45.501
0.269	5.444	45.504
0.269	5.444	45.494
0.269	5.443	45.498
0.269	5.441	45.502
0.269	5.441	45.500
0.269	5.440	45.498
0.269	5.438	45.500
0.269	5.434	45.498
0.269	5.433	45.498
0.269	5.432	45.500
0.269	5.430	45.499
0.269	5.428	45.500
0.269	5.425	45.501
0.269	5.424	45.502
0.269	5.421	45.502
0.269	5.419	45.502
0.269	5.415	45.493
0.269	5.412	45.501
0.269	5.409	45.500
0.269	5.409	45.497
0.269	5.408	45.500
0.269	5.408	45.501
0.269	5.407	45.495
0.269	5.406	45.502
0.269	5.405	45.500
0.269	5.404	45.503
0.269	5.405	45.503
0.269	5.404	45.500
0.269	5.401	45.503
0.269	5.397	45.504
0.269	5.396	45.499
0.269	5.395	45.503
0.269	5.393	45.500
0.269	5.391	45.505
0.269	5.391	45.503
0.269	5.388	45.499
0.269	5.386	45.502
0.269	5.385	45.499
0.269	5.384	45.502
0.269	5.383	45.504
0.269	5.379	45.503
0.269	5.375	45.505
0.269	5.373	45.500
0.269	5.372	45.503
0.269	5.372	45.502
0.269	5.370	45.502
0.269	5.369	45.505
0.269	5.366	45.501
0.269	5.363	45.506
0.269	5.361	45.504
0.269	5.360	45.502
0.269	5.358	45.508
0.269	5.354	45.499
0.269	5.350	45.494
0.269	5.349	45.504
0.269	5.349	45.502
0.269	5.349	45.505
0.269	5.349	45.506
0.269	5.349	45.507
0.269	5.349	45.510
0.269	5.349	45.501
0.269	5.349	45.503
0.269	5.349	45.504
0.269	5.349	45.513
0.269	5.349	45.507
0.274	5.349	45.504
0.272	5.349	45.484
0.269	5.350	45.505
0.269	5.349	45.507
0.269	5.349	45.510
0.271	5.349	45.504
0.269	5.349	45.508
0.269	5.349	45.503
0.269	5.349	45.505
0.269	5.349	45.511
0.269	5.349	45.506
0.269	5.349	45.508
0.269	5.349	45.511
0.269	5.349	45.506
0.269	5.349	45.506
0.269	5.349	45.510
0.269	5.349	45.507
0.269	5.349	45.504
0.269	5.349	45.507
0.269	5.349	45.502
0.269	5.349	45.507
0.269	5.349	45.504
0.270	5.349	45.493
0.269	5.349	45.507
0.269	5.349	45.491
0.270	5.349	45.506
0.270	5.349	45.505
0.269	5.349	45.505
0.269	5.349	45.504
0.270	5.349	45.489
0.269	5.349	45.503
0.269	5.349	45.504
0.269	5.349	45.504
0.269	5.349	45.500
0.269	5.349	45.502
0.269	5.349	45.502
0.269	5.349	45.494
0.269	5.349	45.496
0.269	5.349	45.497
0.269	5.349	45.499
0.269	5.348	45.498
0.269	5.349	45.497
0.269	5.348	45.497
0.269	5.348	45.493
0.269	5.349	45.490
0.269	5.349	45.493
0.270	5.349	45.481
0.269	5.349	45.489
0.269	5.349	45.492
0.269	5.349	45.471
0.269	5.349	45.484
0.270	5.349	45.469
0.271	5.348	45.473
0.269	5.349	45.487
0.270	5.349	45.456
0.269	5.349	45.476
0.269	5.349	45.478
