2300	195
2299	199
2298	195
2297	199
2296	199
2295	195
2294	199
2293	198
2292	195
2291	199
2290	197
2289	193
2288	198
2287	195
2286	191
2285	197
2284	193
2283	191
2282	196
2281	194
2280	191
2279	195
2278	191
2277	191
2276	194
2275	190
2274	189
2273	194
2272	188
2271	187
2270	191
2269	187
2268	187
2267	190
2266	185
2265	186
2264	189
2263	183
2262	184
2261	187
2260	182
2259	183
2258	185
2257	180
2256	183
2255	183
2254	178
2253	182
2252	181
2251	177
2250	180
2249	179
2248	174
2247	179
2246	178
2245	173
2244	177
2243	175
2242	171
2241	176
2240	173
2239	171
2238	175
2237	173
2236	169
2235	173
2234	170
2233	169
2232	173
2231	169
2230	167
2229	173
2228	168
2227	167
2226	172
2225	168
2224	167
2223	171
2222	167
2221	167
2220	172
2219	167
2218	167
2217	171
2216	167
2215	167
2214	170
2213	166
2212	167
2211	171
2210	166
2209	167
2208	170
2207	166
2206	168
2205	170
2204	165
2203	167
2202	171
2201	165
2200	167
2199	170
2198	165
2197	168
2196	169
2195	165
2194	169
2193	169
2192	164
2191	169
2190	168
2189	163
2188	167
2187	169
2186	163
2185	168
2184	167
2183	163
2182	167
2181	165
2180	162
2179	167
2178	166
2177	162
2176	166
2175	165
2174	162
2173	165
2172	163
2171	159
2170	165
2169	161
2168	159
2167	165
2166	159
2165	158
2164	163
2163	159
2162	157
2161	161
2160	157
2159	156
2158	159
2157	154
2156	155
2155	158
2154	153
2153	154
2152	157
2151	151
2150	153
2149	155
2148	150
2147	153
2146	153
2145	148
2144	151
2143	152
2142	146
2141	150
2140	151
2139	146
2138	149
2137	149
2136	143
2135	148
2134	147
2133	142
2132	146
2131	145
2130	140
2129	144
2128	143
2127	137
2126	141
2125	141
2124	135
2123	140
2122	139
2121	135
2120	139
2119	135
2118	133
2117	139
2116	133
2115	131
2114	137
2113	132
2112	130
2111	135
2110	130
2109	129
2108	135
2107	130
2106	127
2105	134
2104	127
2103	127
2102	132
2101	127
2100	127
2099	131
2098	126
2097	127
2096	131
2095	125
2094	127
2093	131
2092	125
2091	127
2090	130
2089	126
2088	127
2087	130
2086	125
2085	129
2084	130
2083	127
2082	131
2081	131
2080	125
2079	131
2078	131
2077	127
2076	132
2075	133
2074	129
2073	134
2072	133
2071	130
2070	136
2069	134
2068	132
2067	139
2066	135
2065	134
2064	139
2063	139
2062	137
2061	142
2060	139
2059	139
2058	143
2057	141
2056	142
2055	147
2054	143
2053	144
2052	149
2051	145
2050	147
2049	153
2048	147
2047	149
2046	155
2045	150
2044	152
2043	157
2042	153
2041	156
2040	159
2039	155
2038	159
2037	163
2036	157
2035	162
2034	164
2033	161
2032	166
2031	167
2030	163
2029	169
2028	169
2027	167
2026	171
2025	171
2024	168
2023	174
2022	174
2021	171
2020	177
2019	175
2018	173
2017	179
2016	179
2015	177
2014	181
2013	180
2012	179
2011	185
2010	182
2009	182
2008	187
2007	185
2006	185
2005	189
2004	185
2003	188
2002	191
2001	187
2000	191
1999	193
1998	189
1997	193
1996	195
1995	191
1994	195
1993	198
1992	195
1991	198
1990	199
1989	196
1988	201
1987	202
1986	198
1985	203
1984	204
1983	201
1982	205
1981	205
1980	203
1979	207
1978	207
1977	205
1976	210
1975	209
1974	206
1973	212
1972	211
1971	207
1970	213
1969	213
1968	210
1967	215
1966	212
1965	211
1964	215
1963	213
1962	214
1961	217
1960	214
1959	215
1958	218
1957	214
1956	217
1955	219
1954	215
1953	219
1952	221
1951	217
1950	220
1949	223
1948	219
1947	223
1946	225
1945	221
1944	225
1943	227
1942	223
1941	228
1940	227
1939	225
1938	229
1937	229
1936	227
1935	232
1934	231
1933	229
1932	233
1931	232
1930	231
1929	235
1928	233
1927	234
1926	238
1925	235
1924	235
1923	239
1922	236
1921	238
1920	242
1919	237
1918	241
1917	243
1916	239
1915	243
1914	245
1913	242
1912	245
1911	247
1910	243
1909	247
1908	249
1907	245
1906	249
1905	251
1904	248
1903	253
1902	253
1901	250
1900	255
1899	255
1898	251
1897	257
1896	257
1895	254
1894	255
1893	260
1892	258
1891	257
1890	261
1889	262
1888	259
1887	260
1886	265
1885	265
1884	262
1883	264
1882	267
1881	267
1880	265
1879	267
1878	270
1877	268
1876	266
1875	270
1874	272
1873	270
1872	268
1871	272
1870	274
1869	272
1868	271
1867	275
1866	277
1865	274
1864	275
1863	279
1862	278
1861	275
1860	277
1859	281
1858	279
1857	277
1856	279
1855	282
1854	280
1853	278
1852	281
1851	284
1850	282
1849	281
1848	283
1847	285
1846	282
1845	282
1844	285
1843	286
1842	283
1841	283
1840	287
1839	287
1838	284
1837	286
1836	289
1835	287
1834	284
1833	287
1832	289
1831	287
1830	286
1829	289
1828	291
1827	287
1826	286
1825	289
1824	291
1823	287
1822	287
1821	291
1820	291
1819	289
1818	289
1817	292
1816	291
1815	288
1814	289
1813	293
1812	291
1811	289
1810	291
1809	294
1808	291
1807	289
1806	291
1805	293
1804	291
1803	289
1802	293
1801	293
1800	291
1799	291
1798	293
1797	293
1796	289
1795	290
1794	293
1793	291
1792	289
1791	290
1790	293
1789	291
1788	289
1787	291
1786	292
1785	289
1784	287
1783	289
1782	291
1781	287
1780	287
1779	290
1778	291
1777	287
1776	286
1775	289
1774	288
1773	284
1772	285
1771	287
1770	286
1769	283
1768	284
1767	287
1766	284
1765	282
1764	285
1763	286
1762	282
1761	280
1760	283
1759	283
1758	279
1757	279
1756	282
1755	281
1754	277
1753	279
1752	281
1751	279
1750	274
1749	276
1748	278
1747	275
1746	272
1745	274
1744	275
1743	272
1742	270
1741	273
1740	273
1739	269
1738	267
1737	270
1736	270
1735	265
1734	264
1733	267
1732	265
1731	261
1730	262
1729	264
1728	262
1727	258
1726	259
1725	261
1724	255
1723	255
1722	257
1721	254
1720	250
1719	254
1718	250
1717	247
1716	251
1715	247
1714	244
1713	247
1712	243
1711	241
1710	244
1709	239
1708	237
1707	241
1706	236
1705	235
1704	237
1703	232
1702	231
1701	233
1700	227
1699	228
1698	230
1697	223
1696	223
1695	225
1694	219
1693	221
1692	221
1691	215
1690	218
1689	217
1688	211
1687	213
1686	213
1685	207
1684	210
1683	208
1682	203
1681	207
1680	203
1679	199
1678	203
1677	199
1676	195
1675	199
1674	195
1673	191
1672	195
1671	191
1670	188
1669	191
1668	186
1667	184
1666	189
1665	182
1664	181
1663	183
1662	179
1661	179
1660	180
1659	175
1658	175
1657	177
1656	171
1655	173
1654	173
1653	167
1652	170
1651	171
1650	165
1649	167
1648	167
1647	163
1646	165
1645	165
1644	159
1643	164
1642	161
1641	157
1640	162
1639	159
1638	155
1637	159
1636	157
1635	155
1634	159
1633	155
1632	152
1631	158
1630	154
1629	151
1628	156
1627	152
1626	151
1625	155
1624	151
1623	152
1622	155
1621	149
1620	151
1619	155
1618	149
1617	151
1616	154
1615	149
1614	152
1613	153
1612	148
1611	152
1610	153
1609	149
1608	153
1607	153
1606	149
1605	155
1604	153
1603	149
1602	156
1601	153
1600	151
1599	157
1598	153
1597	152
1596	157
1595	154
1594	155
1593	159
1592	156
1591	155
1590	161
1589	156
1588	158
1587	163
1586	158
1585	159
1584	165
1583	161
1582	163
1581	167
1580	162
1579	167
1578	169
1577	165
1576	169
1575	171
1574	167
1573	173
1572	174
1571	171
1570	175
1569	179
1568	174
1567	179
1566	181
1565	177
1564	184
1563	184
1562	181
1561	189
1560	188
1559	185
1558	191
1557	191
1556	189
1555	196
1554	195
1553	195
1552	200
1551	199
1550	199
1549	205
1548	203
1547	202
1546	209
1545	208
1544	207
1543	213
1542	211
1541	211
1540	216
1539	215
1538	215
1537	220
1536	218
1535	220
1534	223
1533	221
1532	223
1531	227
1530	223
1529	227
1528	231
1527	227
1526	231
1525	235
1524	231
1523	235
1522	238
1521	235
1520	239
1519	241
1518	239
1517	243
1516	244
1515	243
1514	247
1513	247
1512	246
1511	253
1510	251
1509	250
1508	255
1507	255
1506	253
1505	260
1504	260
1503	258
1502	261
1501	265
1500	263
1499	262
1498	266
1497	270
1496	269
1495	269
1494	272
1493	275
1492	272
1491	273
1490	277
1489	279
1488	277
1487	278
1486	283
1485	283
1484	281
1483	284
1482	289
1481	287
1480	286
1479	291
1478	293
1477	293
1476	291
1475	295
1474	297
1473	297
1472	296
1471	300
1470	302
1469	299
1468	300
1467	305
1466	305
1465	303
1464	305
1463	310
1462	310
1461	309
1460	311
1459	315
1458	314
1457	311
1456	315
1455	318
1454	317
1453	315
1452	319
1451	322
1450	319
1449	319
1448	323
1447	325
1446	322
1445	323
1444	327
1443	327
1442	325
1441	328
1440	331
1439	330
1438	329
1437	332
1436	334
1435	333
1434	331
1433	335
1432	336
1431	335
1430	335
1429	338
1428	339
1427	337
1426	338
1425	341
1424	342
1423	339
1422	342
1421	345
1420	344
1419	343
1418	345
1417	348
1416	347
1415	346
1414	349
1413	351
1412	348
1411	349
1410	351
1409	353
1408	351
1407	351
1406	355
1405	355
1404	351
1403	355
1402	357
1401	357
1400	355
1399	357
1398	359
1397	358
1396	357
1395	361
1394	361
1393	360
1392	360
1391	363
1390	363
1389	361
1388	362
1387	365
1386	365
1385	363
1384	365
1383	367
1382	365
1381	363
1380	366
1379	367
1378	366
1377	365
1376	368
1375	369
1374	366
1373	367
1372	369
1371	369
1370	367
1369	369
1368	370
1367	369
1366	367
1365	369
1364	371
1363	369
1362	367
1361	371
1360	370
1359	368
1358	369
1357	371
1356	371
1355	369
1354	370
1353	372
1352	371
1351	369
1350	370
1349	372
1348	370
1347	369
1346	371
1345	372
1344	369
1343	369
1342	371
1341	371
1340	368
1339	369
1338	371
1337	370
1336	367
1335	369
1334	371
1333	369
1332	367
1331	369
1330	370
1329	367
1328	367
1327	369
1326	369
1325	367
1324	366
1323	367
1322	367
1321	364
1320	365
1319	367
1318	365
1317	363
1316	364
1315	365
1314	363
1313	361
1312	363
1311	363
1310	360
1309	360
1308	362
1307	361
1306	357
1305	358
1304	359
1303	358
1302	355
1301	357
1300	357
1299	355
1298	351
1297	355
1296	354
1295	351
1294	349
1293	351
1292	350
1291	347
1290	347
1289	349
1288	347
1287	343
1286	345
1285	346
1284	343
1283	341
1282	343
1281	342
1280	338
1279	338
1278	340
1277	339
1276	335
1275	335
1274	337
1273	334
1272	331
1271	333
1270	333
1269	330
1268	327
1267	329
1266	330
1265	326
1264	324
1263	326
1262	325
1261	321
1260	319
1259	322
1258	319
1257	316
1256	316
1255	317
1254	315
1253	312
1252	313
1251	314
1250	311
1249	307
1248	309
1247	310
1246	307
1245	305
1244	307
1243	306
1242	301
1241	301
1240	303
1239	302
1238	298
1237	297
1236	299
1235	298
1234	293
1233	293
1232	295
1231	293
1230	289
1229	291
1228	292
1227	289
1226	286
1225	287
1224	289
1223	285
1222	283
1221	286
1220	285
1219	281
1218	280
1217	283
1216	281
1215	276
1214	277
1213	279
1212	277
1211	273
1210	273
1209	275
1208	272
1207	270
1206	271
1205	273
1204	269
1203	266
1202	268
1201	268
1200	263
1199	263
1198	265
1197	265
1196	260
1195	260
1194	263
1193	261
1192	255
1191	259
1190	261
1189	257
1188	254
1187	259
1186	257
1185	253
1184	254
1183	255
1182	251
1181	253
1180	253
1179	249
1178	253
1177	253
1176	247
1175	253
1174	251
1173	247
1172	251
1171	250
1170	246
1169	251
1168	250
1167	247
1166	251
1165	249
1164	248
1163	251
1162	249
1161	249
1160	253
1159	249
1158	249
1157	254
1156	250
1155	251
1154	255
1153	251
1152	253
1151	257
1150	255
1149	254
1148	258
1147	257
1146	254
1145	259
1144	261
1143	259
1142	259
1141	263
1140	264
1139	261
1138	263
1137	267
1136	266
1135	264
1134	266
1133	270
1132	269
1131	267
1130	270
1129	273
1128	271
1127	271
1126	275
1125	277
1124	275
1123	275
1122	279
1121	281
1120	279
1119	281
1118	285
1117	285
1116	283
1115	286
1114	289
1113	289
1112	287
1111	291
1110	293
1109	293
1108	291
1107	295
1106	298
1105	297
1104	297
1103	301
1102	303
1101	301
1100	303
1099	307
1098	308
1097	307
1096	308
1095	313
1094	313
1093	311
1092	314
1091	317
1090	317
1089	316
1088	319
1087	323
1086	322
1085	321
1084	325
1083	328
1082	326
1081	327
1080	331
1079	333
1078	331
1077	334
1076	337
1075	338
1074	337
1073	339
1072	343
1071	343
1070	342
1069	345
1068	349
1067	347
1066	348
1065	351
1064	353
1063	353
1062	353
1061	358
1060	359
1059	358
1058	359
1057	363
1056	363
1055	363
1054	365
1053	368
1052	368
1051	368
1050	371
1049	374
1048	373
1047	373
1046	377
1045	379
1044	377
1043	378
1042	382
1041	383
1040	381
1039	383
1038	387
1037	387
1036	386
1035	388
1034	391
1033	391
1032	390
1031	392
1030	395
1029	394
1028	394
1027	397
1026	398
1025	398
1024	398
1023	401
1022	402
1021	401
1020	403
1019	405
1018	406
1017	405
1016	407
1015	411
1014	410
1013	410
1012	413
1011	415
1010	414
1009	414
1008	417
1007	419
1006	417
1005	419
1004	421
1003	423
1002	421
1001	423
1000	425
999	426
998	425
997	429
996	427
995	429
994	430
993	429
992	433
991	432
990	433
989	435
988	434
987	436
986	437
985	437
984	440
983	438
982	440
981	441
980	440
979	443
978	442
977	443
976	445
975	443
974	446
973	445
972	446
971	448
970	447
969	449
968	449
967	450
966	451
965	451
964	451
963	453
962	451
961	455
960	453
959	454
958	456
957	455
956	456
955	457
954	457
953	458
952	458
951	458
950	459
949	459
948	460
947	460
946	459
945	462
944	460
943	462
942	462
941	462
940	463
939	463
938	463
937	465
936	463
935	466
934	465
933	465
932	467
931	465
930	467
929	467
928	467
927	468
926	467
925	468
924	469
923	469
922	470
921	469
920	469
919	471
918	469
917	471
916	470
915	470
914	471
913	470
912	471
911	471
910	471
909	471
908	471
907	471
906	472
905	471
904	472
903	472
902	471
901	473
900	471
899	473
898	471
897	471
896	472
895	471
894	471
893	472
892	471
891	472
890	471
889	471
888	472
887	470
886	471
885	471
884	470
883	471
882	470
881	471
880	470
879	469
878	470
877	470
876	468
875	470
874	467
873	469
872	468
871	467
870	469
869	467
868	468
867	467
866	466
865	467
864	466
863	465
862	466
861	465
860	465
859	466
858	463
857	465
856	463
855	463
854	463
853	462
852	463
851	461
850	462
849	461
848	461
847	461
846	461
845	459
844	461
843	458
842	460
841	459
840	457
839	459
838	456
837	457
836	457
835	455
834	457
833	455
832	455
831	455
830	453
829	455
828	453
827	453
826	453
825	452
824	452
823	452
822	449
821	452
820	450
819	450
818	450
817	447
816	449
815	448
814	447
813	447
812	445
811	446
810	446
809	444
808	446
807	443
806	445
805	444
804	443
803	443
802	442
801	441
800	442
799	439
798	440
797	440
796	438
795	439
794	437
793	438
792	437
791	435
790	437
789	435
788	434
787	435
786	433
785	434
784	433
783	431
782	433
781	430
780	431
779	431
778	429
777	430
776	429
775	428
774	429
773	425
772	427
771	426
770	425
769	427
768	423
767	425
766	424
765	423
764	424
763	423
762	422
761	423
760	420
759	423
758	421
757	421
756	421
755	419
754	419
753	420
752	417
751	420
750	417
749	418
748	419
747	416
746	419
745	415
744	417
743	417
742	415
741	417
740	415
739	415
738	417
737	414
736	415
735	415
734	414
733	415
732	414
731	415
730	415
729	413
728	415
727	414
726	414
725	415
724	413
723	415
722	415
721	414
720	415
719	414
718	415
717	417
716	414
715	417
714	414
713	415
712	417
711	415
710	417
709	416
708	415
707	417
706	415
705	417
704	417
703	416
702	418
701	417
700	417
699	419
698	417
697	419
696	419
695	418
694	421
693	419
692	421
691	421
690	421
689	423
688	421
687	422
686	423
685	422
684	425
683	424
682	424
681	426
680	424
679	427
678	427
677	427
676	429
675	427
674	429
673	431
672	429
671	433
670	431
669	433
668	433
667	433
666	435
665	436
664	435
663	437
662	436
661	438
660	439
659	438
658	441
657	440
656	441
655	443
654	442
653	444
652	444
651	444
650	447
649	445
648	447
647	449
646	447
645	451
644	450
643	452
642	453
641	452
640	455
639	454
638	456
637	457
636	456
635	458
634	458
633	459
632	460
631	461
630	461
629	463
628	462
627	465
626	464
625	465
624	467
623	466
622	469
621	469
620	470
619	471
618	471
617	473
616	475
615	473
614	477
613	476
612	477
611	479
610	479
609	481
608	481
607	482
606	483
605	484
604	485
603	487
602	487
601	489
600	489
599	490
598	492
597	491
596	493
595	494
594	495
593	496
592	497
591	497
590	499
589	498
588	501
587	499
586	355
585	500
584	503
583	505
582	506
581	506
580	507
579	382
578	275
577	231
576	203
575	235
574	299
573	301
572	305
571	485
570	433
569	281
568	220
567	212
566	313
565	513
564	518
563	521
562	521
561	522
560	523
559	523
558	525
557	526
556	527
555	529
554	529
553	530
552	531
551	531
550	533
549	533
548	534
547	535
546	535
545	537
544	537
543	537
542	539
541	538
540	541
539	540
538	541
537	542
536	542
535	543
534	541
533	325
532	355
531	539
530	547
529	548
528	549
527	551
526	552
525	552
524	554
523	553
522	555
521	555
520	556
519	557
518	557
517	557
516	555
515	303
514	255
513	555
512	561
511	563
510	562
509	565
508	564
507	566
506	566
505	567
504	567
503	569
502	567
501	569
500	569
499	570
498	571
497	571
496	572
495	572
494	573
493	574
492	574
491	279
490	271
489	255
488	570
487	575
486	577
485	577
484	578
483	438
482	555
481	578
480	580
479	579
478	575
477	560
476	576
475	258
474	244
473	275
472	289
471	275
470	293
469	472
468	476
467	486
466	508
465	354
464	363
463	365
462	509
461	519
460	419
459	585
458	589
457	383
456	526
455	515
454	572
453	580
452	586
451	394
450	311
449	419
448	519
447	385
446	429
445	375
444	371
443	491
442	549
441	570
440	593
439	593
438	594
437	595
436	595
435	595
434	595
433	571
432	594
431	597
430	597
429	598
428	597
427	598
426	597
425	598
424	598
423	599
422	599
421	599
420	599
419	600
418	599
417	600
416	600
415	600
414	601
413	600
412	601
411	601
410	602
409	601
408	602
407	601
406	603
405	602
404	603
403	603
402	603
401	603
400	603
399	603
398	604
397	603
396	604
395	603
394	601
393	602
392	575
391	501
390	561
389	355
388	466
387	374
386	485
385	450
384	443
383	447
382	335
381	329
380	383
379	367
378	375
377	471
376	478
375	355
374	323
373	305
372	271
371	252
370	289
369	259
368	282
367	453
366	604
365	589
364	602
363	610
362	610
361	610
360	611
359	611
358	611
357	611
356	611
355	611
354	611
353	611
352	611
351	612
350	611
349	613
348	612
347	613
346	613
345	614
344	613
343	613
342	614
341	615
340	614
339	615
338	615
337	615
336	615
335	615
334	615
333	615
332	616
331	615
330	616
329	616
328	617
327	617
326	617
325	617
324	617
323	618
322	617
321	618
320	618
319	618
318	618
317	619
316	619
315	620
314	618
313	620
312	619
311	620
310	620
309	619
308	620
307	621
306	621
305	621
304	621
303	621
302	622
301	621
300	622
299	621
298	622
297	622
296	623
295	623
294	624
293	623
292	625
291	623
290	624
289	624
288	624
287	625
286	625
285	625
284	626
283	625
282	626
281	626
280	627
279	627
278	627
277	627
276	628
275	627
274	629
273	628
272	629
271	629
270	629
269	629
268	630
267	629
266	631
265	630
264	631
263	631
262	631
261	631
260	632
259	632
258	633
257	633
256	633
255	633
254	634
253	634
252	634
251	634
250	635
249	636
248	635
247	635
246	635
245	637
244	637
243	637
242	637
241	637
240	638
239	639
238	638
237	639
236	639
235	639
234	640
233	639
232	639
231	639
230	641
229	641
228	641
227	641
226	642
225	642
224	643
223	643
222	643
221	643
220	643
219	645
218	645
217	645
216	645
215	646
214	646
213	647
212	647
211	647
210	647
209	648
208	648
207	649
206	649
205	649
204	650
203	650
202	651
201	651
200	652
199	651
198	652
197	653
196	653
195	654
194	654
193	654
192	655
191	655
190	655
189	657
188	656
187	657
186	657
185	659
184	658
183	659
182	658
181	659
180	660
179	661
178	661
177	661
176	661
175	662
174	663
173	663
172	663
171	663
170	664
169	664
168	664
167	665
166	665
165	666
164	667
163	667
162	667
161	667
160	667
159	668
158	669
157	669
156	669
155	669
154	669
153	671
152	671
151	671
150	671
149	671
148	671
147	673
146	673
145	673
144	673
143	673
142	675
141	675
140	675
139	675
138	675
137	677
136	677
135	677
134	677
133	678
132	679
131	679
130	679
129	679
128	679
127	681
126	681
125	681
124	681
123	682
122	683
121	684
120	684
119	685
118	685
117	685
116	685
115	685
114	686
113	687
112	686
111	686
110	687
109	687
108	687
107	687
106	687
105	688
104	689
103	689
102	691
101	691
100	691
99	691
98	693
97	693
96	693
95	693
94	695
93	694
92	694
91	695
90	695
89	695
88	695
87	695
86	695
85	695
84	695
83	695
82	695
81	696
80	695
79	696
78	696
77	696
76	697
75	697
74	697
73	697
72	699
71	699
70	699
69	700
68	699
67	700
66	701
65	701
64	701
63	701
62	703
61	703
60	702
59	703
58	703
57	703
56	703
55	703
54	703
53	703
52	704
51	703
50	703
49	705
48	703
47	703
46	704
45	705
44	703
43	704
42	705
41	704
40	704
39	705
38	703
37	703
36	705
35	705
34	703
33	705
32	705
31	703
30	705
29	703
28	703
27	704
26	703
25	705
24	703
23	703
22	705
21	704
20	703
19	705
18	705
17	703
16	704
15	705
14	704
13	704
12	705
11	704
10	704
9	705
8	705
7	703
6	703
5	704
4	705
3	705
2	705
1	704
0	703
-1	705
-2	704
-3	705
-4	704
-5	705
-6	703
-7	703
-8	705
-9	703
-10	705
-11	705
-12	704
-13	705
-14	705
-15	705
-16	703
-17	703
-18	703
-19	703
-20	703
-21	703
-22	703
-23	703
-24	703
-25	703
-26	703
-27	703
-28	703
-29	703
-30	703
-31	703
-32	703
-33	703
-34	704
-35	705
-36	704
-37	705
-38	705
-39	704
-40	704
-41	703
-42	703
-43	703
-44	703
-45	703
-46	703
-47	703
-48	703
-49	703
-50	703
-51	703
-52	703
-53	703
-54	703
-55	703
-56	703
-57	703
-58	702
-59	702
-60	701
-61	701
-62	701
-63	701
-64	701
-65	701
-66	700
-67	700
-68	699
-69	699
-70	699
-71	699
-72	699
-73	699
-74	697
-75	697
-76	697
-77	697
-78	698
-79	697
-80	697
-81	697
-82	697
-83	696
-84	696
-85	695
-86	695
-87	695
-88	695
-89	695
-90	695
-91	695
-92	695
-93	695
-94	695
-95	695
-96	695
-97	695
-98	695
-99	695
-100	695
-101	694
-102	695
-103	693
-104	694
-105	693
-106	694
-107	693
-108	693
-109	692
-110	691
-111	691
-112	691
-113	691
-114	690
-115	690
-116	689
-117	689
-118	688
-119	689
-120	687
-121	688
-122	688
-123	687
-124	688
-125	687
-126	687
-127	687
-128	686
-129	687
-130	686
-131	687
-132	686
-133	686
-134	685
-135	685
-136	685
-137	685
-138	684
-139	684
-140	683
-141	683
-142	683
-143	681
-144	682
-145	681
-146	682
-147	681
-148	680
-149	680
-150	680
-151	680
-152	679
-153	679
-154	679
-155	679
-156	679
-157	679
-158	677
-159	679
-160	677
-161	677
-162	677
-163	676
-164	675
-165	675
-166	675
-167	675
-168	675
-169	674
-170	674
-171	673
-172	673
-173	673
-174	673
-175	672
-176	673
-177	672
-178	671
-179	672
-180	671
-181	671
-182	671
-183	671
-184	670
-185	669
-186	669
-187	669
-188	668
-189	668
-190	667
-191	667
-192	667
-193	666
-194	667
-195	665
-196	666
-197	665
-198	665
-199	665
-200	663
-201	664
-202	663
-203	663
-204	662
-205	662
-206	661
-207	662
-208	660
-209	661
-210	660
-211	659
-212	659
-213	659
-214	659
-215	658
-216	659
-217	658
-218	657
-219	657
-220	656
-221	657
-222	655
-223	655
-224	655
-225	655
-226	655
-227	655
-228	654
-229	654
-230	653
-231	653
-232	653
-233	652
-234	653
-235	651
-236	652
-237	651
-238	651
-239	650
-240	650
-241	650
-242	649
-243	649
-244	649
-245	648
-246	649
-247	648
-248	648
-249	647
-250	647
-251	647
-252	646
-253	647
-254	646
-255	646
-256	645
-257	646
-258	645
-259	644
-260	644
-261	644
-262	643
-263	643
-264	643
-265	643
-266	643
-267	642
-268	642
-269	642
-270	641
-271	641
-272	641
-273	639
-274	639
-275	639
-276	639
-277	639
-278	639
-279	639
-280	638
-281	638
-282	637
-283	637
-284	637
-285	637
-286	636
-287	637
-288	636
-289	635
-290	635
-291	636
-292	634
-293	635
-294	634
-295	635
-296	634
-297	633
-298	633
-299	633
-300	634
-301	633
-302	632
-303	633
-304	633
-305	633
-306	632
-307	631
-308	631
-309	631
-310	632
-311	631
-312	631
-313	631
-314	630
-315	630
-316	631
-317	630
-318	629
-319	629
-320	629
-321	629
-322	629
-323	629
-324	629
-325	629
-326	629
-327	628
-328	627
-329	629
-330	628
-331	627
-332	627
-333	627
-334	627
-335	627
-336	627
-337	626
-338	627
-339	627
-340	626
-341	626
-342	627
-343	627
-344	626
-345	625
-346	625
-347	625
-348	626
-349	625
-350	625
-351	625
-352	625
-353	625
-354	625
-355	624
-356	625
-357	625
-358	624
-359	624
-360	625
-361	625
-362	623
-363	624
-364	623
-365	623
-366	624
-367	623
-368	623
-369	623
-370	624
-371	623
-372	623
-373	623
-374	623
-375	623
-376	623
-377	622
-378	623
-379	623
-380	621
-381	621
-382	622
-383	622
-384	621
-385	621
-386	621
-387	621
-388	621
-389	621
-390	621
-391	621
-392	621
-393	621
-394	620
-395	621
-396	620
-397	621
-398	620
-399	619
-400	619
-401	621
-402	619
-403	619
-404	619
-405	619
-406	619
-407	619
-408	619
-409	619
-410	619
-411	618
-412	617
-413	619
-414	618
-415	617
-416	617
-417	618
-418	617
-419	617
-420	617
-421	617
-422	616
-423	616
-424	615
-425	616
-426	615
-427	615
-428	614
-429	615
-430	614
-431	614
-432	614
-433	614
-434	614
-435	613
-436	613
-437	613
-438	613
-439	613
-440	611
-441	612
-442	612
-443	611
-444	611
-445	611
-446	611
-447	610
-448	611
-449	610
-450	609
-451	609
-452	609
-453	609
-454	609
-455	607
-456	607
-457	608
-458	607
-459	606
-460	607
-461	607
-462	606
-463	606
-464	605
-465	605
-466	605
-467	605
-468	604
-469	604
-470	605
-471	603
-472	603
-473	603
-474	603
-475	603
-476	603
-477	602
-478	602
-479	602
-480	601
-481	601
-482	601
-483	601
-484	600
-485	600
-486	599
-487	599
-488	599
-489	599
-490	597
-491	598
-492	599
-493	597
-494	597
-495	597
-496	597
-497	596
-498	596
-499	595
-500	595
-501	595
-502	594
-503	593
-504	593
-505	593
-506	593
-507	592
-508	591
-509	591
-510	591
-511	591
-512	589
-513	590
-514	590
-515	588
-516	588
-517	589
-518	587
-519	587
-520	587
-521	586
-522	586
-523	585
-524	584
-525	583
-526	584
-527	583
-528	582
-529	582
-530	582
-531	581
-532	580
-533	580
-534	579
-535	579
-536	578
-537	577
-538	577
-539	577
-540	575
-541	575
-542	575
-543	573
-544	573
-545	573
-546	573
-547	572
-548	571
-549	571
-550	571
-551	570
-552	569
-553	568
-554	569
-555	567
-556	566
-557	566
-558	566
-559	565
-560	565
-561	563
-562	563
-563	563
-564	563
-565	561
-566	561
-567	561
-568	559
-569	559
-570	559
-571	559
-572	557
-573	557
-574	557
-575	556
-576	555
-577	554
-578	554
-579	553
-580	553
-581	551
-582	552
-583	551
-584	549
-585	549
-586	549
-587	547
-588	546
-589	546
-590	545
-591	543
-592	543
-593	542
-594	542
-595	541
-596	539
-597	538
-598	539
-599	537
-600	535
-601	535
-602	535
-603	533
-604	533
-605	531
-606	530
-607	531
-608	529
-609	527
-610	527
-611	527
-612	525
-613	524
-614	523
-615	521
-616	521
-617	521
-618	519
-619	518
-620	519
-621	517
-622	515
-623	515
-624	513
-625	513
-626	511
-627	511
-628	509
-629	510
-630	508
-631	506
-632	506
-633	506
-634	503
-635	503
-636	503
-637	501
-638	500
-639	500
-640	498
-641	498
-642	497
-643	495
-644	495
-645	495
-646	492
-647	491
-648	492
-649	489
-650	489
-651	489
-652	487
-653	485
-654	486
-655	485
-656	483
-657	483
-658	482
-659	481
-660	480
-661	478
-662	476
-663	477
-664	475
-665	473
-666	473
-667	472
-668	470
-669	470
-670	469
-671	466
-672	466
-673	466
-674	463
-675	462
-676	462
-677	461
-678	459
-679	459
-680	457
-681	456
-682	455
-683	453
-684	451
-685	453
-686	451
-687	449
-688	450
-689	449
-690	446
-691	447
-692	447
-693	443
-694	444
-695	445
-696	441
-697	441
-698	441
-699	439
-700	439
-701	439
-702	437
-703	437
-704	438
-705	435
-706	434
-707	436
-708	434
-709	432
-710	433
-711	433
-712	431
-713	431
-714	431
-715	429
-716	431
-717	429
-718	427
-719	429
-720	429
-721	427
-722	428
-723	429
-724	425
-725	427
-726	428
-727	426
-728	426
-729	427
-730	425
-731	425
-732	427
-733	425
-734	424
-735	427
-736	425
-737	424
-738	426
-739	426
-740	425
-741	426
-742	425
-743	424
-744	427
-745	427
-746	425
-747	426
-748	427
-749	425
-750	426
-751	427
-752	425
-753	427
-754	428
-755	426
-756	427
-757	429
-758	427
-759	427
-760	429
-761	428
-762	429
-763	430
-764	429
-765	428
-766	431
-767	431
-768	429
-769	431
-770	431
-771	430
-772	431
-773	432
-774	431
-775	433
-776	433
-777	431
-778	433
-779	435
-780	433
-781	433
-782	437
-783	435
-784	434
-785	437
-786	437
-787	436
-788	437
-789	437
-790	437
-791	439
-792	439
-793	437
-794	440
-795	441
-796	439
-797	441
-798	442
-799	441
-800	442
-801	443
-802	443
-803	444
-804	445
-805	444
-806	445
-807	447
-808	445
-809	445
-810	448
-811	447
-812	447
-813	449
-814	450
-815	449
-816	450
-817	451
-818	450
-819	452
-820	452
-821	452
-822	454
-823	454
-824	453
-825	454
-826	456
-827	455
-828	455
-829	457
-830	457
-831	457
-832	458
-833	458
-834	458
-835	460
-836	459
-837	459
-838	461
-839	461
-840	461
-841	462
-842	462
-843	461
-844	463
-845	463
-846	462
-847	464
-848	465
-849	463
-850	465
-851	466
-852	465
-853	465
-854	467
-855	466
-856	467
-857	467
-858	467
-859	467
-860	469
-861	468
-862	467
-863	469
-864	469
-865	469
-866	470
-867	470
-868	469
-869	471
-870	470
-871	469
-872	471
-873	472
-874	471
-875	471
-876	472
-877	471
-878	472
-879	473
-880	472
-881	471
-882	474
-883	473
-884	471
-885	473
-886	473
-887	473
-888	474
-889	474
-890	473
-891	474
-892	475
-893	473
-894	474
-895	475
-896	474
-897	473
-898	475
-899	475
-900	474
-901	475
-902	475
-903	475
-904	476
-905	475
-906	474
-907	476
-908	476
-909	474
-910	475
-911	477
-912	475
-913	475
-914	476
-915	475
-916	476
-917	477
-918	475
-919	475
-920	476
-921	476
-922	475
-923	476
-924	475
-925	475
-926	476
-927	475
-928	474
-929	476
-930	476
-931	474
-932	475
-933	475
-934	474
-935	475
-936	475
-937	474
-938	474
-939	475
-940	475
-941	473
-942	474
-943	474
-944	473
-945	474
-946	473
-947	473
-948	473
-949	473
-950	471
-951	472
-952	473
-953	471
-954	471
-955	472
-956	471
-957	471
-958	472
-959	471
-960	469
-961	471
-962	471
-963	469
-964	469
-965	469
-966	468
-967	469
-968	469
-969	467
-970	468
-971	468
-972	466
-973	467
-974	467
-975	466
-976	466
-977	467
-978	465
-979	464
-980	465
-981	464
-982	463
-983	464
-984	463
-985	462
-986	463
-987	462
-988	461
-989	462
-990	461
-991	459
-992	459
-993	460
-994	458
-995	458
-996	458
-997	456
-998	456
-999	456
-1000	454
-1001	453
-1002	453
-1003	454
-1004	452
-1005	450
-1006	450
-1007	450
-1008	450
-1009	449
-1010	447
-1011	447
-1012	447
-1013	446
-1014	445
-1015	444
-1016	443
-1017	443
-1018	443
-1019	443
-1020	441
-1021	439
-1022	439
-1023	439
-1024	439
-1025	437
-1026	435
-1027	435
-1028	435
-1029	434
-1030	433
-1031	431
-1032	431
-1033	431
-1034	430
-1035	429
-1036	427
-1037	427
-1038	426
-1039	426
-1040	425
-1041	423
-1042	421
-1043	421
-1044	421
-1045	420
-1046	418
-1047	417
-1048	417
-1049	417
-1050	415
-1051	413
-1052	413
-1053	412
-1054	412
-1055	411
-1056	409
-1057	406
-1058	407
-1059	407
-1060	405
-1061	403
-1062	401
-1063	401
-1064	401
-1065	399
-1066	397
-1067	394
-1068	394
-1069	394
-1070	393
-1071	390
-1072	387
-1073	387
-1074	388
-1075	386
-1076	383
-1077	380
-1078	380
-1079	380
-1080	378
-1081	375
-1082	373
-1083	371
-1084	371
-1085	371
-1086	369
-1087	365
-1088	364
-1089	365
-1090	363
-1091	361
-1092	357
-1093	356
-1094	357
-1095	357
-1096	354
-1097	350
-1098	349
-1099	350
-1100	349
-1101	347
-1102	343
-1103	342
-1104	342
-1105	341
-1106	338
-1107	335
-1108	334
-1109	335
-1110	334
-1111	331
-1112	327
-1113	326
-1114	326
-1115	326
-1116	325
-1117	321
-1118	319
-1119	319
-1120	319
-1121	317
-1122	314
-1123	312
-1124	311
-1125	313
-1126	311
-1127	309
-1128	306
-1129	305
-1130	307
-1131	306
-1132	303
-1133	300
-1134	299
-1135	301
-1136	301
-1137	299
-1138	295
-1139	295
-1140	297
-1141	297
-1142	295
-1143	291
-1144	290
-1145	293
-1146	293
-1147	291
-1148	287
-1149	287
-1150	289
-1151	290
-1152	289
-1153	285
-1154	285
-1155	286
-1156	287
-1157	287
-1158	283
-1159	282
-1160	284
-1161	286
-1162	285
-1163	282
-1164	281
-1165	283
-1166	285
-1167	284
-1168	282
-1169	280
-1170	282
-1171	284
-1172	284
-1173	282
-1174	280
-1175	281
-1176	283
-1177	284
-1178	283
-1179	281
-1180	281
-1181	283
-1182	285
-1183	284
-1184	282
-1185	281
-1186	284
-1187	287
-1188	286
-1189	283
-1190	282
-1191	286
-1192	289
-1193	287
-1194	285
-1195	286
-1196	287
-1197	291
-1198	290
-1199	289
-1200	287
-1201	290
-1202	293
-1203	293
-1204	293
-1205	291
-1206	293
-1207	297
-1208	298
-1209	297
-1210	295
-1211	297
-1212	300
-1213	303
-1214	301
-1215	299
-1216	301
-1217	304
-1218	307
-1219	306
-1220	303
-1221	305
-1222	308
-1223	311
-1224	310
-1225	309
-1226	309
-1227	312
-1228	315
-1229	315
-1230	313
-1231	314
-1232	316
-1233	319
-1234	319
-1235	319
-1236	319
-1237	319
-1238	323
-1239	325
-1240	324
-1241	323
-1242	325
-1243	328
-1244	329
-1245	329
-1246	328
-1247	329
-1248	332
-1249	334
-1250	334
-1251	332
-1252	333
-1253	336
-1254	338
-1255	339
-1256	336
-1257	337
-1258	339
-1259	342
-1260	343
-1261	341
-1262	340
-1263	343
-1264	346
-1265	346
-1266	344
-1267	344
-1268	347
-1269	349
-1270	349
-1271	348
-1272	347
-1273	350
-1274	351
-1275	353
-1276	351
-1277	351
-1278	351
-1279	354
-1280	355
-1281	355
-1282	354
-1283	354
-1284	357
-1285	359
-1286	358
-1287	357
-1288	357
-1289	359
-1290	361
-1291	361
-1292	359
-1293	359
-1294	362
-1295	364
-1296	363
-1297	362
-1298	362
-1299	365
-1300	367
-1301	366
-1302	365
-1303	365
-1304	367
-1305	369
-1306	369
-1307	367
-1308	367
-1309	371
-1310	372
-1311	371
-1312	369
-1313	371
-1314	373
-1315	374
-1316	373
-1317	372
-1318	373
-1319	375
-1320	376
-1321	375
-1322	375
-1323	375
-1324	377
-1325	378
-1326	377
-1327	377
-1328	377
-1329	378
-1330	379
-1331	379
-1332	378
-1333	378
-1334	379
-1335	381
-1336	381
-1337	380
-1338	379
-1339	381
-1340	383
-1341	383
-1342	381
-1343	380
-1344	382
-1345	383
-1346	383
-1347	382
-1348	381
-1349	383
-1350	385
-1351	385
-1352	383
-1353	382
-1354	383
-1355	387
-1356	386
-1357	383
-1358	383
-1359	383
-1360	387
-1361	387
-1362	383
-1363	383
-1364	385
-1365	387
-1366	387
-1367	385
-1368	383
-1369	385
-1370	387
-1371	388
-1372	386
-1373	383
-1374	385
-1375	387
-1376	388
-1377	385
-1378	383
-1379	385
-1380	387
-1381	387
-1382	386
-1383	383
-1384	386
-1385	387
-1386	387
-1387	386
-1388	383
-1389	385
-1390	386
-1391	387
-1392	385
-1393	383
-1394	383
-1395	385
-1396	385
-1397	383
-1398	382
-1399	382
-1400	383
-1401	385
-1402	383
-1403	381
-1404	381
-1405	383
-1406	383
-1407	382
-1408	379
-1409	379
-1410	381
-1411	381
-1412	381
-1413	379
-1414	377
-1415	379
-1416	379
-1417	379
-1418	376
-1419	375
-1420	376
-1421	378
-1422	377
-1423	374
-1424	373
-1425	375
-1426	375
-1427	375
-1428	372
-1429	371
-1430	371
-1431	372
-1432	371
-1433	369
-1434	368
-1435	369
-1436	369
-1437	369
-1438	367
-1439	365
-1440	365
-1441	366
-1442	366
-1443	364
-1444	363
-1445	362
-1446	363
-1447	363
-1448	362
-1449	359
-1450	359
-1451	360
-1452	360
-1453	359
-1454	355
-1455	355
-1456	357
-1457	357
-1458	354
-1459	351
-1460	351
-1461	353
-1462	353
-1463	349
-1464	346
-1465	346
-1466	348
-1467	348
-1468	344
-1469	341
-1470	341
-1471	342
-1472	341
-1473	339
-1474	336
-1475	335
-1476	335
-1477	335
-1478	333
-1479	330
-1480	328
-1481	330
-1482	330
-1483	326
-1484	322
-1485	321
-1486	323
-1487	322
-1488	319
-1489	315
-1490	315
-1491	315
-1492	315
-1493	312
-1494	309
-1495	307
-1496	307
-1497	307
-1498	305
-1499	301
-1500	299
-1501	299
-1502	299
-1503	297
-1504	294
-1505	291
-1506	291
-1507	291
-1508	289
-1509	286
-1510	282
-1511	283
-1512	283
-1513	281
-1514	277
-1515	274
-1516	274
-1517	275
-1518	274
-1519	269
-1520	265
-1521	265
-1522	266
-1523	265
-1524	261
-1525	257
-1526	255
-1527	257
-1528	255
-1529	250
-1530	249
-1531	251
-1532	247
-1533	243
-1534	243
-1535	244
-1536	238
-1537	236
-1538	237
-1539	236
-1540	230
-1541	230
-1542	232
-1543	227
-1544	223
-1545	226
-1546	225
-1547	220
-1548	219
-1549	221
-1550	218
-1551	213
-1552	214
-1553	215
-1554	211
-1555	207
-1556	210
-1557	210
-1558	205
-1559	203
-1560	205
-1561	203
-1562	198
-1563	199
-1564	202
-1565	198
-1566	194
-1567	197
-1568	196
-1569	191
-1570	191
-1571	193
-1572	191
-1573	187
-1574	187
-1575	190
-1576	185
-1577	183
-1578	185
-1579	185
-1580	179
-1581	179
-1582	182
-1583	179
-1584	174
-1585	177
-1586	179
-1587	175
-1588	171
-1589	175
-1590	175
-1591	170
-1592	169
-1593	173
-1594	171
-1595	167
-1596	169
-1597	172
-1598	167
-1599	165
-1600	169
-1601	170
-1602	165
-1603	165
-1604	169
-1605	169
-1606	165
-1607	167
-1608	169
-1609	166
-1610	164
-1611	169
-1612	169
-1613	165
-1614	167
-1615	171
-1616	168
-1617	165
-1618	169
-1619	172
-1620	169
-1621	169
-1622	173
-1623	173
-1624	169
-1625	173
-1626	177
-1627	174
-1628	173
-1629	178
-1630	179
-1631	177
-1632	178
-1633	183
-1634	181
-1635	179
-1636	183
-1637	187
-1638	185
-1639	184
-1640	189
-1641	191
-1642	187
-1643	189
-1644	195
-1645	193
-1646	191
-1647	197
-1648	199
-1649	196
-1650	197
-1651	202
-1652	203
-1653	199
-1654	203
-1655	207
-1656	206
-1657	205
-1658	209
-1659	211
-1660	209
-1661	209
-1662	215
-1663	215
-1664	212
-1665	217
-1666	219
-1667	217
-1668	216
-1669	221
-1670	222
-1671	220
-1672	222
-1673	227
-1674	226
-1675	223
-1676	227
-1677	230
-1678	227
-1679	227
-1680	232
-1681	234
-1682	231
-1683	233
-1684	237
-1685	235
-1686	233
-1687	238
-1688	241
-1689	239
-1690	239
-1691	244
-1692	243
-1693	241
-1694	243
-1695	247
-1696	246
-1697	245
-1698	249
-1699	253
-1700	249
-1701	249
-1702	254
-1703	254
-1704	251
-1705	255
-1706	259
-1707	259
-1708	255
-1709	258
-1710	261
-1711	263
-1712	262
-1713	261
-1714	262
-1715	265
-1716	267
-1717	267
-1718	265
-1719	266
-1720	269
-1721	272
-1722	271
-1723	270
-1724	269
-1725	273
-1726	277
-1727	276
-1728	274
-1729	274
-1730	277
-1731	280
-1732	280
-1733	278
-1734	278
-1735	281
-1736	284
-1737	285
-1738	283
-1739	281
-1740	284
-1741	287
-1742	287
-1743	287
-1744	285
-1745	287
-1746	290
-1747	291
-1748	290
-1749	289
-1750	289
-1751	292
-1752	294
-1753	293
-1754	291
-1755	293
-1756	295
-1757	297
-1758	297
-1759	295
-1760	294
-1761	297
-1762	299
-1763	299
-1764	298
-1765	297
-1766	299
-1767	302
-1768	301
-1769	299
-1770	298
-1771	301
-1772	303
-1773	303
-1774	301
-1775	299
-1776	301
-1777	304
-1778	305
-1779	303
-1780	302
-1781	303
-1782	305
-1783	307
-1784	306
-1785	304
-1786	304
-1787	307
-1788	308
-1789	308
-1790	306
-1791	306
-1792	307
-1793	310
-1794	309
-1795	308
-1796	307
-1797	309
-1798	311
-1799	311
-1800	309
-1801	307
-1802	309
-1803	311
-1804	312
-1805	309
-1806	307
-1807	309
-1808	312
-1809	314
-1810	311
-1811	309
-1812	309
-1813	313
-1814	313
-1815	311
-1816	309
-1817	309
-1818	311
-1819	313
-1820	311
-1821	309
-1822	309
-1823	311
-1824	313
-1825	312
-1826	309
-1827	309
-1828	311
-1829	313
-1830	311
-1831	309
-1832	308
-1833	309
-1834	311
-1835	311
-1836	309
-1837	306
-1838	307
-1839	309
-1840	311
-1841	308
-1842	305
-1843	306
-1844	309
-1845	310
-1846	307
-1847	304
-1848	305
-1849	307
-1850	309
-1851	306
-1852	302
-1853	302
-1854	305
-1855	306
-1856	304
-1857	301
-1858	301
-1859	303
-1860	305
-1861	303
-1862	299
-1863	298
-1864	301
-1865	302
-1866	300
-1867	297
-1868	295
-1869	297
-1870	297
-1871	297
-1872	295
-1873	292
-1874	293
-1875	295
-1876	294
-1877	291
-1878	287
-1879	289
-1880	290
-1881	290
-1882	287
-1883	284
-1884	283
-1885	285
-1886	286
-1887	283
-1888	280
-1889	279
-1890	281
-1891	281
-1892	279
-1893	276
-1894	274
-1895	275
-1896	276
-1897	275
-1898	271
-1899	269
-1900	270
-1901	271
-1902	270
-1903	267
-1904	264
-1905	264
-1906	266
-1907	265
-1908	262
-1909	259
-1910	257
-1911	259
-1912	259
-1913	255
-1914	253
-1915	255
-1916	255
-1917	251
-1918	249
-1919	251
-1920	249
-1921	243
-1922	244
-1923	247
-1924	243
-1925	239
-1926	241
-1927	241
-1928	237
-1929	235
-1930	238
-1931	235
-1932	230
-1933	231
-1934	232
-1935	227
-1936	225
-1937	227
-1938	227
-1939	222
-1940	222
-1941	223
-1942	220
-1943	215
-1944	217
-1945	218
-1946	213
-1947	210
-1948	213
-1949	211
-1950	207
-1951	207
-1952	209
-1953	205
-1954	201
-1955	204
-1956	203
-1957	198
-1958	197
-1959	200
-1960	198
-1961	194
-1962	195
-1963	197
-1964	191
-1965	189
-1966	193
-1967	191
-1968	187
-1969	186
-1970	189
-1971	185
-1972	181
-1973	184
-1974	185
-1975	181
-1976	177
-1977	181
-1978	179
-1979	173
-1980	173
-1981	175
-1982	173
-1983	169
-1984	171
-1985	171
-1986	165
-1987	164
-1988	167
-1989	165
-1990	162
-1991	161
-1992	164
-1993	159
-1994	155
-1995	159
-1996	159
-1997	154
-1998	152
-1999	155
-2000	153
-2001	148
-2002	149
-2003	153
-2004	148
-2005	145
-2006	147
-2007	148
-2008	142
-2009	142
-2010	146
-2011	143
-2012	138
-2013	141
-2014	142
-2015	138
-2016	135
-2017	139
-2018	139
-2019	135
-2020	133
-2021	138
-2022	135
-2023	131
-2024	134
-2025	136
-2026	132
-2027	130
-2028	133
-2029	133
-2030	127
-2031	129
-2032	133
-2033	131
-2034	127
-2035	131
-2036	134
-2037	130
-2038	127
-2039	132
-2040	131
-2041	127
-2042	127
-2043	133
-2044	131
-2045	127
-2046	132
-2047	134
-2048	130
-2049	129
-2050	133
-2051	134
-2052	130
-2053	133
-2054	137
-2055	134
-2056	131
-2057	135
-2058	138
-2059	135
-2060	134
-2061	139
-2062	139
-2063	135
-2064	137
-2065	142
-2066	140
-2067	138
-2068	142
-2069	143
-2070	140
-2071	140
-2072	145
-2073	145
-2074	141
-2075	144
-2076	148
-2077	147
-2078	144
-2079	149
-2080	150
-2081	147
-2082	147
-2083	152
-2084	152
-2085	149
-2086	152
-2087	155
-2088	152
-2089	151
-2090	157
-2091	159
-2092	155
-2093	157
-2094	161
-2095	159
-2096	157
-2097	161
-2098	164
-2099	161
-2100	159
-2101	166
-2102	167
-2103	164
-2104	165
-2105	171
-2106	169
-2107	166
-2108	171
-2109	175
-2110	171
-2111	171
-2112	175
-2113	177
-2114	173
-2115	175
-2116	180
-2117	179
-2118	176
-2119	181
-2120	184
-2121	182
-2122	181
-2123	186
-2124	186
-2125	183
-2126	186
-2127	191
-2128	189
-2129	187
-2130	191
-2131	194
-2132	190
-2133	191
-2134	196
-2135	196
-2136	193
-2137	197
-2138	200
-2139	199
-2140	197
-2141	201
-2142	203
-2143	200
-2144	201
-2145	207
-2146	206
-2147	203
-2148	206
-2149	209
-2150	207
-2151	206
-2152	210
-2153	213
-2154	209
-2155	210
-2156	215
-2157	215
-2158	211
-2159	215
-2160	217
-2161	215
-2162	214
-2163	218
-2164	220
-2165	216
-2166	218
-2167	222
-2168	220
-2169	218
-2170	221
-2171	223
-2172	220
-2173	220
-2174	223
-2175	226
-2176	223
-2177	223
-2178	227
-2179	226
-2180	223
-2181	227
-2182	230
-2183	227
-2184	226
-2185	231
-2186	231
-2187	229
-2188	230
-2189	235
-2190	233
-2191	231
-2192	234
-2193	237
-2194	234
-2195	234
-2196	238
-2197	238
-2198	235
-2199	237
-2200	241
-2201	239
-2202	237
-2203	241
-2204	242
-2205	239
-2206	239
-2207	243
-2208	243
-2209	240
-2210	242
-2211	247
-2212	244
-2213	242
-2214	245
-2215	247
-2216	244
-2217	243
-2218	248
-2219	248
-2220	243
-2221	246
-2222	249
-2223	247
-2224	245
-2225	249
-2226	250
-2227	247
-2228	246
-2229	251
-2230	250
-2231	247
-2232	249
-2233	253
-2234	249
-2235	247
-2236	251
-2237	252
-2238	249
-2239	249
-2240	253
-2241	253
-2242	248
-2243	251
-2244	253
-2245	251
-2246	249
-2247	253
-2248	253
-2249	249
-2250	250
-2251	254
-2252	253
-2253	249
-2254	252
-2255	254
-2256	250
-2257	250
-2258	253
-2259	253
-2260	249
-2261	251
-2262	253
-2263	251
-2264	248
-2265	251
-2266	253
-2267	250
-2268	249
-2269	253
-2270	252
-2271	248
-2272	249
-2273	252
-2274	249
-2275	247
-2276	250
-2277	251
-2278	248
-2279	247
-2280	250
-2281	249
-2282	245
-2283	247
-2284	249
-2285	247
-2286	245
-2287	247
-2288	248
-2289	243
-2290	243
-2291	247
-2292	245
-2293	242
-2294	243
-2295	245
-2296	242
-2297	239
-2298	243
-2299	243
-2300	238
-2301	238
-2302	241
-2303	241
-2304	236
-2305	238
-2306	239
-2307	236
-2308	233
-2309	237
-2310	237
-2311	233
-2312	233
-2313	236
-2314	233
-2315	229
-2316	231
-2317	233
-2318	229
-2319	227
-2320	230
-2321	230
-2322	225
-2323	225
-2324	228
-2325	226
-2326	222
-2327	223
-2328	225
-2329	221
-2330	219
-2331	222
-2332	222
-2333	217
-2334	217
-2335	220
-2336	217
-2337	213
-2338	215
-2339	217
-2340	213
-2341	211
-2342	214
-2343	213
-2344	207
-2345	207
-2346	211
-2347	207
-2348	204
-2349	207
-2350	207
-2351	203
-2352	201
-2353	205
-2354	205
-2355	199
-2356	200
