-2300	229
-2299	229
-2298	227
-2297	223
-2296	227
-2295	229
-2294	226
-2293	223
-2292	229
-2291	229
-2290	225
-2289	227
-2288	231
-2287	229
-2286	227
-2285	232
-2284	235
-2283	231
-2282	230
-2281	234
-2280	233
-2279	230
-2278	231
-2277	234
-2276	232
-2275	228
-2274	232
-2273	235
-2272	230
-2271	230
-2270	233
-2269	233
-2268	229
-2267	230
-2266	233
-2265	232
-2264	228
-2263	231
-2262	234
-2261	230
-2260	229
-2259	234
-2258	233
-2257	229
-2256	230
-2255	234
-2254	231
-2253	229
-2252	231
-2251	233
-2250	229
-2249	229
-2248	234
-2247	233
-2246	229
-2245	231
-2244	235
-2243	231
-2242	229
-2241	233
-2240	233
-2239	230
-2238	229
-2237	235
-2236	233
-2235	229
-2234	233
-2233	235
-2232	232
-2231	230
-2230	235
-2229	235
-2228	231
-2227	232
-2226	236
-2225	235
-2224	231
-2223	235
-2222	239
-2221	235
-2220	233
-2219	239
-2218	239
-2217	235
-2216	237
-2215	241
-2214	239
-2213	237
-2212	239
-2211	243
-2210	241
-2209	237
-2208	243
-2207	245
-2206	239
-2205	241
-2204	245
-2203	243
-2202	239
-2201	243
-2200	246
-2199	243
-2198	242
-2197	245
-2196	247
-2195	243
-2194	243
-2193	249
-2192	247
-2191	243
-2190	247
-2189	249
-2188	246
-2187	245
-2186	249
-2185	249
-2184	246
-2183	245
-2182	249
-2181	249
-2180	245
-2179	247
-2178	250
-2177	247
-2176	245
-2175	249
-2174	249
-2173	246
-2172	245
-2171	249
-2170	249
-2169	245
-2168	245
-2167	250
-2166	247
-2165	243
-2164	247
-2163	250
-2162	245
-2161	245
-2160	249
-2159	248
-2158	244
-2157	246
-2156	249
-2155	247
-2154	245
-2153	247
-2152	249
-2151	248
-2150	249
-2149	257
-2148	259
-2147	262
-2146	261
-2145	265
-2144	271
-2143	274
-2142	275
-2141	274
-2140	275
-2139	280
-2138	281
-2137	280
-2136	277
-2135	277
-2134	278
-2133	280
-2132	277
-2131	271
-2130	269
-2129	269
-2128	269
-2127	265
-2126	259
-2125	253
-2124	253
-2123	250
-2122	242
-2121	237
-2120	237
-2119	231
-2118	223
-2117	221
-2116	222
-2115	215
-2114	207
-2113	209
-2112	209
-2111	205
-2110	202
-2109	207
-2108	207
-2107	204
-2106	209
-2105	215
-2104	215
-2103	215
-2102	225
-2101	230
-2100	230
-2099	235
-2098	241
-2097	246
-2096	246
-2095	251
-2094	258
-2093	260
-2092	261
-2091	262
-2090	267
-2089	271
-2088	271
-2087	270
-2086	269
-2085	272
-2084	274
-2083	273
-2082	271
-2081	268
-2080	267
-2079	267
-2078	265
-2077	260
-2076	255
-2075	255
-2074	255
-2073	248
-2072	245
-2071	247
-2070	244
-2069	240
-2068	239
-2067	243
-2066	244
-2065	242
-2064	249
-2063	257
-2062	260
-2061	265
-2060	271
-2059	283
-2058	293
-2057	303
-2056	309
-2055	317
-2054	329
-2053	341
-2052	350
-2051	359
-2050	365
-2049	377
-2048	386
-2047	395
-2046	401
-2045	408
-2044	417
-2043	424
-2042	431
-2041	437
-2040	440
-2039	447
-2038	452
-2037	459
-2036	463
-2035	465
-2034	469
-2033	473
-2032	477
-2031	479
-2030	481
-2029	482
-2028	485
-2027	486
-2026	487
-2025	488
-2024	487
-2023	487
-2022	489
-2021	487
-2020	487
-2019	485
-2018	483
-2017	483
-2016	481
-2015	477
-2014	474
-2013	472
-2012	469
-2011	466
-2010	462
-2009	455
-2008	451
-2007	447
-2006	444
-2005	436
-2004	429
-2003	424
-2002	419
-2001	411
-2000	405
-1999	395
-1998	388
-1997	381
-1996	375
-1995	363
-1994	353
-1993	343
-1992	339
-1991	330
-1990	319
-1989	308
-1988	299
-1987	293
-1986	286
-1985	277
-1984	267
-1983	260
-1982	257
-1981	253
-1980	246
-1979	239
-1978	239
-1977	238
-1976	233
-1975	231
-1974	234
-1973	234
-1972	229
-1971	231
-1970	237
-1969	235
-1968	231
-1967	237
-1966	239
-1965	237
-1964	235
-1963	241
-1962	239
-1961	235
-1960	237
-1959	239
-1958	236
-1957	233
-1956	235
-1955	236
-1954	230
-1953	228
-1952	230
-1951	227
-1950	220
-1949	221
-1948	221
-1947	213
-1946	209
-1945	209
-1944	207
-1943	199
-1942	197
-1941	198
-1940	193
-1939	185
-1938	185
-1937	185
-1936	177
-1935	173
-1934	175
-1933	173
-1932	165
-1931	163
-1930	166
-1929	162
-1928	155
-1927	158
-1926	159
-1925	152
-1924	151
-1923	155
-1922	153
-1921	148
-1920	151
-1919	154
-1918	149
-1917	147
-1916	151
-1915	153
-1914	149
-1913	149
-1912	155
-1911	155
-1910	151
-1909	155
-1908	161
-1907	159
-1906	158
-1905	165
-1904	168
-1903	165
-1902	168
-1901	175
-1900	177
-1899	176
-1898	181
-1897	188
-1896	188
-1895	187
-1894	195
-1893	200
-1892	199
-1891	202
-1890	210
-1889	211
-1888	211
-1887	215
-1886	221
-1885	222
-1884	221
-1883	229
-1882	231
-1881	230
-1880	231
-1879	238
-1878	240
-1877	239
-1876	241
-1875	248
-1874	247
-1873	246
-1872	253
-1871	258
-1870	255
-1869	257
-1868	261
-1867	267
-1866	270
-1865	269
-1864	271
-1863	275
-1862	281
-1861	286
-1860	286
-1859	287
-1858	293
-1857	299
-1856	303
-1855	307
-1854	307
-1853	310
-1852	317
-1851	322
-1850	325
-1849	327
-1848	328
-1847	335
-1846	339
-1845	342
-1844	343
-1843	344
-1842	349
-1841	353
-1840	355
-1839	355
-1838	354
-1837	357
-1836	361
-1835	361
-1834	359
-1833	359
-1832	360
-1831	361
-1830	361
-1829	359
-1828	355
-1827	354
-1826	355
-1825	353
-1824	349
-1823	345
-1822	341
-1821	339
-1820	337
-1819	333
-1818	324
-1817	319
-1816	318
-1815	314
-1814	307
-1813	299
-1812	292
-1811	287
-1810	284
-1809	275
-1808	267
-1807	259
-1806	255
-1805	251
-1804	242
-1803	236
-1802	234
-1801	229
-1800	222
-1799	219
-1798	221
-1797	218
-1796	212
-1795	216
-1794	220
-1793	217
-1792	217
-1791	225
-1790	227
-1789	227
-1788	231
-1787	237
-1786	240
-1785	239
-1784	244
-1783	251
-1782	249
-1781	249
-1780	255
-1779	257
-1778	255
-1777	254
-1776	258
-1775	259
-1774	255
-1773	251
-1772	252
-1771	253
-1770	247
-1769	243
-1768	245
-1767	241
-1766	234
-1765	232
-1764	232
-1763	225
-1762	219
-1761	219
-1760	218
-1759	213
-1758	209
-1757	213
-1756	212
-1755	207
-1754	211
-1753	217
-1752	216
-1751	219
-1750	226
-1749	234
-1748	236
-1747	241
-1746	253
-1745	261
-1744	263
-1743	269
-1742	279
-1741	289
-1740	294
-1739	300
-1738	303
-1737	311
-1736	319
-1735	325
-1734	327
-1733	329
-1732	334
-1731	341
-1730	344
-1729	347
-1728	346
-1727	347
-1726	351
-1725	354
-1724	353
-1723	351
-1722	351
-1721	353
-1720	353
-1719	350
-1718	346
-1717	343
-1716	344
-1715	343
-1714	342
-1713	338
-1712	334
-1711	334
-1710	334
-1709	333
-1708	332
-1707	330
-1706	331
-1705	337
-1704	339
-1703	342
-1702	345
-1701	351
-1700	361
-1699	369
-1698	377
-1697	383
-1696	391
-1695	405
-1694	413
-1693	424
-1692	431
-1691	441
-1690	451
-1689	462
-1688	470
-1687	477
-1686	485
-1685	494
-1684	503
-1683	511
-1682	516
-1681	525
-1680	530
-1679	537
-1678	543
-1677	548
-1676	553
-1675	558
-1674	562
-1673	567
-1672	570
-1671	573
-1670	577
-1669	579
-1668	582
-1667	584
-1666	585
-1665	586
-1664	587
-1663	588
-1662	587
-1661	587
-1660	586
-1659	585
-1658	585
-1657	583
-1656	581
-1655	579
-1654	577
-1653	573
-1652	570
-1651	566
-1650	562
-1649	557
-1648	554
-1647	549
-1646	543
-1645	536
-1644	531
-1643	525
-1642	518
-1641	511
-1640	503
-1639	495
-1638	489
-1637	479
-1636	469
-1635	459
-1634	451
-1633	441
-1632	433
-1631	422
-1630	410
-1629	398
-1628	390
-1627	381
-1626	368
-1625	357
-1624	349
-1623	343
-1622	336
-1621	327
-1620	319
-1619	315
-1618	313
-1617	312
-1616	310
-1615	307
-1614	307
-1613	312
-1612	315
-1611	315
-1610	315
-1609	317
-1608	323
-1607	327
-1606	328
-1605	329
-1604	329
-1603	333
-1602	336
-1601	335
-1600	334
-1599	333
-1598	334
-1597	335
-1596	332
-1595	328
-1594	324
-1593	322
-1592	321
-1591	317
-1590	310
-1589	303
-1588	299
-1587	295
-1586	290
-1585	281
-1584	271
-1583	267
-1582	264
-1581	258
-1580	249
-1579	239
-1578	238
-1577	234
-1576	226
-1575	222
-1574	225
-1573	222
-1572	217
-1571	220
-1570	225
-1569	223
-1568	225
-1567	233
-1566	237
-1565	238
-1564	243
-1563	251
-1562	255
-1561	258
-1560	263
-1559	271
-1558	276
-1557	279
-1556	281
-1555	283
-1554	289
-1553	293
-1552	295
-1551	294
-1550	293
-1549	297
-1548	301
-1547	299
-1546	297
-1545	295
-1544	295
-1543	296
-1542	293
-1541	289
-1540	283
-1539	282
-1538	280
-1537	276
-1536	270
-1535	264
-1534	261
-1533	258
-1532	253
-1531	243
-1530	237
-1529	237
-1528	230
-1527	221
-1526	218
-1525	218
-1524	211
-1523	204
-1522	206
-1521	205
-1520	199
-1519	201
-1518	205
-1517	205
-1516	203
-1515	208
-1514	216
-1513	217
-1512	219
-1511	229
-1510	235
-1509	236
-1508	240
-1507	251
-1506	254
-1505	255
-1504	263
-1503	270
-1502	274
-1501	277
-1500	277
-1499	283
-1498	290
-1497	294
-1496	296
-1495	296
-1494	299
-1493	304
-1492	308
-1491	308
-1490	307
-1489	309
-1488	312
-1487	316
-1486	315
-1485	314
-1484	313
-1483	317
-1482	319
-1481	319
-1480	317
-1479	315
-1478	317
-1477	319
-1476	318
-1475	315
-1474	312
-1473	312
-1472	314
-1471	313
-1470	309
-1469	306
-1468	304
-1467	305
-1466	305
-1465	300
-1464	295
-1463	294
-1462	294
-1461	291
-1460	287
-1459	282
-1458	278
-1457	277
-1456	276
-1455	270
-1454	263
-1453	259
-1452	258
-1451	255
-1450	249
-1449	242
-1448	241
-1447	241
-1446	232
-1445	228
-1444	229
-1443	225
-1442	219
-1441	217
-1440	219
-1439	214
-1438	210
-1437	214
-1436	214
-1435	209
-1434	211
-1433	215
-1432	215
-1431	213
-1430	215
-1429	221
-1428	219
-1427	218
-1426	225
-1425	227
-1424	225
-1423	227
-1422	231
-1421	231
-1420	230
-1419	232
-1418	236
-1417	235
-1416	231
-1415	235
-1414	235
-1413	229
-1412	229
-1411	231
-1410	229
-1409	223
-1408	223
-1407	223
-1406	219
-1405	213
-1404	215
-1403	214
-1402	207
-1401	206
-1400	208
-1399	205
-1398	202
-1397	206
-1396	209
-1395	207
-1394	208
-1393	217
-1392	222
-1391	223
-1390	230
-1389	242
-1388	247
-1387	251
-1386	262
-1385	272
-1384	279
-1383	285
-1382	290
-1381	299
-1380	309
-1379	315
-1378	319
-1377	325
-1376	330
-1375	338
-1374	343
-1373	345
-1372	348
-1371	351
-1370	356
-1369	361
-1368	360
-1367	361
-1366	363
-1365	365
-1364	367
-1363	367
-1362	365
-1361	366
-1360	369
-1359	369
-1358	369
-1357	366
-1356	365
-1355	369
-1354	371
-1353	371
-1352	371
-1351	373
-1350	377
-1349	383
-1348	385
-1347	389
-1346	395
-1345	402
-1344	411
-1343	417
-1342	423
-1341	432
-1340	440
-1339	452
-1338	460
-1337	469
-1336	478
-1335	487
-1334	496
-1333	507
-1332	514
-1331	524
-1330	531
-1329	541
-1328	549
-1327	556
-1326	563
-1325	571
-1324	579
-1323	585
-1322	591
-1321	598
-1320	602
-1319	609
-1318	613
-1317	619
-1316	623
-1315	627
-1314	631
-1313	635
-1312	637
-1311	641
-1310	643
-1309	645
-1308	649
-1307	650
-1306	651
-1305	652
-1304	652
-1303	653
-1302	653
-1301	652
-1300	652
-1299	651
-1298	649
-1297	649
-1296	647
-1295	643
-1294	642
-1293	638
-1292	635
-1291	632
-1290	627
-1289	623
-1288	619
-1287	613
-1286	607
-1285	601
-1284	595
-1283	587
-1282	581
-1281	573
-1280	563
-1279	555
-1278	549
-1277	537
-1276	526
-1275	515
-1274	504
-1273	492
-1272	481
-1271	469
-1270	456
-1269	441
-1268	431
-1267	421
-1266	411
-1265	399
-1264	391
-1263	386
-1262	381
-1261	377
-1260	373
-1259	370
-1258	373
-1257	377
-1256	378
-1255	381
-1254	383
-1253	388
-1252	395
-1251	399
-1250	403
-1249	405
-1248	409
-1247	414
-1246	417
-1245	419
-1244	419
-1243	419
-1242	421
-1241	423
-1240	421
-1239	419
-1238	418
-1237	415
-1236	414
-1235	411
-1234	404
-1233	398
-1232	395
-1231	391
-1230	383
-1229	375
-1228	367
-1227	359
-1226	354
-1225	346
-1224	335
-1223	324
-1222	319
-1221	313
-1220	305
-1219	297
-1218	291
-1217	287
-1216	289
-1215	291
-1214	289
-1213	293
-1212	299
-1211	308
-1210	317
-1209	324
-1208	329
-1207	339
-1206	349
-1205	361
-1204	367
-1203	375
-1202	382
-1201	392
-1200	399
-1199	407
-1198	409
-1197	415
-1196	420
-1195	425
-1194	429
-1193	430
-1192	430
-1191	433
-1190	435
-1189	435
-1188	434
-1187	432
-1186	430
-1185	429
-1184	427
-1183	423
-1182	418
-1181	415
-1180	411
-1179	406
-1178	401
-1177	394
-1176	389
-1175	387
-1174	383
-1173	378
-1172	373
-1171	369
-1170	370
-1169	372
-1168	372
-1167	373
-1166	377
-1165	383
-1164	393
-1163	402
-1162	409
-1161	419
-1160	428
-1159	441
-1158	450
-1157	461
-1156	471
-1155	482
-1154	493
-1153	503
-1152	511
-1151	519
-1150	527
-1149	537
-1148	544
-1147	553
-1146	558
-1145	565
-1144	571
-1143	577
-1142	583
-1141	587
-1140	591
-1139	597
-1138	601
-1137	605
-1136	609
-1135	611
-1134	613
-1133	617
-1132	618
-1131	619
-1130	620
-1129	621
-1128	621
-1127	621
-1126	621
-1125	620
-1124	619
-1123	617
-1122	617
-1121	615
-1120	611
-1119	609
-1118	607
-1117	603
-1116	599
-1115	595
-1114	590
-1113	585
-1112	580
-1111	575
-1110	569
-1109	562
-1108	557
-1107	549
-1106	542
-1105	535
-1104	526
-1103	518
-1102	511
-1101	501
-1100	491
-1099	481
-1098	471
-1097	461
-1096	452
-1095	441
-1094	430
-1093	419
-1092	411
-1091	401
-1090	391
-1089	379
-1088	373
-1087	367
-1086	362
-1085	355
-1084	348
-1083	346
-1082	347
-1081	347
-1080	346
-1079	345
-1078	347
-1077	353
-1076	355
-1075	357
-1074	359
-1073	361
-1072	366
-1071	371
-1070	372
-1069	373
-1068	373
-1067	376
-1066	379
-1065	379
-1064	376
-1063	375
-1062	375
-1061	375
-1060	374
-1059	369
-1058	365
-1057	364
-1056	363
-1055	358
-1054	353
-1053	346
-1052	342
-1051	339
-1050	332
-1049	323
-1048	316
-1047	311
-1046	306
-1045	299
-1044	290
-1043	279
-1042	273
-1041	269
-1040	263
-1039	255
-1038	246
-1037	245
-1036	242
-1035	235
-1034	233
-1033	235
-1032	235
-1031	234
-1030	237
-1029	244
-1028	245
-1027	247
-1026	255
-1025	265
-1024	268
-1023	272
-1022	278
-1021	287
-1020	295
-1019	300
-1018	303
-1017	309
-1016	315
-1015	321
-1014	325
-1013	327
-1012	328
-1011	335
-1010	339
-1009	341
-1008	342
-1007	342
-1006	345
-1005	348
-1004	349
-1003	349
-1002	347
-1001	349
-1000	351
-999	351
-998	349
-997	351
-996	353
-995	351
-994	353
-993	359
-992	359
-991	361
-990	367
-989	371
-988	375
-987	385
-986	391
-985	397
-984	407
-983	415
-982	421
-981	434
-980	444
-979	453
-978	463
-977	475
-976	481
-975	491
-974	500
-973	509
-972	518
-971	527
-970	535
-969	543
-968	550
-967	557
-966	563
-965	571
-964	577
-963	583
-962	588
-961	594
-960	598
-959	603
-958	609
-957	613
-956	616
-955	619
-954	621
-953	625
-952	627
-951	631
-950	632
-949	633
-948	635
-947	635
-946	637
-945	637
-944	636
-943	636
-942	636
-941	635
-940	635
-939	633
-938	630
-937	628
-936	627
-935	623
-934	619
-933	616
-932	613
-931	607
-930	603
-929	597
-928	592
-927	586
-926	581
-925	573
-924	567
-923	559
-922	551
-921	543
-920	536
-919	526
-918	518
-917	510
-916	501
-915	491
-914	483
-913	473
-912	466
-911	460
-910	451
-909	443
-908	441
-907	437
-906	433
-905	433
-904	432
-903	431
-902	435
-901	438
-900	440
-899	445
-898	450
-897	453
-896	457
-895	463
-894	465
-893	470
-892	474
-891	477
-890	479
-889	483
-888	485
-887	485
-886	487
-885	487
-884	486
-883	486
-882	485
-881	483
-880	481
-879	478
-878	473
-877	469
-876	466
-875	458
-874	451
-873	445
-872	437
-871	429
-870	423
-869	411
-868	402
-867	396
-866	387
-865	378
-864	375
-863	369
-862	365
-861	367
-860	367
-859	367
-858	374
-857	381
-856	385
-855	395
-854	406
-853	414
-852	425
-851	436
-850	443
-849	453
-848	463
-847	471
-846	477
-845	487
-844	493
-843	499
-842	505
-841	509
-840	513
-839	518
-838	522
-837	525
-836	526
-835	528
-834	528
-833	529
-832	531
-831	529
-830	528
-829	527
-828	524
-827	522
-826	521
-825	517
-824	511
-823	509
-822	505
-821	501
-820	499
-819	495
-818	490
-817	489
-816	487
-815	485
-814	487
-813	491
-812	492
-811	497
-810	505
-809	511
-808	520
-807	530
-806	539
-805	551
-804	563
-803	575
-802	587
-801	600
-800	609
-799	619
-798	629
-797	641
-796	651
-795	662
-794	671
-793	679
-792	687
-791	695
-790	702
-789	710
-788	717
-787	724
-786	729
-785	735
-784	739
-783	743
-782	748
-781	753
-780	756
-779	759
-778	761
-777	764
-776	766
-775	769
-774	769
-773	771
-772	771
-771	771
-770	772
-769	772
-768	771
-767	771
-766	769
-765	767
-764	766
-763	765
-762	762
-761	759
-760	755
-759	751
-758	749
-757	745
-756	741
-755	735
-754	730
-753	724
-752	719
-751	713
-750	707
-749	698
-748	691
-747	684
-746	675
-745	667
-744	659
-743	649
-742	641
-741	630
-740	621
-739	610
-738	601
-737	590
-736	579
-735	569
-734	561
-733	550
-732	543
-731	532
-730	524
-729	518
-728	513
-727	508
-726	506
-725	503
-724	501
-723	501
-722	502
-721	503
-720	506
-719	508
-718	509
-717	511
-716	515
-715	515
-714	519
-713	521
-712	521
-711	522
-710	523
-709	523
-708	522
-707	523
-706	521
-705	518
-704	516
-703	513
-702	509
-701	505
-700	501
-699	494
-698	489
-697	483
-696	475
-695	468
-694	461
-693	451
-692	443
-691	435
-690	423
-689	414
-688	407
-687	398
-686	390
-685	385
-684	379
-683	377
-682	378
-681	377
-680	379
-679	386
-678	392
-677	399
-676	410
-675	421
-674	427
-673	439
-672	449
-671	456
-670	465
-669	475
-668	481
-667	488
-666	494
-665	498
-664	501
-663	507
-662	509
-661	511
-660	515
-659	516
-658	515
-657	517
-656	516
-655	514
-654	514
-653	511
-652	509
-651	506
-650	503
-649	497
-648	493
-647	489
-646	483
-645	477
-644	472
-643	464
-642	458
-641	454
-640	446
-639	439
-638	437
-637	431
-636	426
-635	425
-634	424
-633	423
-632	429
-631	432
-630	435
-629	445
-628	453
-627	463
-626	473
-625	485
-624	493
-623	503
-622	514
-621	525
-620	535
-619	547
-618	557
-617	566
-616	575
-615	583
-614	590
-613	599
-612	607
-611	615
-610	621
-609	628
-608	633
-607	639
-606	645
-605	650
-604	654
-603	659
-602	662
-601	666
-600	670
-599	673
-598	675
-597	677
-596	679
-595	680
-594	682
-593	684
-592	685
-591	684
-590	684
-589	683
-588	683
-587	683
-586	682
-585	680
-584	677
-583	675
-582	673
-581	670
-580	667
-579	663
-578	659
-577	654
-576	651
-575	647
-574	641
-573	635
-572	629
-571	623
-570	617
-569	610
-568	603
-567	596
-566	591
-565	583
-564	573
-563	565
-562	558
-561	549
-560	541
-559	532
-558	523
-557	513
-556	507
-555	497
-554	487
-553	480
-552	473
-551	466
-550	462
-549	455
-548	449
-547	447
-546	445
-545	442
-544	443
-543	444
-542	442
-541	445
-540	447
-539	448
-538	451
-537	456
-536	458
-535	460
-534	463
-533	465
-532	467
-531	470
-530	471
-529	472
-528	473
-527	473
-526	471
-525	471
-524	471
-523	468
-522	467
-521	463
-520	459
-519	455
-518	453
-517	446
-516	441
-515	437
-514	429
-513	422
-512	419
-511	410
-510	403
-509	399
-508	393
-507	386
-506	385
-505	381
-504	379
-503	382
-502	383
-501	385
-500	392
-499	399
-498	404
-497	415
-496	424
-495	431
-494	441
-493	454
-492	461
-491	471
-490	479
-489	487
-488	493
-487	503
-486	509
-485	515
-484	522
-483	527
-482	532
-481	538
-480	541
-479	543
-478	545
-477	549
-476	549
-475	551
-474	552
-473	551
-472	550
-471	550
-470	548
-469	546
-468	546
-467	543
-466	539
-465	538
-464	535
-463	534
-462	534
-461	533
-460	532
-459	534
-458	536
-457	539
-456	545
-455	551
-454	557
-453	566
-452	575
-451	584
-450	594
-449	606
-448	615
-447	627
-446	638
-445	651
-444	660
-443	673
-442	682
-441	693
-440	703
-439	713
-438	721
-437	731
-436	740
-435	749
-434	755
-433	763
-432	770
-431	777
-430	783
-429	790
-428	796
-427	801
-426	805
-425	810
-424	814
-423	818
-422	822
-421	827
-420	829
-419	831
-418	834
-417	836
-416	837
-415	839
-414	841
-413	841
-412	841
-411	841
-410	841
-409	840
-408	840
-407	839
-406	837
-405	835
-404	833
-403	830
-402	827
-401	824
-400	820
-399	816
-398	812
-397	807
-396	803
-395	797
-394	790
-393	783
-392	776
-391	769
-390	762
-389	752
-388	743
-387	734
-386	725
-385	714
-384	703
-383	693
-382	683
-381	670
-380	660
-379	647
-378	635
-377	624
-376	615
-375	604
-374	595
-373	586
-372	579
-371	575
-370	571
-369	568
-368	567
-367	569
-366	571
-365	574
-364	579
-363	584
-362	589
-361	594
-360	598
-359	603
-358	607
-357	613
-356	617
-355	621
-354	623
-353	625
-352	627
-351	628
-350	628
-349	629
-348	628
-347	627
-346	626
-345	623
-344	619
-343	615
-342	612
-341	607
-340	601
-339	594
-338	586
-337	577
-336	569
-335	560
-334	549
-333	538
-332	527
-331	514
-330	503
-329	490
-328	479
-327	470
-326	463
-325	455
-324	451
-323	452
-322	454
-321	462
-320	471
-319	481
-318	491
-317	507
-316	517
-315	530
-314	543
-313	556
-312	566
-311	578
-310	588
-309	597
-308	606
-307	615
-306	621
-305	627
-304	633
-303	637
-302	641
-301	646
-300	648
-299	650
-298	651
-297	651
-296	651
-295	652
-294	651
-293	650
-292	648
-291	645
-290	641
-289	637
-288	634
-287	630
-286	627
-285	622
-284	617
-283	613
-282	611
-281	609
-280	609
-279	609
-278	611
-277	615
-276	621
-275	629
-274	637
-273	650
-272	662
-271	675
-270	686
-269	701
-268	713
-267	726
-266	737
-265	749
-264	759
-263	769
-262	779
-261	789
-260	798
-259	807
-258	815
-257	822
-256	829
-255	836
-254	842
-253	849
-252	855
-251	861
-250	865
-249	870
-248	874
-247	879
-246	881
-245	885
-244	887
-243	889
-242	891
-241	894
-240	895
-239	895
-238	897
-237	897
-236	897
-235	898
-234	897
-233	895
-232	895
-231	893
-230	891
-229	889
-228	887
-227	885
-226	882
-225	878
-224	874
-223	869
-222	865
-221	860
-220	856
-219	850
-218	844
-217	837
-216	831
-215	823
-214	817
-213	808
-212	801
-211	792
-210	783
-209	774
-208	765
-207	755
-206	745
-205	733
-204	723
-203	712
-202	701
-201	690
-200	681
-199	671
-198	663
-197	655
-196	649
-195	643
-194	639
-193	635
-192	634
-191	635
-190	635
-189	639
-188	642
-187	645
-186	648
-185	652
-184	655
-183	660
-182	663
-181	667
-180	669
-179	671
-178	673
-177	675
-176	676
-175	675
-174	675
-173	673
-172	671
-171	669
-170	667
-169	663
-168	659
-167	654
-166	649
-165	642
-164	635
-163	627
-162	619
-161	609
-160	600
-159	589
-158	579
-157	564
-156	553
-155	538
-154	525
-153	511
-152	500
-151	491
-150	482
-149	476
-148	475
-147	475
-146	481
-145	489
-144	499
-143	514
-142	525
-141	541
-140	554
-139	570
-138	582
-137	595
-136	606
-135	618
-134	627
-133	639
-132	647
-131	656
-130	663
-129	671
-128	677
-127	682
-126	686
-125	691
-124	695
-123	699
-122	700
-121	702
-120	703
-119	703
-118	703
-117	703
-116	703
-115	702
-114	700
-113	698
-112	695
-111	693
-110	689
-109	685
-108	683
-107	680
-106	678
-105	675
-104	673
-103	673
-102	672
-101	673
-100	676
-99	680
-98	685
-97	693
-96	698
-95	707
-94	715
-93	726
-92	735
-91	747
-90	757
-89	769
-88	779
-87	789
-86	799
-85	810
-84	819
-83	830
-82	837
-81	847
-80	855
-79	863
-78	871
-77	879
-76	885
-75	893
-74	898
-73	905
-72	910
-71	915
-70	920
-69	925
-68	929
-67	933
-66	935
-65	939
-64	941
-63	943
-62	945
-61	946
-60	947
-59	948
-58	949
-57	949
-56	948
-55	949
-54	947
-53	946
-52	945
-51	943
-50	941
-49	938
-48	937
-47	933
-46	930
-45	926
-44	921
-43	917
-42	912
-41	908
-40	902
-39	897
-38	891
-37	883
-36	878
-35	869
-34	863
-33	855
-32	847
-31	839
-30	830
-29	821
-28	811
-27	801
-26	792
-25	783
-24	773
-23	764
-22	754
-21	745
-20	737
-19	728
-18	721
-17	715
-16	709
-15	705
-14	702
-13	699
-12	698
-11	697
-10	697
-9	699
-8	701
-7	702
-6	705
-5	708
-4	709
-3	712
-2	714
-1	716
0	718
1	719
2	720
3	719
4	720
5	719
6	717
7	714
8	713
9	707
10	703
11	697
12	693
13	687
14	678
15	669
16	661
17	652
18	643
19	629
20	618
21	605
22	593
23	579
24	565
25	553
26	543
27	533
28	527
29	521
30	523
31	527
32	534
33	545
34	555
35	571
36	584
37	600
38	614
39	629
40	641
41	654
42	665
43	677
44	687
45	697
46	705
47	714
48	719
49	726
50	731
51	736
52	741
53	745
54	748
55	750
56	751
57	753
58	753
59	753
60	753
61	752
62	751
63	747
64	745
65	742
66	741
67	735
68	732
69	729
70	726
71	723
72	721
73	718
74	717
75	716
76	717
77	719
78	723
79	728
80	733
81	741
82	749
83	759
84	767
85	779
86	790
87	802
88	812
89	823
90	833
91	845
92	854
93	865
94	873
95	884
96	892
97	901
98	909
99	918
100	925
101	931
102	938
103	945
104	949
105	956
106	959
107	965
108	969
109	973
110	977
111	980
112	983
113	985
114	987
115	990
116	991
117	991
118	993
119	993
120	994
121	993
122	992
123	991
124	990
125	987
126	986
127	983
128	979
129	977
130	972
131	968
132	963
133	957
134	953
135	947
136	941
137	936
138	929
139	921
140	916
141	907
142	899
143	891
144	882
145	873
146	865
147	855
148	845
149	836
150	825
151	815
152	807
153	796
154	787
155	777
156	767
157	759
158	752
159	744
160	739
161	734
162	730
163	727
164	726
165	724
166	725
167	725
168	726
169	729
170	729
171	731
172	733
173	735
174	737
175	738
176	739
177	741
178	740
179	741
180	739
181	739
182	737
183	734
184	733
185	728
186	725
187	720
188	714
189	708
190	702
191	693
192	686
193	677
194	667
195	655
196	644
197	631
198	618
199	604
200	591
201	577
202	563
203	551
204	539
205	533
206	528
207	529
208	531
209	540
210	548
211	563
212	575
213	591
214	603
215	619
216	631
217	643
218	654
219	665
220	675
221	684
222	693
223	699
224	706
225	711
226	716
227	721
228	723
229	727
230	729
231	731
232	731
233	732
234	732
235	731
236	729
237	729
238	725
239	723
240	719
241	715
242	712
243	707
244	702
245	697
246	693
247	688
248	685
249	681
250	679
251	678
252	678
253	679
254	683
255	686
256	691
257	699
258	707
259	717
260	725
261	735
262	746
263	757
264	767
265	779
266	789
267	800
268	809
269	821
270	830
271	840
272	847
273	856
274	863
275	871
276	879
277	887
278	893
279	899
280	903
281	909
282	913
283	918
284	922
285	926
286	929
287	933
288	937
289	939
290	940
291	941
292	943
293	944
294	945
295	945
296	945
297	945
298	945
299	943
300	943
301	941
302	939
303	937
304	934
305	931
306	927
307	923
308	919
309	915
310	910
311	905
312	900
313	893
314	888
315	881
316	874
317	867
318	859
319	851
320	844
321	835
322	827
323	815
324	805
325	795
326	784
327	773
328	763
329	751
330	741
331	729
332	719
333	709
334	701
335	692
336	685
337	679
338	675
339	671
340	669
341	668
342	669
343	671
344	671
345	673
346	675
347	677
348	681
349	683
350	686
351	687
352	691
353	691
354	693
355	695
356	695
357	694
358	693
359	692
360	690
361	688
362	685
363	681
364	677
365	672
366	667
367	661
368	655
369	647
370	639
371	630
372	619
373	609
374	598
375	585
376	573
377	561
378	548
379	532
380	519
381	506
382	494
383	485
384	478
385	473
386	475
387	477
388	483
389	495
390	504
391	518
392	529
393	541
394	554
395	567
396	580
397	592
398	602
399	613
400	620
401	628
402	635
403	641
404	647
405	652
406	656
407	661
408	663
409	665
410	667
411	667
412	667
413	666
414	665
415	663
416	661
417	659
418	655
419	651
420	647
421	642
422	637
423	633
424	629
425	625
426	621
427	617
428	615
429	613
430	613
431	613
432	615
433	620
434	625
435	633
436	641
437	651
438	661
439	671
440	682
441	693
442	703
443	716
444	727
445	739
446	749
447	759
448	767
449	778
450	785
451	796
452	804
453	813
454	819
455	826
456	832
457	839
458	844
459	851
460	855
461	860
462	864
463	868
464	871
465	875
466	879
467	881
468	883
469	885
470	887
471	887
472	888
473	889
474	889
475	890
476	889
477	888
478	887
479	885
480	883
481	881
482	879
483	876
484	873
485	869
486	865
487	861
488	856
489	851
490	846
491	840
492	834
493	827
494	820
495	812
496	805
497	797
498	788
499	777
500	767
501	757
502	746
503	735
504	723
505	711
506	700
507	685
508	673
509	660
510	648
511	635
512	623
513	613
514	604
515	595
516	590
517	585
518	583
519	583
520	584
521	588
522	591
523	597
524	603
525	609
526	615
527	620
528	625
529	629
530	632
531	636
532	638
533	641
534	642
535	643
536	643
537	642
538	639
539	639
540	635
541	631
542	627
543	621
544	617
545	610
546	603
547	595
548	585
549	575
550	566
551	554
552	543
553	530
554	518
555	503
556	489
557	475
558	462
559	449
560	439
561	429
562	425
563	422
564	423
565	431
566	437
567	449
568	460
569	471
570	484
571	497
572	509
573	523
574	532
575	544
576	552
577	561
578	569
579	578
580	584
581	590
582	594
583	599
584	602
585	605
586	607
587	609
588	610
589	610
590	610
591	609
592	607
593	605
594	602
595	598
596	595
597	589
598	585
599	580
600	575
601	570
602	565
603	560
604	557
605	554
606	553
607	553
608	555
609	559
610	563
611	571
612	579
613	589
614	601
615	613
616	625
617	638
618	649
619	663
620	674
621	685
622	697
623	708
624	718
625	728
626	735
627	745
628	753
629	761
630	767
631	776
632	782
633	789
634	794
635	799
636	803
637	808
638	812
639	815
640	819
641	823
642	825
643	829
644	831
645	833
646	833
647	835
648	835
649	835
650	835
651	835
652	835
653	834
654	834
655	832
656	831
657	829
658	827
659	823
660	820
661	817
662	813
663	809
664	805
665	801
666	796
667	790
668	785
669	779
670	773
671	765
672	759
673	750
674	743
675	732
676	724
677	714
678	705
679	693
680	683
681	672
682	661
683	647
684	636
685	623
686	611
687	597
688	585
689	572
690	560
691	547
692	536
693	525
694	517
695	509
696	504
697	502
698	499
699	499
700	501
701	502
702	505
703	508
704	511
705	516
706	519
707	524
708	527
709	529
710	533
711	535
712	537
713	539
714	538
715	539
716	538
717	536
718	535
719	531
720	529
721	525
722	521
723	516
724	509
725	503
726	496
727	487
728	479
729	468
730	459
731	447
732	434
733	423
734	409
735	396
736	385
737	369
738	361
739	346
740	336
741	329
742	319
743	319
744	317
745	317
746	325
747	327
748	335
749	345
750	350
751	363
752	369
753	379
754	389
755	395
756	403
757	410
758	414
759	422
760	424
761	429
762	433
763	434
764	437
765	437
766	438
767	439
768	435
769	437
770	434
771	431
772	430
773	424
774	423
775	419
776	413
777	411
778	405
779	402
780	399
781	394
782	395
783	393
784	393
785	398
786	399
787	407
788	412
789	419
790	429
791	438
792	449
793	460
794	469
795	482
796	492
797	504
798	516
799	526
800	535
801	546
802	554
803	567
804	575
805	584
806	591
807	599
808	607
809	613
810	619
811	627
812	631
813	637
814	643
815	647
816	651
817	655
818	657
819	661
820	663
821	667
822	668
823	671
824	673
825	673
826	675
827	675
828	674
829	675
830	673
831	673
832	673
833	671
834	671
835	668
836	666
837	663
838	660
839	657
840	654
841	650
842	647
843	642
844	637
845	631
846	627
847	621
848	615
849	609
850	603
851	595
852	589
853	581
854	572
855	564
856	555
857	545
858	536
859	525
860	515
861	503
862	494
863	482
864	471
865	461
866	449
867	439
868	429
869	417
870	411
871	401
872	395
873	392
874	386
875	386
876	383
877	382
878	385
879	383
880	388
881	391
882	392
883	399
884	400
885	404
886	409
887	410
888	414
889	415
890	415
891	419
892	417
893	419
894	418
895	415
896	415
897	411
898	409
899	406
900	400
901	398
902	389
903	383
904	378
905	367
906	363
907	351
908	343
909	336
910	323
911	318
912	309
913	301
914	299
915	291
916	291
917	292
918	291
919	302
920	306
921	315
922	327
923	335
924	350
925	363
926	373
927	387
928	395
929	407
930	418
931	427
932	437
933	444
934	450
935	457
936	460
937	466
938	470
939	473
940	478
941	479
942	481
943	482
944	481
945	483
946	481
947	479
948	479
949	477
950	475
951	473
952	470
953	469
954	465
955	463
956	461
957	457
958	456
959	454
960	453
961	455
962	454
963	458
964	462
965	467
966	475
967	482
968	490
969	500
970	507
971	519
972	528
973	539
974	551
975	562
976	571
977	582
978	590
979	602
980	611
981	621
982	630
983	638
984	645
985	653
986	660
987	669
988	675
989	682
990	687
991	694
992	699
993	703
994	709
995	715
996	717
997	721
998	723
999	727
1000	729
1001	731
1002	734
1003	735
1004	737
1005	738
1006	738
1007	739
1008	739
1009	738
1010	737
1011	737
1012	735
1013	733
1014	731
1015	728
1016	726
1017	722
1018	719
1019	715
1020	711
1021	707
1022	701
1023	696
1024	689
1025	683
1026	677
1027	669
1028	663
1029	655
1030	649
1031	639
1032	632
1033	623
1034	615
1035	605
1036	595
1037	585
1038	575
1039	564
1040	555
1041	543
1042	535
1043	523
1044	514
1045	503
1046	495
1047	485
1048	478
1049	473
1050	467
1051	461
1052	459
1053	457
1054	455
1055	454
1056	455
1057	459
1058	457
1059	459
1060	463
1061	465
1062	466
1063	469
1064	471
1065	473
1066	474
1067	475
1068	476
1069	477
1070	474
1071	475
1072	474
1073	471
1074	468
1075	465
1076	463
1077	456
1078	450
1079	446
1080	439
1081	431
1082	425
1083	417
1084	409
1085	395
1086	387
1087	377
1088	366
1089	353
1090	343
1091	335
1092	323
1093	311
1094	307
1095	301
1096	293
1097	293
1098	297
1099	301
1100	304
1101	311
1102	324
1103	334
1104	340
1105	351
1106	363
1107	373
1108	380
1109	391
1110	400
1111	407
1112	413
1113	419
1114	426
1115	431
1116	433
1117	439
1118	443
1119	443
1120	445
1121	447
1122	447
1123	447
1124	445
1125	446
1126	445
1127	439
1128	437
1129	435
1130	431
1131	423
1132	420
1133	417
1134	410
1135	405
1136	401
1137	398
1138	393
1139	388
1140	389
1141	389
1142	387
1143	390
1144	394
1145	399
1146	403
1147	411
1148	422
1149	431
1150	437
1151	449
1152	461
1153	469
1154	478
1155	490
1156	499
1157	509
1158	517
1159	526
1160	534
1161	543
1162	549
1163	557
1164	565
1165	570
1166	575
1167	583
1168	587
1169	591
1170	597
1171	601
1172	605
1173	608
1174	610
1175	615
1176	615
1177	617
1178	619
1179	621
1180	621
1181	621
1182	622
1183	622
1184	621
1185	621
1186	620
1187	619
1188	617
1189	614
1190	613
1191	609
1192	606
1193	602
1194	600
1195	595
1196	590
1197	586
1198	580
1199	574
1200	569
1201	562
1202	557
1203	548
1204	541
1205	534
1206	527
1207	517
1208	509
1209	501
1210	491
1211	480
1212	470
1213	461
1214	451
1215	437
1216	430
1217	421
1218	412
1219	399
1220	392
1221	385
1222	375
1223	367
1224	361
1225	358
1226	349
1227	343
1228	343
1229	340
1230	336
1231	335
1232	338
1233	337
1234	335
1235	337
1236	341
1237	340
1238	338
1239	342
1240	344
1241	343
1242	342
1243	344
1244	346
1245	343
1246	341
1247	345
1248	343
1249	338
1250	338
1251	338
1252	335
1253	328
1254	326
1255	326
1256	319
1257	313
1258	309
1259	306
1260	299
1261	289
1262	287
1263	283
1264	273
1265	266
1266	263
1267	257
1268	247
1269	241
1270	239
1271	227
1272	223
1273	222
1274	214
1275	213
1276	212
1277	205
1278	207
1279	209
1280	205
1281	210
1282	213
1283	211
1284	219
1285	222
1286	222
1287	231
1288	234
1289	235
1290	243
1291	246
1292	247
1293	255
1294	255
1295	259
1296	265
1297	266
1298	265
1299	268
1300	273
1301	273
1302	270
1303	274
1304	276
1305	273
1306	271
1307	274
1308	275
1309	271
1310	269
1311	272
1312	271
1313	266
1314	267
1315	270
1316	269
1317	267
1318	270
1319	276
1320	276
1321	277
1322	285
1323	293
1324	295
1325	303
1326	313
1327	324
1328	331
1329	340
1330	353
1331	365
1332	371
1333	382
1334	394
1335	404
1336	410
1337	421
1338	430
1339	439
1340	444
1341	454
1342	463
1343	469
1344	475
1345	483
1346	489
1347	495
1348	501
1349	506
1350	511
1351	516
1352	519
1353	525
1354	529
1355	531
1356	535
1357	539
1358	541
1359	543
1360	545
1361	547
1362	549
1363	549
1364	550
1365	551
1366	550
1367	551
1368	550
1369	549
1370	548
1371	546
1372	545
1373	543
1374	539
1375	537
1376	535
1377	531
1378	527
1379	522
1380	519
1381	514
1382	507
1383	503
1384	497
1385	489
1386	484
1387	476
1388	470
1389	460
1390	451
1391	443
1392	435
1393	424
1394	414
1395	405
1396	395
1397	379
1398	371
1399	361
1400	349
1401	337
1402	330
1403	321
1404	309
1405	302
1406	299
1407	293
1408	286
1409	287
1410	289
1411	289
1412	287
1413	294
1414	301
1415	301
1416	305
1417	311
1418	317
1419	319
1420	322
1421	327
1422	331
1423	331
1424	332
1425	337
1426	337
1427	334
1428	335
1429	337
1430	334
1431	329
1432	329
1433	328
1434	322
1435	315
1436	316
1437	310
1438	301
1439	296
1440	293
1441	287
1442	276
1443	271
1444	267
1445	259
1446	249
1447	249
1448	243
1449	237
1450	240
1451	237
1452	235
1453	243
1454	243
1455	247
1456	257
1457	263
1458	265
1459	278
1460	287
1461	294
1462	301
1463	311
1464	319
1465	326
1466	331
1467	342
1468	349
1469	353
1470	357
1471	365
1472	370
1473	370
1474	375
1475	381
1476	381
1477	381
1478	383
1479	386
1480	383
1481	382
1482	383
1483	383
1484	379
1485	375
1486	375
1487	373
1488	367
1489	365
1490	362
1491	357
1492	351
1493	349
1494	347
1495	342
1496	338
1497	340
1498	340
1499	339
1500	340
1501	347
1502	353
1503	357
1504	363
1505	375
1506	383
1507	391
1508	402
1509	415
1510	424
1511	433
1512	445
1513	455
1514	463
1515	475
1516	483
1517	493
1518	502
1519	510
1520	518
1521	527
1522	533
1523	540
1524	549
1525	554
1526	559
1527	565
1528	570
1529	574
1530	579
1531	582
1532	586
1533	590
1534	591
1535	594
1536	597
1537	597
1538	598
1539	599
1540	600
1541	600
1542	599
1543	600
1544	600
1545	598
1546	597
1547	596
1548	593
1549	591
1550	588
1551	585
1552	583
1553	578
1554	575
1555	571
1556	566
1557	561
1558	555
1559	551
1560	545
1561	539
1562	534
1563	526
1564	519
1565	511
1566	504
1567	497
1568	487
1569	479
1570	472
1571	462
1572	452
1573	442
1574	433
1575	422
1576	412
1577	403
1578	395
1579	381
1580	371
1581	363
1582	353
1583	341
1584	333
1585	327
1586	319
1587	308
1588	305
1589	301
1590	293
1591	287
1592	286
1593	284
1594	279
1595	275
1596	278
1597	277
1598	271
1599	271
1600	274
1601	272
1602	268
1603	267
1604	269
1605	267
1606	261
1607	263
1608	262
1609	255
1610	251
1611	253
1612	245
1613	243
1614	242
1615	233
1616	230
1617	229
1618	220
1619	218
1620	216
1621	207
1622	207
1623	204
1624	196
1625	198
1626	195
1627	189
1628	193
1629	189
1630	186
1631	191
1632	188
1633	187
1634	194
1635	193
1636	191
1637	199
1638	197
1639	197
1640	204
1641	202
1642	203
1643	209
1644	206
1645	209
1646	213
1647	208
1648	211
1649	215
1650	209
1651	213
1652	213
1653	207
1654	210
1655	210
1656	204
1657	207
1658	205
1659	197
1660	201
1661	198
1662	191
1663	193
1664	189
1665	183
1666	186
1667	183
1668	177
1669	182
1670	178
1671	175
1672	181
1673	178
1674	177
1675	183
1676	181
1677	183
1678	191
1679	189
1680	191
1681	201
1682	199
1683	204
1684	212
1685	212
1686	218
1687	225
1688	223
1689	231
1690	235
1691	235
1692	241
1693	245
1694	243
1695	250
1696	252
1697	249
1698	255
1699	255
1700	253
1701	259
1702	259
1703	255
1704	258
1705	260
1706	258
1707	254
1708	257
1709	257
1710	252
1711	252
1712	253
1713	247
1714	248
1715	249
1716	242
1717	243
1718	243
1719	236
1720	237
1721	237
1722	229
1723	231
1724	229
1725	222
1726	225
1727	221
1728	215
1729	218
1730	215
1731	209
1732	211
1733	207
1734	202
1735	205
1736	201
1737	197
1738	199
1739	194
1740	189
1741	191
1742	185
1743	182
1744	185
1745	178
1746	175
1747	179
1748	173
1749	171
1750	174
1751	167
1752	167
1753	171
1754	165
1755	167
1756	171
1757	167
1758	171
1759	177
1760	173
1761	181
1762	185
1763	183
1764	191
1765	195
1766	195
1767	205
1768	207
1769	209
1770	218
1771	221
1772	223
1773	231
1774	233
1775	234
1776	242
1777	241
1778	243
1779	251
1780	249
1781	252
1782	257
1783	255
1784	254
1785	259
1786	258
1787	255
1788	258
1789	259
1790	255
1791	253
1792	255
1793	248
1794	247
1795	247
1796	239
1797	237
1798	235
1799	227
1800	225
1801	223
1802	213
1803	211
1804	208
1805	199
1806	198
1807	195
1808	188
1809	190
1810	189
1811	182
1812	186
1813	187
1814	185
1815	193
1816	195
1817	197
1818	206
1819	211
1820	213
1821	225
1822	229
1823	234
1824	245
1825	249
1826	251
1827	263
1828	265
1829	267
1830	275
1831	281
1832	283
1833	284
1834	290
1835	295
1836	295
1837	297
1838	301
1839	305
1840	303
1841	303
1842	307
1843	309
1844	305
1845	305
1846	309
1847	309
1848	305
1849	307
1850	309
1851	308
1852	307
1853	308
1854	311
1855	311
1856	310
1857	316
1858	319
1859	319
1860	323
1861	330
1862	335
1863	339
1864	343
1865	353
1866	359
1867	363
1868	371
1869	381
1870	387
1871	394
1872	401
1873	411
1874	417
1875	425
1876	431
1877	440
1878	447
1879	453
1880	459
1881	467
1882	471
1883	477
1884	483
1885	489
1886	492
1887	497
1888	502
1889	505
1890	508
1891	511
1892	515
1893	518
1894	519
1895	521
1896	524
1897	525
1898	524
1899	526
1900	527
1901	526
1902	525
1903	525
1904	524
1905	523
1906	521
1907	519
1908	518
1909	513
1910	511
1911	507
1912	504
1913	500
1914	495
1915	491
1916	485
1917	479
1918	473
1919	467
1920	462
1921	452
1922	446
1923	439
1924	429
1925	418
1926	411
1927	400
1928	389
1929	377
1930	370
1931	358
1932	344
1933	335
1934	327
1935	315
1936	304
1937	299
1938	293
1939	281
1940	276
1941	275
1942	271
1943	267
1944	267
1945	272
1946	272
1947	271
1948	276
1949	284
1950	285
1951	287
1952	295
1953	300
1954	300
1955	304
1956	310
1957	314
1958	314
1959	315
1960	321
1961	322
1962	319
1963	323
1964	325
1965	323
1966	319
1967	319
1968	322
1969	315
1970	312
1971	313
1972	309
1973	303
1974	297
1975	297
1976	291
1977	282
1978	279
1979	275
1980	267
1981	257
1982	253
1983	249
1984	238
1985	234
1986	230
1987	218
1988	216
1989	212
1990	203
1991	203
1992	201
1993	195
1994	199
1995	199
1996	195
1997	203
1998	204
1999	204
2000	213
2001	215
2002	217
2003	227
2004	229
2005	232
2006	241
2007	242
2008	245
2009	253
2010	251
2011	254
2012	261
2013	259
2014	260
2015	263
2016	266
2017	264
2018	262
2019	267
2020	266
2021	262
2022	261
2023	263
2024	261
2025	255
2026	255
2027	255
2028	249
2029	251
2030	249
2031	241
2032	243
2033	241
2034	236
2035	240
2036	239
2037	235
2038	239
2039	239
2040	238
2041	245
2042	245
2043	245
2044	253
2045	255
2046	255
2047	266
2048	269
2049	271
2050	278
2051	286
2052	289
2053	292
2054	299
2055	308
2056	309
2057	312
2058	319
2059	325
2060	326
2061	331
2062	335
2063	340
2064	341
2065	343
2066	348
2067	351
2068	349
2069	351
2070	355
2071	354
2072	353
2073	355
2074	355
2075	353
2076	351
2077	353
2078	351
2079	347
2080	345
2081	346
2082	344
2083	337
2084	334
2085	335
2086	329
2087	322
2088	319
2089	317
2090	310
2091	301
2092	299
2093	294
2094	285
2095	279
2096	275
2097	269
2098	259
2099	252
2100	250
2101	239
2102	233
2103	230
2104	219
2105	215
2106	212
2107	201
2108	198
2109	195
2110	185
2111	185
2112	183
2113	175
2114	177
2115	177
2116	169
2117	173
2118	172
2119	167
2120	172
2121	171
2122	167
2123	174
2124	173
2125	171
2126	178
2127	177
2128	175
2129	183
2130	181
2131	179
2132	185
2133	182
2134	181
2135	187
2136	183
2137	183
2138	189
2139	185
2140	186
2141	191
2142	185
2143	187
2144	189
2145	184
2146	186
2147	189
2148	183
2149	187
2150	189
2151	183
2152	187
2153	188
2154	182
2155	187
2156	187
2157	181
2158	185
2159	186
2160	180
2161	185
2162	183
2163	178
2164	183
2165	182
2166	177
2167	183
2168	180
2169	177
2170	182
2171	179
2172	177
2173	183
2174	179
2175	177
2176	182
2177	179
2178	177
2179	183
2180	179
2181	179
2182	183
2183	179
2184	180
2185	186
2186	181
2187	183
2188	187
2189	182
2190	184
2191	188
2192	183
2193	186
2194	190
2195	185
2196	189
2197	191
2198	186
2199	190
2200	191
2201	185
2202	189
2203	190
2204	184
2205	189
2206	187
2207	181
2208	187
2209	186
2210	181
2211	185
2212	183
2213	179
2214	183
2215	182
2216	179
2217	186
2218	183
2219	183
2220	191
2221	190
2222	193
2223	202
2224	203
2225	207
2226	217
2227	219
2228	225
2229	236
2230	238
2231	245
2232	255
2233	259
2234	266
2235	277
2236	283
2237	289
2238	295
2239	307
2240	313
2241	315
2242	323
2243	333
2244	335
2245	340
2246	347
2247	355
2248	357
2249	362
2250	367
2251	373
2252	375
2253	378
2254	383
2255	389
2256	388
2257	391
2258	396
2259	397
2260	396
2261	399
2262	402
2263	402
2264	401
2265	402
2266	404
2267	402
2268	399
2269	401
2270	401
2271	397
2272	395
2273	394
2274	393
2275	387
2276	383
2277	383
2278	378
2279	372
2280	369
2281	367
2282	360
2283	351
2284	349
2285	344
2286	335
2287	327
2288	324
2289	317
2290	306
2291	301
2292	296
2293	286
2294	276
2295	270
2296	267
2297	255
2298	247
2299	245
2300	235
2301	229
