0.000000
0.000000
0.000000
0.000000
0.000000
0.000000
0.000000
0.000000
0.000000
0.000000
0.000000
0.000000
0.000000
0.000000
0.000000
0.000000
0.000000
0.000000
0.000000
0.000000
0.000000
0.000000
0.000000
0.000000
0.000000
0.000000
0.000000
0.000000
0.000000
0.000000
0.000000
0.000000
0.000000
0.000000
0.000000
0.000000
0.000000
0.000000
0.000000
0.000000
0.000000
0.000000
0.000000
0.000000
0.000000
0.000000
0.000000
32.000000
4436.000000
4210.000000
2910.000000
2670.000000
2504.000000
2541.000000
2432.000000
2324.000000
2331.000000
2437.000000
2446.000000
2517.000000
2657.000000
2738.000000
2880.000000
3010.000000
3228.000000
3392.000000
3520.000000
3753.000000
3853.000000
4151.000000
4314.000000
4395.000000
4779.000000
4868.000000
5018.000000
5218.000000
5348.000000
5501.000000
5663.000000
5857.000000
5943.000000
6154.000000
6075.000000
6412.000000
6251.000000
6536.000000
6347.000000
6502.000000
6432.000000
6517.000000
6468.000000
6520.000000
6261.000000
6362.000000
6394.000000
6347.000000
6342.000000
6282.000000
6165.000000
5985.000000
5944.000000
5676.000000
5518.000000
5515.000000
5324.000000
5178.000000
5038.000000
4886.000000
4674.000000
4532.000000
4309.000000
4124.000000
3980.000000
3856.000000
3544.000000
3521.000000
3234.000000
3019.000000
2911.000000
2789.000000
2531.000000
2424.000000
2308.000000
2152.000000
1996.000000
1875.000000
1810.000000
1658.000000
1475.000000
1383.000000
1374.000000
1280.000000
1117.000000
1108.000000
1020.000000
900.000000
848.000000
800.000000
809.000000
687.000000
658.000000
627.000000
587.000000
524.000000
513.000000
489.000000
469.000000
487.000000
404.000000
415.000000
426.000000
377.000000
389.000000
340.000000
331.000000
324.000000
310.000000
328.000000
299.000000
286.000000
242.000000
270.000000
231.000000
230.000000
201.000000
210.000000
194.000000
190.000000
166.000000
203.000000
172.000000
143.000000
154.000000
124.000000
122.000000
110.000000
119.000000
114.000000
109.000000
94.000000
88.000000
92.000000
89.000000
95.000000
88.000000
85.000000
59.000000
68.000000
67.000000
58.000000
57.000000
51.000000
57.000000
59.000000
57.000000
52.000000
52.000000
43.000000
45.000000
43.000000
37.000000
40.000000
38.000000
40.000000
44.000000
28.000000
41.000000
29.000000
23.000000
29.000000
22.000000
25.000000
34.000000
31.000000
27.000000
31.000000
36.000000
21.000000
28.000000
20.000000
32.000000
23.000000
24.000000
11.000000
14.000000
17.000000
22.000000
11.000000
24.000000
14.000000
14.000000
19.000000
13.000000
10.000000
12.000000
16.000000
13.000000
23.000000
14.000000
14.000000
14.000000
16.000000
18.000000
17.000000
15.000000
12.000000
11.000000
16.000000
11.000000
9.000000
9.000000
14.000000
13.000000
18.000000
18.000000
22.000000
16.000000
24.000000
15.000000
17.000000
15.000000
18.000000
15.000000
24.000000
14.000000
33.000000
25.000000
19.000000
22.000000
19.000000
21.000000
20.000000
23.000000
27.000000
31.000000
27.000000
29.000000
26.000000
28.000000
29.000000
33.000000
29.000000
30.000000
25.000000
38.000000
40.000000
27.000000
40.000000
31.000000
19.000000
39.000000
36.000000
36.000000
36.000000
39.000000
39.000000
31.000000
35.000000
32.000000
31.000000
32.000000
36.000000
38.000000
33.000000
38.000000
33.000000
36.000000
36.000000
37.000000
34.000000
39.000000
36.000000
29.000000
34.000000
33.000000
33.000000
37.000000
38.000000
50.000000
45.000000
42.000000
45.000000
58.000000
66.000000
59.000000
60.000000
73.000000
86.000000
82.000000
102.000000
94.000000
95.000000
108.000000
123.000000
144.000000
126.000000
146.000000
149.000000
155.000000
164.000000
173.000000
161.000000
218.000000
202.000000
210.000000
224.000000
256.000000
214.000000
217.000000
255.000000
231.000000
247.000000
219.000000
222.000000
215.000000
197.000000
228.000000
221.000000
185.000000
194.000000
192.000000
164.000000
161.000000
138.000000
147.000000
127.000000
134.000000
109.000000
113.000000
109.000000
91.000000
78.000000
58.000000
67.000000
44.000000
44.000000
52.000000
46.000000
32.000000
34.000000
29.000000
22.000000
14.000000
21.000000
18.000000
15.000000
17.000000
11.000000
11.000000
13.000000
4.000000
7.000000
6.000000
8.000000
8.000000
4.000000
4.000000
6.000000
4.000000
4.000000
2.000000
2.000000
2.000000
7.000000
6.000000
2.000000
3.000000
2.000000
2.000000
3.000000
5.000000
3.000000
3.000000
1.000000
2.000000
1.000000
1.000000
3.000000
1.000000
2.000000
2.000000
1.000000
0.000000
2.000000
3.000000
4.000000
2.000000
4.000000
2.000000
5.000000
2.000000
3.000000
3.000000
3.000000
2.000000
3.000000
3.000000
3.000000
2.000000
3.000000
0.000000
2.000000
2.000000
1.000000
2.000000
1.000000
1.000000
3.000000
0.000000
2.000000
0.000000
2.000000
0.000000
2.000000
3.000000
1.000000
0.000000
3.000000
2.000000
2.000000
3.000000
0.000000
3.000000
0.000000
1.000000
1.000000
2.000000
0.000000
0.000000
1.000000
0.000000
1.000000
0.000000
0.000000
0.000000
1.000000
2.000000
0.000000
1.000000
0.000000
0.000000
0.000000
0.000000
0.000000
1.000000
0.000000
0.000000
0.000000
0.000000
0.000000
0.000000
0.000000
0.000000
0.000000
0.000000
0.000000
1.000000
0.000000
0.000000
1.000000
0.000000
0.000000
0.000000
0.000000
0.000000
0.000000
0.000000
0.000000
0.000000
0.000000
0.000000
1.000000
0.000000
0.000000
0.000000
1.000000
0.000000
0.000000
0.000000
0.000000
0.000000
0.000000
0.000000
1.000000
0.000000
0.000000
0.000000
0.000000
0.000000
0.000000
0.000000
0.000000
0.000000
0.000000
0.000000
0.000000
0.000000
1.000000
1.000000
0.000000
0.000000
0.000000
0.000000
0.000000
0.000000
0.000000
0.000000
0.000000
0.000000
0.000000
1.000000
0.000000
0.000000
0.000000
1.000000
0.000000
0.000000
0.000000
0.000000
0.000000
0.000000
0.000000
0.000000
0.000000
0.000000
0.000000
0.000000
0.000000
0.000000
0.000000
0.000000
0.000000
0.000000
0.000000
0.000000
0.000000
0.000000
0.000000
0.000000
0.000000
0.000000
0.000000
0.000000
0.000000
0.000000
0.000000
0.000000
0.000000
0.000000
0.000000
0.000000
0.000000
0.000000
0.000000
0.000000
0.000000
0.000000
0.000000
0.000000
0.000000
0.000000
0.000000
0.000000
0.000000
0.000000
0.000000
0.000000
0.000000
0.000000
0.000000
0.000000
0.000000
0.000000
0.000000
0.000000
0.000000
0.000000
0.000000
0.000000
0.000000
0.000000
0.000000
0.000000
0.000000
0.000000
0.000000
0.000000
0.000000
0.000000
0.000000
0.000000
0.000000
0.000000
0.000000
0.000000
0.000000
0.000000
1.000000
0.000000
0.000000
1.000000
0.000000
0.000000
0.000000
0.000000
0.000000
0.000000
0.000000
0.000000
0.000000
0.000000
0.000000
0.000000
0.000000
0.000000
1.000000
0.000000
0.000000
0.000000
0.000000
0.000000
0.000000
0.000000
0.000000
0.000000
0.000000
0.000000
0.000000
0.000000
0.000000
0.000000
0.000000
0.000000
0.000000
0.000000
0.000000
0.000000
0.000000
0.000000
0.000000
0.000000
0.000000
1.000000
0.000000
0.000000
0.000000
0.000000
0.000000
0.000000
1.000000
0.000000
0.000000
0.000000
0.000000
0.000000
0.000000
0.000000
0.000000
0.000000
0.000000
0.000000
0.000000
0.000000
0.000000
0.000000
0.000000
0.000000
0.000000
0.000000
0.000000
0.000000
0.000000
0.000000
0.000000
0.000000
1.000000
0.000000
0.000000
0.000000
0.000000
0.000000
0.000000
0.000000
0.000000
0.000000
0.000000
0.000000
0.000000
0.000000
0.000000
0.000000
0.000000
0.000000
0.000000
0.000000
1.000000
0.000000
0.000000
0.000000
1.000000
0.000000
0.000000
0.000000
0.000000
0.000000
0.000000
0.000000
0.000000
0.000000
0.000000
0.000000
0.000000
0.000000
0.000000
0.000000
0.000000
0.000000
0.000000
0.000000
0.000000
0.000000
0.000000
0.000000
0.000000
0.000000
0.000000
0.000000
0.000000
0.000000
0.000000
0.000000
0.000000
0.000000
0.000000
0.000000
1.000000
0.000000
0.000000
0.000000
0.000000
0.000000
0.000000
0.000000
0.000000
0.000000
0.000000
0.000000
0.000000
0.000000
0.000000
0.000000
1.000000
0.000000
0.000000
0.000000
0.000000
0.000000
0.000000
0.000000
0.000000
0.000000
0.000000
0.000000
0.000000
0.000000
0.000000
0.000000
0.000000
0.000000
0.000000
0.000000
0.000000
0.000000
0.000000
0.000000
0.000000
0.000000
0.000000
0.000000
0.000000
0.000000
0.000000
0.000000
0.000000
0.000000
0.000000
0.000000
0.000000
0.000000
0.000000
0.000000
0.000000
0.000000
0.000000
0.000000
0.000000
0.000000
0.000000
0.000000
0.000000
0.000000
0.000000
0.000000
0.000000
0.000000
0.000000
0.000000
0.000000
0.000000
0.000000
0.000000
0.000000
0.000000
0.000000
0.000000
0.000000
0.000000
0.000000
0.000000
0.000000
0.000000
0.000000
0.000000
1.000000
0.000000
0.000000
0.000000
0.000000
0.000000
0.000000
0.000000
0.000000
0.000000
0.000000
0.000000
0.000000
0.000000
0.000000
0.000000
0.000000
0.000000
0.000000
0.000000
0.000000
0.000000
0.000000
0.000000
0.000000
0.000000
0.000000
0.000000
0.000000
0.000000
0.000000
0.000000
0.000000
0.000000
0.000000
0.000000
0.000000
0.000000
0.000000
0.000000
0.000000
0.000000
0.000000
0.000000
0.000000
0.000000
0.000000
0.000000
0.000000
0.000000
0.000000
0.000000
0.000000
0.000000
0.000000
0.000000
0.000000
0.000000
0.000000
0.000000
0.000000
0.000000
0.000000
0.000000
0.000000
0.000000
0.000000
0.000000
0.000000
0.000000
0.000000
0.000000
0.000000
0.000000
0.000000
0.000000
0.000000
0.000000
0.000000
0.000000
0.000000
0.000000
0.000000
0.000000
0.000000
0.000000
0.000000
0.000000
0.000000
0.000000
0.000000
0.000000
0.000000
0.000000
0.000000
0.000000
0.000000
0.000000
0.000000
0.000000
0.000000
0.000000
0.000000
0.000000
0.000000
0.000000
0.000000
0.000000
0.000000
0.000000
0.000000
0.000000
0.000000
0.000000
0.000000
0.000000
0.000000
0.000000
0.000000
0.000000
0.000000
0.000000
0.000000
0.000000
0.000000
0.000000
0.000000
0.000000
0.000000
0.000000
0.000000
0.000000
0.000000
0.000000
0.000000
0.000000
0.000000
0.000000
0.000000
0.000000
0.000000
0.000000
0.000000
0.000000
0.000000
0.000000
0.000000
0.000000
0.000000
0.000000
0.000000
0.000000
0.000000
0.000000
0.000000
0.000000
0.000000
0.000000
0.000000
0.000000
0.000000
