0.000000
0.000000
0.000000
0.000000
0.000000
0.000000
0.000000
0.000000
0.000000
0.000000
0.000000
0.000000
0.000000
0.000000
0.000000
0.000000
0.000000
0.000000
0.000000
0.000000
0.000000
0.000000
0.000000
0.000000
0.000000
0.000000
0.000000
0.000000
0.000000
0.000000
0.000000
0.000000
0.000000
0.000000
0.000000
0.000000
0.000000
0.000000
0.000000
0.000000
0.000000
0.000000
0.000000
0.000000
0.000000
0.000000
0.000000
43.000000
3882.000000
3529.000000
2352.000000
2045.000000
1871.000000
1772.000000
1600.000000
1598.000000
1531.000000
1554.000000
1487.000000
1525.000000
1588.000000
1664.000000
1807.000000
1787.000000
1954.000000
2042.000000
2132.000000
2226.000000
2347.000000
2547.000000
2469.000000
2668.000000
2733.000000
2876.000000
2968.000000
3043.000000
3152.000000
3365.000000
3387.000000
3411.000000
3483.000000
3458.000000
3703.000000
3582.000000
3763.000000
3862.000000
3850.000000
3780.000000
3936.000000
3849.000000
4006.000000
3811.000000
3767.000000
3908.000000
3768.000000
3720.000000
3846.000000
3662.000000
3605.000000
3470.000000
3514.000000
3323.000000
3285.000000
3213.000000
3248.000000
3096.000000
2961.000000
2853.000000
2770.000000
2617.000000
2547.000000
2461.000000
2383.000000
2163.000000
2033.000000
2028.000000
1951.000000
1924.000000
1702.000000
1624.000000
1481.000000
1359.000000
1288.000000
1231.000000
1186.000000
1082.000000
1025.000000
853.000000
852.000000
807.000000
775.000000
725.000000
619.000000
603.000000
597.000000
555.000000
475.000000
430.000000
457.000000
364.000000
374.000000
347.000000
323.000000
298.000000
270.000000
262.000000
233.000000
227.000000
264.000000
237.000000
186.000000
221.000000
213.000000
169.000000
171.000000
190.000000
181.000000
162.000000
159.000000
158.000000
143.000000
120.000000
141.000000
107.000000
108.000000
102.000000
85.000000
82.000000
82.000000
87.000000
88.000000
67.000000
82.000000
75.000000
67.000000
61.000000
49.000000
37.000000
39.000000
44.000000
44.000000
35.000000
29.000000
35.000000
30.000000
30.000000
30.000000
25.000000
26.000000
26.000000
25.000000
23.000000
35.000000
20.000000
16.000000
23.000000
25.000000
18.000000
26.000000
9.000000
18.000000
19.000000
18.000000
20.000000
13.000000
12.000000
16.000000
13.000000
8.000000
13.000000
10.000000
14.000000
9.000000
6.000000
10.000000
10.000000
13.000000
8.000000
9.000000
6.000000
8.000000
10.000000
6.000000
5.000000
9.000000
7.000000
10.000000
6.000000
9.000000
7.000000
5.000000
4.000000
5.000000
4.000000
3.000000
7.000000
10.000000
7.000000
7.000000
6.000000
10.000000
7.000000
5.000000
11.000000
8.000000
9.000000
7.000000
9.000000
8.000000
8.000000
6.000000
3.000000
7.000000
3.000000
8.000000
4.000000
3.000000
10.000000
5.000000
16.000000
6.000000
12.000000
14.000000
11.000000
10.000000
20.000000
9.000000
15.000000
11.000000
14.000000
16.000000
12.000000
18.000000
10.000000
15.000000
6.000000
13.000000
17.000000
15.000000
19.000000
21.000000
16.000000
20.000000
26.000000
23.000000
27.000000
21.000000
26.000000
25.000000
13.000000
17.000000
9.000000
22.000000
13.000000
22.000000
24.000000
16.000000
22.000000
23.000000
20.000000
20.000000
17.000000
26.000000
29.000000
21.000000
20.000000
23.000000
20.000000
26.000000
20.000000
29.000000
23.000000
23.000000
24.000000
20.000000
16.000000
26.000000
27.000000
34.000000
30.000000
27.000000
32.000000
33.000000
31.000000
28.000000
38.000000
56.000000
39.000000
50.000000
38.000000
47.000000
40.000000
78.000000
66.000000
76.000000
79.000000
82.000000
103.000000
102.000000
106.000000
101.000000
111.000000
123.000000
125.000000
131.000000
121.000000
140.000000
105.000000
128.000000
111.000000
104.000000
146.000000
151.000000
137.000000
135.000000
115.000000
116.000000
121.000000
128.000000
121.000000
95.000000
108.000000
109.000000
98.000000
89.000000
69.000000
73.000000
68.000000
59.000000
56.000000
41.000000
51.000000
36.000000
35.000000
41.000000
29.000000
35.000000
30.000000
18.000000
21.000000
10.000000
18.000000
13.000000
11.000000
9.000000
12.000000
10.000000
6.000000
4.000000
3.000000
6.000000
4.000000
1.000000
2.000000
2.000000
1.000000
0.000000
0.000000
2.000000
1.000000
1.000000
4.000000
1.000000
2.000000
1.000000
1.000000
0.000000
0.000000
2.000000
1.000000
0.000000
3.000000
0.000000
0.000000
0.000000
2.000000
0.000000
1.000000
1.000000
0.000000
0.000000
0.000000
1.000000
0.000000
0.000000
0.000000
0.000000
1.000000
0.000000
1.000000
1.000000
1.000000
1.000000
0.000000
0.000000
0.000000
0.000000
0.000000
3.000000
1.000000
0.000000
0.000000
1.000000
0.000000
1.000000
1.000000
2.000000
2.000000
0.000000
1.000000
3.000000
1.000000
2.000000
0.000000
1.000000
1.000000
2.000000
0.000000
1.000000
0.000000
1.000000
0.000000
0.000000
0.000000
0.000000
0.000000
0.000000
0.000000
0.000000
0.000000
1.000000
0.000000
0.000000
0.000000
0.000000
0.000000
0.000000
0.000000
0.000000
0.000000
0.000000
1.000000
0.000000
0.000000
0.000000
0.000000
1.000000
0.000000
1.000000
0.000000
0.000000
0.000000
0.000000
0.000000
0.000000
0.000000
1.000000
0.000000
0.000000
1.000000
0.000000
0.000000
0.000000
0.000000
0.000000
0.000000
0.000000
0.000000
0.000000
0.000000
0.000000
0.000000
0.000000
0.000000
0.000000
0.000000
0.000000
0.000000
0.000000
0.000000
0.000000
0.000000
0.000000
0.000000
0.000000
0.000000
0.000000
0.000000
0.000000
0.000000
0.000000
0.000000
0.000000
0.000000
0.000000
0.000000
0.000000
0.000000
0.000000
0.000000
0.000000
0.000000
0.000000
0.000000
0.000000
0.000000
0.000000
0.000000
0.000000
0.000000
0.000000
0.000000
0.000000
0.000000
0.000000
0.000000
0.000000
0.000000
0.000000
1.000000
0.000000
0.000000
0.000000
0.000000
0.000000
0.000000
0.000000
0.000000
0.000000
0.000000
0.000000
0.000000
0.000000
0.000000
0.000000
0.000000
0.000000
0.000000
1.000000
0.000000
0.000000
0.000000
0.000000
1.000000
0.000000
0.000000
0.000000
0.000000
0.000000
0.000000
0.000000
0.000000
0.000000
0.000000
0.000000
0.000000
0.000000
0.000000
0.000000
0.000000
0.000000
0.000000
0.000000
0.000000
0.000000
0.000000
0.000000
0.000000
0.000000
0.000000
0.000000
0.000000
0.000000
0.000000
0.000000
0.000000
0.000000
0.000000
0.000000
0.000000
0.000000
0.000000
0.000000
0.000000
0.000000
0.000000
0.000000
0.000000
0.000000
0.000000
0.000000
0.000000
0.000000
0.000000
0.000000
0.000000
0.000000
0.000000
0.000000
0.000000
0.000000
0.000000
0.000000
0.000000
0.000000
0.000000
0.000000
0.000000
0.000000
0.000000
0.000000
0.000000
0.000000
0.000000
0.000000
0.000000
0.000000
0.000000
0.000000
0.000000
0.000000
0.000000
0.000000
0.000000
0.000000
0.000000
0.000000
0.000000
0.000000
0.000000
0.000000
0.000000
0.000000
0.000000
0.000000
0.000000
0.000000
0.000000
0.000000
0.000000
0.000000
0.000000
0.000000
0.000000
0.000000
0.000000
0.000000
0.000000
0.000000
0.000000
0.000000
0.000000
0.000000
0.000000
0.000000
0.000000
0.000000
0.000000
0.000000
0.000000
0.000000
0.000000
0.000000
0.000000
0.000000
0.000000
0.000000
0.000000
0.000000
0.000000
0.000000
0.000000
0.000000
0.000000
0.000000
0.000000
0.000000
0.000000
0.000000
0.000000
0.000000
0.000000
0.000000
0.000000
0.000000
0.000000
0.000000
0.000000
0.000000
0.000000
0.000000
0.000000
0.000000
0.000000
0.000000
0.000000
0.000000
0.000000
0.000000
0.000000
0.000000
0.000000
0.000000
0.000000
0.000000
0.000000
0.000000
0.000000
0.000000
0.000000
0.000000
0.000000
0.000000
0.000000
0.000000
0.000000
0.000000
0.000000
0.000000
0.000000
0.000000
0.000000
0.000000
0.000000
0.000000
0.000000
0.000000
0.000000
0.000000
0.000000
0.000000
0.000000
0.000000
0.000000
0.000000
0.000000
0.000000
0.000000
0.000000
0.000000
0.000000
0.000000
0.000000
1.000000
0.000000
0.000000
0.000000
0.000000
0.000000
0.000000
0.000000
0.000000
0.000000
0.000000
0.000000
0.000000
0.000000
0.000000
0.000000
0.000000
0.000000
0.000000
0.000000
0.000000
0.000000
0.000000
0.000000
0.000000
0.000000
0.000000
0.000000
0.000000
0.000000
0.000000
0.000000
0.000000
0.000000
0.000000
0.000000
0.000000
0.000000
0.000000
0.000000
0.000000
0.000000
0.000000
0.000000
0.000000
0.000000
0.000000
0.000000
0.000000
1.000000
0.000000
0.000000
0.000000
0.000000
0.000000
0.000000
0.000000
0.000000
0.000000
0.000000
0.000000
0.000000
0.000000
0.000000
0.000000
0.000000
0.000000
0.000000
0.000000
0.000000
0.000000
0.000000
0.000000
0.000000
0.000000
0.000000
0.000000
0.000000
0.000000
0.000000
0.000000
0.000000
0.000000
0.000000
0.000000
0.000000
0.000000
0.000000
0.000000
0.000000
0.000000
0.000000
0.000000
0.000000
0.000000
0.000000
0.000000
0.000000
0.000000
0.000000
1.000000
0.000000
0.000000
0.000000
0.000000
0.000000
0.000000
0.000000
0.000000
0.000000
0.000000
0.000000
0.000000
0.000000
0.000000
0.000000
0.000000
0.000000
0.000000
0.000000
0.000000
0.000000
0.000000
0.000000
0.000000
0.000000
0.000000
0.000000
0.000000
0.000000
0.000000
0.000000
0.000000
0.000000
1.000000
0.000000
0.000000
0.000000
0.000000
0.000000
0.000000
0.000000
0.000000
0.000000
0.000000
0.000000
0.000000
0.000000
0.000000
0.000000
0.000000
0.000000
0.000000
0.000000
0.000000
0.000000
0.000000
0.000000
0.000000
0.000000
0.000000
1.000000
0.000000
0.000000
0.000000
0.000000
0.000000
0.000000
0.000000
0.000000
0.000000
0.000000
0.000000
0.000000
0.000000
0.000000
0.000000
0.000000
0.000000
0.000000
0.000000
0.000000
0.000000
0.000000
0.000000
0.000000
0.000000
0.000000
0.000000
0.000000
0.000000
0.000000
0.000000
0.000000
0.000000
0.000000
0.000000
0.000000
0.000000
0.000000
0.000000
0.000000
0.000000
0.000000
0.000000
0.000000
0.000000
0.000000
0.000000
0.000000
0.000000
0.000000
0.000000
0.000000
0.000000
0.000000
0.000000
0.000000
0.000000
0.000000
0.000000
0.000000
0.000000
0.000000
0.000000
0.000000
0.000000
0.000000
0.000000
0.000000
0.000000
0.000000
0.000000
0.000000
0.000000
0.000000
0.000000
0.000000
0.000000
0.000000
0.000000
