0.000000
0.000000
0.000000
0.000000
0.000000
0.000000
0.000000
0.000000
0.000000
0.000000
0.000000
0.000000
0.000000
0.000000
0.000000
0.000000
0.000000
0.000000
0.000000
0.000000
0.000000
0.000000
0.000000
0.000000
0.000000
0.000000
0.000000
0.000000
0.000000
0.000000
0.000000
0.000000
0.000000
0.000000
0.000000
0.000000
0.000000
0.000000
0.000000
0.000000
0.000000
0.000000
0.000000
0.000000
0.000000
0.000000
0.000000
41.000000
3855.000000
3306.000000
2165.000000
1824.000000
1596.000000
1416.000000
1185.000000
1216.000000
1143.000000
1156.000000
1029.000000
1033.000000
1081.000000
1038.000000
1091.000000
1165.000000
1289.000000
1213.000000
1376.000000
1336.000000
1497.000000
1589.000000
1689.000000
1688.000000
1795.000000
1807.000000
1967.000000
1978.000000
2056.000000
2057.000000
2091.000000
2178.000000
2205.000000
2341.000000
2325.000000
2289.000000
2316.000000
2513.000000
2503.000000
2355.000000
2388.000000
2406.000000
2487.000000
2439.000000
2457.000000
2487.000000
2443.000000
2372.000000
2406.000000
2262.000000
2277.000000
2184.000000
2163.000000
2168.000000
2166.000000
2083.000000
1989.000000
1974.000000
1848.000000
1823.000000
1762.000000
1582.000000
1508.000000
1556.000000
1433.000000
1445.000000
1323.000000
1252.000000
1259.000000
1150.000000
1096.000000
1039.000000
976.000000
869.000000
879.000000
772.000000
715.000000
643.000000
640.000000
616.000000
502.000000
459.000000
460.000000
418.000000
416.000000
408.000000
359.000000
344.000000
285.000000
291.000000
261.000000
234.000000
247.000000
174.000000
224.000000
181.000000
195.000000
153.000000
131.000000
155.000000
144.000000
143.000000
144.000000
141.000000
116.000000
95.000000
102.000000
102.000000
118.000000
101.000000
91.000000
74.000000
84.000000
58.000000
67.000000
67.000000
67.000000
53.000000
61.000000
53.000000
61.000000
48.000000
48.000000
38.000000
36.000000
33.000000
25.000000
37.000000
41.000000
27.000000
31.000000
21.000000
28.000000
24.000000
20.000000
21.000000
11.000000
22.000000
20.000000
22.000000
13.000000
11.000000
12.000000
14.000000
9.000000
11.000000
16.000000
8.000000
3.000000
9.000000
5.000000
6.000000
7.000000
7.000000
9.000000
6.000000
4.000000
4.000000
12.000000
12.000000
4.000000
5.000000
4.000000
5.000000
5.000000
5.000000
4.000000
10.000000
11.000000
6.000000
3.000000
4.000000
3.000000
2.000000
7.000000
6.000000
4.000000
3.000000
4.000000
7.000000
5.000000
6.000000
8.000000
3.000000
2.000000
4.000000
0.000000
2.000000
2.000000
5.000000
1.000000
1.000000
8.000000
0.000000
7.000000
2.000000
7.000000
7.000000
5.000000
3.000000
9.000000
6.000000
4.000000
8.000000
2.000000
5.000000
5.000000
8.000000
5.000000
2.000000
6.000000
7.000000
4.000000
10.000000
6.000000
11.000000
5.000000
7.000000
5.000000
6.000000
7.000000
9.000000
4.000000
6.000000
8.000000
7.000000
11.000000
8.000000
12.000000
13.000000
8.000000
11.000000
10.000000
11.000000
11.000000
6.000000
14.000000
21.000000
7.000000
11.000000
11.000000
15.000000
9.000000
15.000000
15.000000
21.000000
13.000000
17.000000
7.000000
14.000000
12.000000
12.000000
13.000000
16.000000
12.000000
15.000000
10.000000
12.000000
8.000000
15.000000
16.000000
6.000000
11.000000
13.000000
9.000000
15.000000
17.000000
19.000000
17.000000
17.000000
21.000000
14.000000
24.000000
29.000000
15.000000
16.000000
20.000000
24.000000
33.000000
32.000000
36.000000
38.000000
33.000000
34.000000
39.000000
48.000000
46.000000
56.000000
52.000000
66.000000
72.000000
74.000000
67.000000
61.000000
84.000000
79.000000
85.000000
78.000000
87.000000
85.000000
66.000000
81.000000
82.000000
85.000000
88.000000
87.000000
96.000000
76.000000
65.000000
87.000000
76.000000
78.000000
53.000000
73.000000
58.000000
41.000000
52.000000
45.000000
61.000000
42.000000
34.000000
35.000000
33.000000
33.000000
28.000000
22.000000
17.000000
22.000000
24.000000
22.000000
10.000000
15.000000
9.000000
7.000000
8.000000
11.000000
5.000000
3.000000
7.000000
4.000000
4.000000
1.000000
0.000000
1.000000
1.000000
1.000000
3.000000
0.000000
0.000000
2.000000
1.000000
2.000000
0.000000
0.000000
0.000000
0.000000
0.000000
2.000000
0.000000
0.000000
0.000000
0.000000
0.000000
0.000000
0.000000
1.000000
1.000000
0.000000
0.000000
0.000000
0.000000
0.000000
0.000000
0.000000
1.000000
0.000000
0.000000
0.000000
0.000000
0.000000
0.000000
0.000000
1.000000
0.000000
0.000000
0.000000
0.000000
0.000000
0.000000
0.000000
0.000000
0.000000
2.000000
1.000000
0.000000
0.000000
0.000000
0.000000
1.000000
1.000000
0.000000
0.000000
0.000000
0.000000
0.000000
0.000000
0.000000
0.000000
0.000000
0.000000
0.000000
0.000000
0.000000
0.000000
0.000000
0.000000
0.000000
0.000000
0.000000
0.000000
0.000000
0.000000
0.000000
1.000000
0.000000
0.000000
0.000000
0.000000
1.000000
0.000000
0.000000
0.000000
0.000000
0.000000
0.000000
0.000000
0.000000
0.000000
0.000000
0.000000
0.000000
0.000000
0.000000
0.000000
0.000000
0.000000
0.000000
0.000000
0.000000
0.000000
0.000000
0.000000
0.000000
0.000000
0.000000
0.000000
0.000000
0.000000
0.000000
0.000000
0.000000
0.000000
0.000000
0.000000
0.000000
0.000000
0.000000
0.000000
0.000000
0.000000
0.000000
0.000000
0.000000
0.000000
0.000000
0.000000
0.000000
0.000000
0.000000
0.000000
0.000000
0.000000
0.000000
0.000000
0.000000
0.000000
0.000000
0.000000
0.000000
0.000000
0.000000
0.000000
0.000000
0.000000
0.000000
0.000000
0.000000
0.000000
0.000000
0.000000
0.000000
0.000000
0.000000
0.000000
1.000000
0.000000
0.000000
0.000000
0.000000
0.000000
0.000000
0.000000
0.000000
0.000000
0.000000
0.000000
0.000000
0.000000
0.000000
0.000000
0.000000
0.000000
0.000000
0.000000
0.000000
0.000000
0.000000
0.000000
0.000000
0.000000
0.000000
0.000000
0.000000
0.000000
0.000000
0.000000
0.000000
0.000000
0.000000
0.000000
0.000000
0.000000
0.000000
0.000000
0.000000
0.000000
0.000000
0.000000
0.000000
0.000000
0.000000
0.000000
0.000000
0.000000
0.000000
0.000000
0.000000
0.000000
0.000000
0.000000
0.000000
0.000000
0.000000
0.000000
0.000000
0.000000
0.000000
0.000000
0.000000
0.000000
0.000000
0.000000
0.000000
0.000000
0.000000
0.000000
0.000000
0.000000
0.000000
0.000000
0.000000
0.000000
0.000000
0.000000
0.000000
0.000000
0.000000
0.000000
0.000000
0.000000
0.000000
0.000000
0.000000
0.000000
0.000000
0.000000
0.000000
0.000000
0.000000
0.000000
0.000000
0.000000
0.000000
0.000000
0.000000
1.000000
0.000000
0.000000
0.000000
0.000000
0.000000
0.000000
0.000000
0.000000
0.000000
0.000000
0.000000
0.000000
0.000000
0.000000
0.000000
0.000000
0.000000
0.000000
0.000000
0.000000
0.000000
0.000000
0.000000
0.000000
0.000000
0.000000
0.000000
0.000000
0.000000
0.000000
0.000000
0.000000
0.000000
0.000000
0.000000
0.000000
0.000000
0.000000
0.000000
0.000000
0.000000
0.000000
0.000000
0.000000
0.000000
0.000000
0.000000
0.000000
0.000000
0.000000
0.000000
0.000000
0.000000
0.000000
0.000000
0.000000
0.000000
0.000000
0.000000
0.000000
0.000000
0.000000
0.000000
0.000000
0.000000
0.000000
0.000000
0.000000
0.000000
0.000000
0.000000
0.000000
0.000000
0.000000
0.000000
0.000000
0.000000
0.000000
0.000000
0.000000
0.000000
0.000000
0.000000
0.000000
0.000000
0.000000
0.000000
0.000000
0.000000
0.000000
0.000000
0.000000
0.000000
0.000000
0.000000
0.000000
0.000000
0.000000
0.000000
0.000000
0.000000
0.000000
0.000000
0.000000
0.000000
0.000000
0.000000
0.000000
0.000000
0.000000
0.000000
0.000000
0.000000
0.000000
0.000000
0.000000
0.000000
0.000000
0.000000
0.000000
0.000000
0.000000
0.000000
0.000000
0.000000
0.000000
0.000000
0.000000
0.000000
0.000000
0.000000
0.000000
0.000000
0.000000
0.000000
0.000000
0.000000
0.000000
0.000000
0.000000
0.000000
0.000000
0.000000
0.000000
0.000000
0.000000
0.000000
0.000000
0.000000
0.000000
0.000000
0.000000
0.000000
0.000000
0.000000
0.000000
0.000000
0.000000
0.000000
0.000000
0.000000
0.000000
0.000000
0.000000
0.000000
0.000000
0.000000
0.000000
1.000000
0.000000
0.000000
0.000000
0.000000
0.000000
0.000000
0.000000
0.000000
0.000000
0.000000
0.000000
0.000000
0.000000
0.000000
0.000000
0.000000
0.000000
0.000000
0.000000
0.000000
0.000000
0.000000
0.000000
0.000000
0.000000
0.000000
0.000000
0.000000
0.000000
0.000000
0.000000
0.000000
0.000000
0.000000
0.000000
0.000000
0.000000
0.000000
0.000000
0.000000
0.000000
0.000000
0.000000
0.000000
0.000000
0.000000
0.000000
0.000000
0.000000
1.000000
0.000000
0.000000
0.000000
0.000000
0.000000
0.000000
0.000000
0.000000
0.000000
0.000000
0.000000
0.000000
0.000000
0.000000
0.000000
0.000000
0.000000
0.000000
0.000000
0.000000
0.000000
0.000000
0.000000
0.000000
0.000000
0.000000
0.000000
0.000000
0.000000
0.000000
0.000000
0.000000
0.000000
0.000000
0.000000
0.000000
0.000000
0.000000
0.000000
0.000000
0.000000
0.000000
0.000000
0.000000
0.000000
0.000000
0.000000
0.000000
0.000000
0.000000
0.000000
0.000000
0.000000
0.000000
0.000000
0.000000
0.000000
0.000000
0.000000
0.000000
0.000000
0.000000
0.000000
0.000000
0.000000
1.000000
0.000000
0.000000
0.000000
0.000000
0.000000
0.000000
0.000000
0.000000
0.000000
0.000000
0.000000
0.000000
0.000000
0.000000
0.000000
0.000000
0.000000
0.000000
0.000000
0.000000
0.000000
0.000000
0.000000
0.000000
0.000000
0.000000
0.000000
0.000000
0.000000
0.000000
0.000000
0.000000
0.000000
0.000000
0.000000
0.000000
0.000000
0.000000
0.000000
0.000000
0.000000
0.000000
0.000000
0.000000
0.000000
0.000000
0.000000
0.000000
0.000000
0.000000
0.000000
0.000000
0.000000
0.000000
0.000000
0.000000
0.000000
0.000000
0.000000
0.000000
0.000000
0.000000
0.000000
0.000000
0.000000
0.000000
0.000000
0.000000
0.000000
0.000000
0.000000
0.000000
0.000000
0.000000
0.000000
0.000000
0.000000
0.000000
0.000000
0.000000
0.000000
0.000000
0.000000
0.000000
0.000000
