0.000000
0.000000
0.000000
0.000000
0.000000
0.000000
0.000000
0.000000
0.000000
0.000000
0.000000
0.000000
0.000000
0.000000
0.000000
0.000000
0.000000
0.000000
0.000000
0.000000
0.000000
0.000000
0.000000
0.000000
0.000000
0.000000
0.000000
0.000000
0.000000
0.000000
0.000000
0.000000
0.000000
0.000000
0.000000
0.000000
0.000000
0.000000
0.000000
0.000000
0.000000
0.000000
0.000000
0.000000
0.000000
0.000000
0.000000
68.000000
3533.000000
2836.000000
1839.000000
1602.000000
1433.000000
1240.000000
1106.000000
953.000000
914.000000
818.000000
811.000000
700.000000
816.000000
763.000000
757.000000
822.000000
891.000000
906.000000
967.000000
996.000000
1105.000000
1130.000000
1197.000000
1207.000000
1255.000000
1345.000000
1276.000000
1417.000000
1473.000000
1508.000000
1538.000000
1528.000000
1612.000000
1610.000000
1662.000000
1655.000000
1706.000000
1704.000000
1681.000000
1734.000000
1812.000000
1708.000000
1735.000000
1748.000000
1714.000000
1637.000000
1775.000000
1621.000000
1751.000000
1562.000000
1636.000000
1630.000000
1596.000000
1540.000000
1474.000000
1463.000000
1444.000000
1408.000000
1342.000000
1357.000000
1242.000000
1130.000000
1094.000000
1114.000000
1076.000000
1059.000000
930.000000
924.000000
847.000000
797.000000
739.000000
739.000000
670.000000
638.000000
589.000000
579.000000
512.000000
488.000000
468.000000
425.000000
379.000000
366.000000
333.000000
294.000000
280.000000
249.000000
241.000000
208.000000
234.000000
180.000000
171.000000
206.000000
166.000000
137.000000
134.000000
143.000000
131.000000
127.000000
126.000000
104.000000
96.000000
101.000000
108.000000
98.000000
90.000000
83.000000
64.000000
67.000000
74.000000
62.000000
52.000000
64.000000
55.000000
50.000000
47.000000
45.000000
41.000000
43.000000
31.000000
35.000000
32.000000
30.000000
25.000000
28.000000
21.000000
17.000000
20.000000
16.000000
21.000000
27.000000
17.000000
19.000000
15.000000
11.000000
15.000000
11.000000
7.000000
10.000000
7.000000
10.000000
7.000000
7.000000
10.000000
4.000000
3.000000
5.000000
8.000000
8.000000
4.000000
9.000000
4.000000
8.000000
6.000000
6.000000
4.000000
8.000000
2.000000
3.000000
10.000000
0.000000
4.000000
5.000000
1.000000
5.000000
2.000000
3.000000
3.000000
1.000000
1.000000
6.000000
3.000000
3.000000
1.000000
1.000000
1.000000
0.000000
1.000000
4.000000
1.000000
2.000000
3.000000
1.000000
3.000000
0.000000
1.000000
1.000000
4.000000
3.000000
2.000000
3.000000
1.000000
1.000000
3.000000
3.000000
1.000000
3.000000
0.000000
3.000000
2.000000
3.000000
3.000000
2.000000
4.000000
5.000000
7.000000
3.000000
6.000000
7.000000
5.000000
7.000000
5.000000
5.000000
4.000000
0.000000
5.000000
4.000000
5.000000
2.000000
3.000000
5.000000
3.000000
6.000000
5.000000
5.000000
8.000000
9.000000
5.000000
13.000000
6.000000
8.000000
14.000000
10.000000
6.000000
14.000000
11.000000
13.000000
8.000000
7.000000
5.000000
11.000000
9.000000
16.000000
8.000000
8.000000
12.000000
14.000000
6.000000
12.000000
10.000000
14.000000
11.000000
11.000000
6.000000
6.000000
4.000000
7.000000
12.000000
10.000000
10.000000
10.000000
13.000000
12.000000
10.000000
6.000000
7.000000
11.000000
13.000000
14.000000
9.000000
8.000000
13.000000
13.000000
14.000000
7.000000
14.000000
14.000000
9.000000
20.000000
19.000000
29.000000
18.000000
29.000000
26.000000
14.000000
41.000000
33.000000
30.000000
34.000000
35.000000
33.000000
51.000000
46.000000
55.000000
45.000000
51.000000
72.000000
58.000000
69.000000
64.000000
64.000000
67.000000
65.000000
71.000000
66.000000
43.000000
61.000000
68.000000
52.000000
57.000000
66.000000
44.000000
48.000000
39.000000
40.000000
42.000000
41.000000
45.000000
42.000000
27.000000
33.000000
31.000000
28.000000
34.000000
17.000000
19.000000
26.000000
17.000000
17.000000
11.000000
14.000000
9.000000
11.000000
8.000000
2.000000
12.000000
2.000000
3.000000
3.000000
5.000000
2.000000
0.000000
4.000000
3.000000
0.000000
1.000000
1.000000
1.000000
1.000000
0.000000
0.000000
2.000000
0.000000
1.000000
0.000000
0.000000
1.000000
1.000000
0.000000
0.000000
0.000000
0.000000
1.000000
1.000000
0.000000
0.000000
0.000000
1.000000
0.000000
0.000000
0.000000
0.000000
0.000000
0.000000
0.000000
0.000000
0.000000
0.000000
0.000000
0.000000
0.000000
1.000000
0.000000
1.000000
0.000000
0.000000
0.000000
0.000000
1.000000
0.000000
0.000000
0.000000
0.000000
0.000000
0.000000
0.000000
0.000000
0.000000
0.000000
1.000000
0.000000
0.000000
0.000000
0.000000
0.000000
1.000000
0.000000
0.000000
0.000000
0.000000
0.000000
0.000000
0.000000
0.000000
0.000000
0.000000
0.000000
0.000000
0.000000
0.000000
0.000000
0.000000
0.000000
0.000000
0.000000
0.000000
0.000000
0.000000
0.000000
0.000000
0.000000
0.000000
0.000000
0.000000
0.000000
0.000000
0.000000
0.000000
0.000000
0.000000
0.000000
0.000000
0.000000
0.000000
0.000000
0.000000
0.000000
0.000000
0.000000
0.000000
0.000000
0.000000
0.000000
0.000000
0.000000
0.000000
0.000000
0.000000
0.000000
0.000000
0.000000
0.000000
0.000000
0.000000
0.000000
0.000000
0.000000
0.000000
0.000000
0.000000
0.000000
0.000000
0.000000
0.000000
0.000000
0.000000
0.000000
1.000000
0.000000
0.000000
0.000000
0.000000
0.000000
0.000000
0.000000
0.000000
0.000000
0.000000
0.000000
0.000000
0.000000
0.000000
0.000000
0.000000
0.000000
0.000000
0.000000
0.000000
1.000000
0.000000
0.000000
0.000000
0.000000
0.000000
0.000000
0.000000
0.000000
0.000000
0.000000
0.000000
0.000000
0.000000
0.000000
0.000000
0.000000
0.000000
0.000000
0.000000
0.000000
0.000000
0.000000
0.000000
0.000000
0.000000
0.000000
0.000000
0.000000
0.000000
0.000000
0.000000
0.000000
0.000000
0.000000
0.000000
0.000000
0.000000
0.000000
0.000000
0.000000
1.000000
0.000000
0.000000
0.000000
0.000000
0.000000
0.000000
0.000000
0.000000
0.000000
0.000000
0.000000
0.000000
0.000000
0.000000
0.000000
0.000000
0.000000
0.000000
0.000000
0.000000
1.000000
0.000000
0.000000
0.000000
0.000000
0.000000
0.000000
0.000000
0.000000
0.000000
0.000000
0.000000
0.000000
0.000000
0.000000
0.000000
0.000000
0.000000
0.000000
0.000000
0.000000
0.000000
0.000000
0.000000
0.000000
0.000000
0.000000
0.000000
0.000000
0.000000
0.000000
0.000000
0.000000
0.000000
0.000000
0.000000
0.000000
0.000000
0.000000
0.000000
0.000000
0.000000
0.000000
0.000000
0.000000
0.000000
0.000000
0.000000
0.000000
0.000000
0.000000
0.000000
0.000000
0.000000
0.000000
0.000000
0.000000
0.000000
0.000000
0.000000
0.000000
0.000000
0.000000
0.000000
0.000000
0.000000
0.000000
1.000000
0.000000
0.000000
0.000000
0.000000
0.000000
0.000000
0.000000
0.000000
0.000000
0.000000
0.000000
0.000000
0.000000
0.000000
0.000000
0.000000
0.000000
0.000000
0.000000
0.000000
0.000000
0.000000
0.000000
0.000000
0.000000
0.000000
0.000000
0.000000
0.000000
0.000000
0.000000
0.000000
0.000000
0.000000
0.000000
0.000000
0.000000
0.000000
0.000000
0.000000
0.000000
0.000000
0.000000
0.000000
0.000000
0.000000
0.000000
0.000000
1.000000
0.000000
0.000000
0.000000
0.000000
0.000000
1.000000
0.000000
0.000000
0.000000
0.000000
0.000000
0.000000
0.000000
0.000000
0.000000
0.000000
0.000000
0.000000
0.000000
0.000000
0.000000
0.000000
0.000000
0.000000
0.000000
0.000000
0.000000
0.000000
0.000000
0.000000
0.000000
0.000000
0.000000
1.000000
0.000000
0.000000
0.000000
0.000000
1.000000
0.000000
0.000000
0.000000
0.000000
0.000000
0.000000
0.000000
0.000000
0.000000
0.000000
0.000000
0.000000
0.000000
0.000000
0.000000
0.000000
0.000000
0.000000
0.000000
0.000000
0.000000
0.000000
0.000000
0.000000
0.000000
0.000000
0.000000
0.000000
0.000000
0.000000
0.000000
0.000000
0.000000
0.000000
0.000000
0.000000
0.000000
0.000000
0.000000
0.000000
0.000000
0.000000
0.000000
0.000000
0.000000
0.000000
0.000000
0.000000
0.000000
0.000000
0.000000
0.000000
0.000000
0.000000
0.000000
0.000000
0.000000
0.000000
0.000000
0.000000
0.000000
0.000000
0.000000
0.000000
0.000000
0.000000
0.000000
0.000000
0.000000
0.000000
0.000000
0.000000
0.000000
0.000000
0.000000
0.000000
0.000000
1.000000
0.000000
0.000000
0.000000
0.000000
0.000000
0.000000
0.000000
0.000000
0.000000
0.000000
0.000000
0.000000
0.000000
0.000000
0.000000
0.000000
0.000000
0.000000
0.000000
0.000000
0.000000
0.000000
0.000000
0.000000
0.000000
0.000000
0.000000
0.000000
0.000000
1.000000
0.000000
0.000000
0.000000
0.000000
0.000000
0.000000
0.000000
0.000000
0.000000
0.000000
0.000000
0.000000
0.000000
0.000000
0.000000
0.000000
0.000000
0.000000
0.000000
0.000000
0.000000
0.000000
0.000000
0.000000
0.000000
0.000000
0.000000
0.000000
0.000000
0.000000
1.000000
0.000000
0.000000
0.000000
0.000000
0.000000
0.000000
0.000000
0.000000
0.000000
0.000000
0.000000
0.000000
0.000000
0.000000
0.000000
0.000000
0.000000
0.000000
0.000000
0.000000
0.000000
0.000000
0.000000
0.000000
0.000000
0.000000
0.000000
0.000000
0.000000
0.000000
0.000000
0.000000
0.000000
0.000000
0.000000
0.000000
0.000000
0.000000
0.000000
0.000000
0.000000
0.000000
0.000000
0.000000
0.000000
0.000000
0.000000
0.000000
0.000000
0.000000
0.000000
0.000000
0.000000
0.000000
0.000000
0.000000
0.000000
0.000000
0.000000
0.000000
0.000000
0.000000
0.000000
0.000000
0.000000
0.000000
0.000000
0.000000
0.000000
0.000000
0.000000
0.000000
0.000000
0.000000
0.000000
0.000000
0.000000
0.000000
0.000000
0.000000
1.000000
0.000000
0.000000
0.000000
0.000000
0.000000
0.000000
0.000000
0.000000
0.000000
0.000000
0.000000
0.000000
0.000000
0.000000
0.000000
0.000000
0.000000
0.000000
0.000000
0.000000
0.000000
0.000000
0.000000
0.000000
0.000000
0.000000
0.000000
0.000000
0.000000
0.000000
0.000000
0.000000
0.000000
0.000000
0.000000
0.000000
0.000000
0.000000
0.000000
0.000000
0.000000
