0.000000
0.000000
0.000000
0.000000
0.000000
0.000000
0.000000
0.000000
0.000000
0.000000
0.000000
0.000000
0.000000
0.000000
0.000000
0.000000
0.000000
0.000000
0.000000
0.000000
0.000000
0.000000
0.000000
0.000000
0.000000
0.000000
0.000000
0.000000
0.000000
0.000000
0.000000
0.000000
0.000000
0.000000
0.000000
0.000000
0.000000
0.000000
0.000000
0.000000
0.000000
0.000000
0.000000
0.000000
0.000000
0.000000
0.000000
75.000000
3613.000000
2816.000000
1824.000000
1538.000000
1359.000000
1157.000000
940.000000
831.000000
812.000000
675.000000
631.000000
647.000000
619.000000
612.000000
573.000000
657.000000
658.000000
664.000000
671.000000
726.000000
761.000000
793.000000
828.000000
803.000000
885.000000
933.000000
1005.000000
1013.000000
1017.000000
1061.000000
1081.000000
1099.000000
1135.000000
1227.000000
1144.000000
1220.000000
1200.000000
1238.000000
1207.000000
1222.000000
1215.000000
1209.000000
1213.000000
1207.000000
1173.000000
1319.000000
1184.000000
1193.000000
1213.000000
1203.000000
1109.000000
1119.000000
1169.000000
1044.000000
1042.000000
1043.000000
1014.000000
1010.000000
969.000000
914.000000
915.000000
865.000000
832.000000
810.000000
732.000000
662.000000
655.000000
596.000000
616.000000
596.000000
569.000000
526.000000
457.000000
414.000000
406.000000
412.000000
381.000000
322.000000
297.000000
308.000000
264.000000
253.000000
228.000000
225.000000
207.000000
186.000000
175.000000
153.000000
144.000000
147.000000
131.000000
102.000000
125.000000
105.000000
82.000000
86.000000
96.000000
91.000000
81.000000
93.000000
61.000000
62.000000
84.000000
51.000000
61.000000
62.000000
56.000000
65.000000
40.000000
48.000000
48.000000
48.000000
46.000000
49.000000
39.000000
25.000000
38.000000
18.000000
34.000000
23.000000
26.000000
16.000000
22.000000
25.000000
8.000000
18.000000
18.000000
15.000000
15.000000
15.000000
15.000000
10.000000
10.000000
3.000000
6.000000
9.000000
8.000000
6.000000
5.000000
9.000000
7.000000
4.000000
5.000000
3.000000
3.000000
5.000000
3.000000
5.000000
3.000000
6.000000
3.000000
4.000000
1.000000
3.000000
4.000000
3.000000
3.000000
5.000000
3.000000
3.000000
1.000000
3.000000
1.000000
3.000000
4.000000
1.000000
1.000000
1.000000
2.000000
1.000000
1.000000
2.000000
2.000000
2.000000
3.000000
0.000000
2.000000
3.000000
1.000000
1.000000
1.000000
0.000000
4.000000
1.000000
1.000000
3.000000
1.000000
2.000000
2.000000
2.000000
2.000000
5.000000
1.000000
2.000000
1.000000
0.000000
1.000000
2.000000
2.000000
4.000000
1.000000
4.000000
0.000000
6.000000
2.000000
3.000000
8.000000
1.000000
5.000000
3.000000
2.000000
0.000000
2.000000
4.000000
5.000000
0.000000
3.000000
1.000000
4.000000
7.000000
4.000000
3.000000
4.000000
6.000000
8.000000
5.000000
6.000000
5.000000
3.000000
5.000000
5.000000
2.000000
3.000000
7.000000
5.000000
4.000000
8.000000
7.000000
4.000000
7.000000
4.000000
7.000000
6.000000
7.000000
6.000000
2.000000
9.000000
4.000000
6.000000
8.000000
7.000000
6.000000
9.000000
11.000000
4.000000
13.000000
3.000000
7.000000
12.000000
9.000000
4.000000
5.000000
6.000000
2.000000
5.000000
5.000000
8.000000
12.000000
4.000000
15.000000
7.000000
9.000000
14.000000
9.000000
8.000000
8.000000
10.000000
18.000000
20.000000
12.000000
10.000000
25.000000
24.000000
22.000000
16.000000
24.000000
25.000000
31.000000
32.000000
20.000000
28.000000
47.000000
41.000000
37.000000
41.000000
38.000000
52.000000
47.000000
39.000000
44.000000
54.000000
46.000000
44.000000
48.000000
49.000000
46.000000
42.000000
46.000000
29.000000
47.000000
31.000000
22.000000
33.000000
35.000000
33.000000
35.000000
34.000000
23.000000
34.000000
19.000000
23.000000
23.000000
19.000000
17.000000
13.000000
15.000000
15.000000
10.000000
8.000000
9.000000
8.000000
1.000000
7.000000
0.000000
5.000000
2.000000
6.000000
2.000000
3.000000
0.000000
0.000000
0.000000
1.000000
0.000000
0.000000
1.000000
0.000000
1.000000
1.000000
0.000000
0.000000
1.000000
0.000000
0.000000
1.000000
0.000000
1.000000
0.000000
0.000000
0.000000
1.000000
0.000000
0.000000
1.000000
0.000000
0.000000
0.000000
0.000000
0.000000
0.000000
0.000000
0.000000
0.000000
1.000000
0.000000
0.000000
0.000000
0.000000
0.000000
0.000000
2.000000
0.000000
0.000000
0.000000
0.000000
0.000000
0.000000
0.000000
0.000000
0.000000
0.000000
0.000000
0.000000
0.000000
0.000000
1.000000
0.000000
0.000000
0.000000
0.000000
0.000000
0.000000
0.000000
0.000000
0.000000
1.000000
0.000000
0.000000
0.000000
0.000000
0.000000
0.000000
0.000000
0.000000
0.000000
0.000000
0.000000
0.000000
0.000000
0.000000
0.000000
0.000000
0.000000
0.000000
0.000000
0.000000
0.000000
0.000000
0.000000
0.000000
0.000000
0.000000
0.000000
0.000000
0.000000
0.000000
0.000000
1.000000
0.000000
0.000000
0.000000
0.000000
0.000000
0.000000
0.000000
0.000000
0.000000
0.000000
0.000000
0.000000
0.000000
0.000000
0.000000
0.000000
0.000000
0.000000
0.000000
0.000000
0.000000
0.000000
0.000000
0.000000
0.000000
0.000000
0.000000
0.000000
0.000000
0.000000
0.000000
0.000000
1.000000
0.000000
0.000000
0.000000
0.000000
0.000000
0.000000
0.000000
0.000000
0.000000
0.000000
0.000000
0.000000
0.000000
0.000000
0.000000
1.000000
0.000000
0.000000
0.000000
0.000000
0.000000
0.000000
0.000000
0.000000
0.000000
0.000000
0.000000
0.000000
0.000000
0.000000
0.000000
0.000000
0.000000
0.000000
0.000000
0.000000
0.000000
0.000000
0.000000
0.000000
0.000000
0.000000
0.000000
0.000000
0.000000
0.000000
0.000000
0.000000
0.000000
0.000000
0.000000
0.000000
0.000000
0.000000
0.000000
0.000000
0.000000
0.000000
0.000000
0.000000
0.000000
0.000000
0.000000
0.000000
0.000000
0.000000
0.000000
0.000000
0.000000
0.000000
1.000000
0.000000
0.000000
0.000000
0.000000
0.000000
0.000000
0.000000
0.000000
0.000000
0.000000
0.000000
0.000000
0.000000
0.000000
0.000000
0.000000
0.000000
0.000000
0.000000
0.000000
0.000000
0.000000
0.000000
0.000000
0.000000
0.000000
0.000000
0.000000
0.000000
0.000000
0.000000
0.000000
0.000000
0.000000
0.000000
0.000000
0.000000
0.000000
0.000000
0.000000
0.000000
0.000000
0.000000
0.000000
1.000000
0.000000
0.000000
0.000000
0.000000
0.000000
0.000000
0.000000
0.000000
0.000000
0.000000
0.000000
0.000000
0.000000
0.000000
0.000000
0.000000
0.000000
0.000000
0.000000
0.000000
0.000000
0.000000
0.000000
0.000000
0.000000
0.000000
0.000000
0.000000
0.000000
0.000000
0.000000
0.000000
0.000000
0.000000
0.000000
0.000000
0.000000
0.000000
0.000000
0.000000
0.000000
0.000000
0.000000
0.000000
0.000000
0.000000
0.000000
0.000000
0.000000
1.000000
0.000000
0.000000
0.000000
0.000000
0.000000
0.000000
0.000000
1.000000
0.000000
0.000000
0.000000
0.000000
0.000000
0.000000
0.000000
0.000000
0.000000
0.000000
0.000000
0.000000
0.000000
0.000000
0.000000
0.000000
0.000000
0.000000
0.000000
0.000000
0.000000
0.000000
0.000000
0.000000
0.000000
0.000000
0.000000
0.000000
0.000000
0.000000
0.000000
0.000000
0.000000
0.000000
0.000000
0.000000
0.000000
0.000000
0.000000
0.000000
0.000000
0.000000
0.000000
0.000000
0.000000
0.000000
0.000000
0.000000
0.000000
0.000000
0.000000
0.000000
0.000000
0.000000
0.000000
0.000000
0.000000
0.000000
0.000000
0.000000
0.000000
0.000000
0.000000
0.000000
0.000000
0.000000
0.000000
0.000000
0.000000
0.000000
0.000000
0.000000
0.000000
0.000000
0.000000
0.000000
0.000000
0.000000
0.000000
0.000000
0.000000
0.000000
0.000000
0.000000
0.000000
0.000000
0.000000
0.000000
0.000000
0.000000
0.000000
0.000000
0.000000
0.000000
0.000000
0.000000
0.000000
0.000000
0.000000
0.000000
0.000000
0.000000
0.000000
0.000000
0.000000
0.000000
0.000000
0.000000
0.000000
0.000000
0.000000
0.000000
0.000000
0.000000
0.000000
0.000000
0.000000
0.000000
0.000000
0.000000
0.000000
0.000000
0.000000
0.000000
0.000000
0.000000
0.000000
0.000000
0.000000
0.000000
0.000000
0.000000
0.000000
0.000000
0.000000
0.000000
0.000000
0.000000
0.000000
0.000000
0.000000
0.000000
0.000000
0.000000
0.000000
0.000000
0.000000
0.000000
0.000000
0.000000
0.000000
0.000000
0.000000
0.000000
0.000000
0.000000
0.000000
0.000000
0.000000
0.000000
0.000000
0.000000
0.000000
0.000000
0.000000
0.000000
0.000000
0.000000
0.000000
0.000000
0.000000
0.000000
0.000000
0.000000
0.000000
1.000000
0.000000
0.000000
0.000000
0.000000
0.000000
0.000000
0.000000
0.000000
0.000000
0.000000
0.000000
0.000000
0.000000
0.000000
0.000000
0.000000
0.000000
0.000000
0.000000
0.000000
0.000000
0.000000
0.000000
0.000000
0.000000
0.000000
0.000000
0.000000
0.000000
0.000000
0.000000
0.000000
0.000000
0.000000
0.000000
0.000000
0.000000
0.000000
0.000000
0.000000
0.000000
0.000000
0.000000
0.000000
0.000000
0.000000
0.000000
0.000000
0.000000
0.000000
0.000000
0.000000
0.000000
0.000000
0.000000
0.000000
0.000000
0.000000
0.000000
0.000000
0.000000
0.000000
0.000000
0.000000
0.000000
0.000000
0.000000
0.000000
0.000000
0.000000
0.000000
0.000000
1.000000
0.000000
0.000000
0.000000
0.000000
0.000000
0.000000
0.000000
0.000000
0.000000
0.000000
0.000000
0.000000
0.000000
0.000000
0.000000
0.000000
0.000000
0.000000
0.000000
0.000000
0.000000
0.000000
0.000000
0.000000
0.000000
0.000000
0.000000
0.000000
0.000000
0.000000
0.000000
0.000000
0.000000
0.000000
0.000000
0.000000
0.000000
0.000000
0.000000
0.000000
0.000000
0.000000
0.000000
0.000000
0.000000
0.000000
0.000000
0.000000
0.000000
0.000000
0.000000
0.000000
0.000000
0.000000
0.000000
0.000000
0.000000
0.000000
0.000000
0.000000
0.000000
0.000000
0.000000
0.000000
0.000000
0.000000
0.000000
0.000000
0.000000
0.000000
0.000000
0.000000
0.000000
0.000000
0.000000
0.000000
0.000000
0.000000
0.000000
0.000000
0.000000
0.000000
