0.000000
0.000000
0.000000
0.000000
0.000000
0.000000
0.000000
0.000000
0.000000
0.000000
0.000000
0.000000
0.000000
0.000000
0.000000
0.000000
0.000000
0.000000
0.000000
0.000000
0.000000
0.000000
0.000000
0.000000
0.000000
0.000000
0.000000
0.000000
0.000000
0.000000
0.000000
0.000000
0.000000
0.000000
0.000000
0.000000
0.000000
0.000000
0.000000
0.000000
0.000000
0.000000
0.000000
0.000000
0.000000
0.000000
0.000000
38.000000
3357.000000
2799.000000
1767.000000
1395.000000
1227.000000
1076.000000
827.000000
711.000000
679.000000
615.000000
504.000000
465.000000
481.000000
511.000000
487.000000
498.000000
518.000000
512.000000
547.000000
544.000000
533.000000
608.000000
599.000000
629.000000
670.000000
698.000000
700.000000
725.000000
778.000000
810.000000
832.000000
825.000000
817.000000
822.000000
893.000000
956.000000
914.000000
885.000000
948.000000
920.000000
909.000000
935.000000
952.000000
959.000000
972.000000
896.000000
900.000000
935.000000
925.000000
879.000000
848.000000
857.000000
858.000000
796.000000
820.000000
774.000000
755.000000
703.000000
702.000000
720.000000
647.000000
612.000000
633.000000
574.000000
564.000000
534.000000
501.000000
474.000000
448.000000
383.000000
400.000000
389.000000
321.000000
348.000000
345.000000
297.000000
284.000000
243.000000
225.000000
190.000000
181.000000
185.000000
183.000000
149.000000
155.000000
153.000000
133.000000
123.000000
94.000000
96.000000
79.000000
127.000000
85.000000
82.000000
85.000000
88.000000
49.000000
65.000000
41.000000
65.000000
51.000000
63.000000
39.000000
49.000000
49.000000
54.000000
39.000000
22.000000
27.000000
27.000000
33.000000
31.000000
34.000000
22.000000
27.000000
29.000000
25.000000
19.000000
32.000000
15.000000
23.000000
19.000000
16.000000
10.000000
15.000000
9.000000
13.000000
10.000000
7.000000
8.000000
10.000000
9.000000
3.000000
6.000000
6.000000
8.000000
5.000000
1.000000
2.000000
7.000000
4.000000
5.000000
6.000000
4.000000
4.000000
2.000000
3.000000
2.000000
2.000000
5.000000
3.000000
1.000000
2.000000
2.000000
3.000000
6.000000
0.000000
4.000000
2.000000
1.000000
1.000000
1.000000
1.000000
2.000000
0.000000
2.000000
1.000000
2.000000
2.000000
1.000000
0.000000
1.000000
1.000000
0.000000
0.000000
0.000000
1.000000
2.000000
1.000000
0.000000
1.000000
1.000000
1.000000
3.000000
3.000000
1.000000
1.000000
2.000000
1.000000
1.000000
0.000000
1.000000
1.000000
0.000000
0.000000
1.000000
1.000000
4.000000
3.000000
2.000000
2.000000
4.000000
2.000000
1.000000
1.000000
1.000000
0.000000
4.000000
2.000000
3.000000
3.000000
2.000000
1.000000
2.000000
3.000000
1.000000
1.000000
2.000000
2.000000
2.000000
2.000000
0.000000
3.000000
1.000000
3.000000
7.000000
2.000000
6.000000
1.000000
6.000000
4.000000
1.000000
3.000000
1.000000
4.000000
2.000000
1.000000
6.000000
3.000000
1.000000
3.000000
11.000000
2.000000
8.000000
2.000000
6.000000
6.000000
7.000000
7.000000
5.000000
5.000000
6.000000
5.000000
0.000000
2.000000
6.000000
3.000000
4.000000
6.000000
5.000000
5.000000
3.000000
8.000000
8.000000
7.000000
5.000000
6.000000
4.000000
8.000000
7.000000
6.000000
6.000000
1.000000
10.000000
9.000000
8.000000
8.000000
10.000000
4.000000
8.000000
10.000000
18.000000
15.000000
19.000000
19.000000
17.000000
24.000000
23.000000
24.000000
20.000000
22.000000
23.000000
36.000000
30.000000
35.000000
34.000000
26.000000
27.000000
32.000000
27.000000
32.000000
36.000000
33.000000
43.000000
33.000000
41.000000
47.000000
36.000000
29.000000
36.000000
26.000000
27.000000
35.000000
22.000000
21.000000
19.000000
25.000000
11.000000
16.000000
15.000000
9.000000
19.000000
15.000000
12.000000
10.000000
10.000000
11.000000
8.000000
3.000000
5.000000
2.000000
6.000000
3.000000
4.000000
1.000000
1.000000
0.000000
2.000000
4.000000
1.000000
1.000000
0.000000
1.000000
0.000000
0.000000
0.000000
0.000000
1.000000
0.000000
0.000000
0.000000
0.000000
0.000000
0.000000
0.000000
0.000000
0.000000
0.000000
0.000000
0.000000
0.000000
0.000000
0.000000
0.000000
0.000000
0.000000
0.000000
0.000000
0.000000
0.000000
0.000000
0.000000
1.000000
0.000000
0.000000
0.000000
0.000000
0.000000
0.000000
0.000000
0.000000
0.000000
0.000000
0.000000
0.000000
0.000000
1.000000
0.000000
0.000000
0.000000
0.000000
0.000000
0.000000
0.000000
0.000000
0.000000
0.000000
0.000000
0.000000
1.000000
0.000000
0.000000
0.000000
0.000000
0.000000
0.000000
0.000000
0.000000
0.000000
0.000000
0.000000
0.000000
0.000000
0.000000
0.000000
0.000000
0.000000
0.000000
0.000000
0.000000
0.000000
0.000000
0.000000
0.000000
0.000000
0.000000
0.000000
0.000000
0.000000
0.000000
0.000000
0.000000
0.000000
0.000000
0.000000
0.000000
0.000000
0.000000
0.000000
0.000000
0.000000
0.000000
0.000000
0.000000
0.000000
0.000000
0.000000
0.000000
0.000000
0.000000
0.000000
0.000000
0.000000
0.000000
0.000000
0.000000
0.000000
0.000000
0.000000
0.000000
0.000000
0.000000
0.000000
0.000000
0.000000
0.000000
0.000000
0.000000
0.000000
0.000000
0.000000
0.000000
0.000000
0.000000
0.000000
0.000000
0.000000
0.000000
0.000000
0.000000
0.000000
0.000000
0.000000
0.000000
0.000000
0.000000
0.000000
0.000000
0.000000
0.000000
0.000000
0.000000
0.000000
0.000000
0.000000
0.000000
0.000000
0.000000
0.000000
0.000000
0.000000
0.000000
0.000000
0.000000
1.000000
0.000000
0.000000
0.000000
0.000000
1.000000
0.000000
0.000000
0.000000
0.000000
0.000000
0.000000
0.000000
0.000000
0.000000
0.000000
0.000000
0.000000
0.000000
0.000000
0.000000
0.000000
0.000000
0.000000
0.000000
0.000000
0.000000
0.000000
0.000000
0.000000
0.000000
0.000000
1.000000
0.000000
0.000000
0.000000
0.000000
0.000000
0.000000
0.000000
0.000000
1.000000
0.000000
0.000000
0.000000
0.000000
0.000000
0.000000
0.000000
0.000000
0.000000
0.000000
0.000000
0.000000
0.000000
0.000000
1.000000
0.000000
0.000000
0.000000
0.000000
0.000000
0.000000
0.000000
0.000000
0.000000
0.000000
0.000000
0.000000
0.000000
0.000000
0.000000
0.000000
0.000000
0.000000
0.000000
0.000000
0.000000
0.000000
0.000000
0.000000
0.000000
0.000000
0.000000
0.000000
0.000000
0.000000
0.000000
0.000000
0.000000
0.000000
0.000000
0.000000
0.000000
0.000000
0.000000
0.000000
0.000000
0.000000
0.000000
0.000000
0.000000
0.000000
0.000000
0.000000
0.000000
0.000000
0.000000
0.000000
0.000000
0.000000
0.000000
0.000000
0.000000
0.000000
0.000000
0.000000
0.000000
0.000000
0.000000
0.000000
0.000000
0.000000
0.000000
0.000000
0.000000
0.000000
0.000000
1.000000
0.000000
0.000000
0.000000
0.000000
0.000000
0.000000
0.000000
0.000000
0.000000
0.000000
0.000000
0.000000
0.000000
0.000000
0.000000
0.000000
0.000000
0.000000
0.000000
0.000000
0.000000
0.000000
0.000000
0.000000
0.000000
0.000000
0.000000
0.000000
0.000000
0.000000
0.000000
0.000000
0.000000
0.000000
0.000000
0.000000
0.000000
0.000000
0.000000
0.000000
0.000000
0.000000
0.000000
0.000000
0.000000
0.000000
0.000000
0.000000
0.000000
0.000000
0.000000
0.000000
0.000000
0.000000
0.000000
0.000000
0.000000
0.000000
0.000000
0.000000
0.000000
0.000000
0.000000
0.000000
0.000000
0.000000
0.000000
0.000000
0.000000
0.000000
0.000000
0.000000
0.000000
0.000000
0.000000
0.000000
0.000000
0.000000
0.000000
0.000000
0.000000
0.000000
0.000000
0.000000
0.000000
0.000000
0.000000
0.000000
0.000000
0.000000
0.000000
0.000000
0.000000
0.000000
0.000000
0.000000
0.000000
0.000000
0.000000
0.000000
0.000000
0.000000
0.000000
0.000000
0.000000
0.000000
0.000000
0.000000
0.000000
0.000000
0.000000
0.000000
0.000000
0.000000
0.000000
0.000000
0.000000
0.000000
0.000000
0.000000
0.000000
0.000000
0.000000
0.000000
0.000000
0.000000
0.000000
0.000000
0.000000
0.000000
0.000000
0.000000
0.000000
0.000000
0.000000
0.000000
0.000000
0.000000
0.000000
0.000000
0.000000
0.000000
0.000000
0.000000
0.000000
0.000000
0.000000
0.000000
0.000000
0.000000
0.000000
0.000000
0.000000
0.000000
0.000000
0.000000
0.000000
0.000000
0.000000
0.000000
0.000000
0.000000
0.000000
0.000000
0.000000
0.000000
0.000000
0.000000
0.000000
0.000000
0.000000
0.000000
0.000000
0.000000
0.000000
0.000000
0.000000
0.000000
0.000000
0.000000
0.000000
0.000000
0.000000
0.000000
0.000000
0.000000
0.000000
0.000000
0.000000
0.000000
0.000000
0.000000
0.000000
0.000000
0.000000
0.000000
0.000000
0.000000
0.000000
0.000000
0.000000
0.000000
0.000000
0.000000
0.000000
0.000000
0.000000
0.000000
0.000000
0.000000
0.000000
0.000000
0.000000
0.000000
0.000000
0.000000
0.000000
0.000000
0.000000
0.000000
0.000000
0.000000
0.000000
0.000000
0.000000
0.000000
0.000000
0.000000
0.000000
0.000000
0.000000
0.000000
0.000000
0.000000
0.000000
0.000000
0.000000
0.000000
0.000000
0.000000
0.000000
0.000000
0.000000
0.000000
0.000000
0.000000
0.000000
0.000000
0.000000
0.000000
0.000000
0.000000
0.000000
0.000000
0.000000
0.000000
0.000000
0.000000
0.000000
0.000000
0.000000
0.000000
0.000000
0.000000
0.000000
0.000000
0.000000
0.000000
0.000000
0.000000
0.000000
0.000000
0.000000
0.000000
0.000000
0.000000
0.000000
0.000000
0.000000
0.000000
0.000000
0.000000
0.000000
0.000000
0.000000
0.000000
0.000000
0.000000
0.000000
0.000000
0.000000
0.000000
0.000000
0.000000
0.000000
0.000000
0.000000
0.000000
0.000000
0.000000
0.000000
0.000000
0.000000
0.000000
0.000000
0.000000
0.000000
0.000000
0.000000
0.000000
0.000000
0.000000
0.000000
0.000000
0.000000
0.000000
0.000000
0.000000
0.000000
0.000000
0.000000
0.000000
0.000000
0.000000
0.000000
0.000000
0.000000
0.000000
0.000000
0.000000
0.000000
0.000000
0.000000
0.000000
0.000000
0.000000
0.000000
0.000000
0.000000
0.000000
0.000000
0.000000
0.000000
