0.000000
0.000000
0.000000
0.000000
0.000000
0.000000
0.000000
0.000000
0.000000
0.000000
0.000000
0.000000
0.000000
0.000000
0.000000
0.000000
0.000000
0.000000
0.000000
0.000000
0.000000
0.000000
0.000000
0.000000
0.000000
0.000000
0.000000
0.000000
0.000000
0.000000
0.000000
0.000000
0.000000
0.000000
0.000000
0.000000
0.000000
0.000000
0.000000
0.000000
0.000000
0.000000
0.000000
0.000000
0.000000
0.000000
0.000000
6.000000
1088.000000
1240.000000
822.000000
708.000000
686.000000
642.000000
630.000000
559.000000
621.000000
601.000000
629.000000
659.000000
674.000000
677.000000
755.000000
760.000000
762.000000
876.000000
860.000000
964.000000
1004.000000
977.000000
1082.000000
1125.000000
1157.000000
1248.000000
1211.000000
1349.000000
1413.000000
1471.000000
1388.000000
1484.000000
1536.000000
1515.000000
1555.000000
1543.000000
1603.000000
1621.000000
1657.000000
1683.000000
1649.000000
1649.000000
1678.000000
1699.000000
1660.000000
1577.000000
1597.000000
1610.000000
1495.000000
1564.000000
1537.000000
1510.000000
1582.000000
1469.000000
1493.000000
1370.000000
1327.000000
1328.000000
1333.000000
1248.000000
1234.000000
1211.000000
1082.000000
1061.000000
987.000000
932.000000
920.000000
861.000000
865.000000
827.000000
803.000000
702.000000
626.000000
606.000000
567.000000
543.000000
507.000000
453.000000
429.000000
417.000000
388.000000
404.000000
347.000000
310.000000
304.000000
274.000000
239.000000
239.000000
210.000000
167.000000
185.000000
193.000000
154.000000
173.000000
149.000000
157.000000
142.000000
128.000000
127.000000
103.000000
113.000000
117.000000
98.000000
91.000000
96.000000
84.000000
90.000000
75.000000
88.000000
66.000000
56.000000
70.000000
60.000000
62.000000
53.000000
43.000000
55.000000
48.000000
60.000000
43.000000
41.000000
33.000000
43.000000
43.000000
40.000000
32.000000
39.000000
47.000000
28.000000
20.000000
23.000000
29.000000
27.000000
20.000000
16.000000
27.000000
18.000000
20.000000
13.000000
25.000000
19.000000
21.000000
18.000000
11.000000
13.000000
14.000000
14.000000
18.000000
15.000000
8.000000
15.000000
10.000000
11.000000
7.000000
11.000000
11.000000
9.000000
5.000000
6.000000
7.000000
7.000000
4.000000
9.000000
11.000000
9.000000
6.000000
9.000000
3.000000
8.000000
11.000000
3.000000
8.000000
7.000000
7.000000
9.000000
5.000000
4.000000
4.000000
3.000000
1.000000
4.000000
2.000000
2.000000
7.000000
7.000000
4.000000
4.000000
6.000000
4.000000
3.000000
4.000000
7.000000
1.000000
5.000000
5.000000
5.000000
4.000000
5.000000
3.000000
3.000000
4.000000
9.000000
3.000000
0.000000
8.000000
2.000000
2.000000
2.000000
3.000000
8.000000
4.000000
4.000000
4.000000
2.000000
4.000000
3.000000
5.000000
3.000000
2.000000
3.000000
3.000000
3.000000
6.000000
4.000000
3.000000
9.000000
5.000000
7.000000
8.000000
6.000000
6.000000
5.000000
8.000000
10.000000
10.000000
4.000000
10.000000
15.000000
9.000000
7.000000
10.000000
11.000000
8.000000
11.000000
9.000000
13.000000
8.000000
11.000000
5.000000
3.000000
7.000000
10.000000
8.000000
12.000000
13.000000
8.000000
7.000000
8.000000
8.000000
12.000000
5.000000
8.000000
8.000000
10.000000
7.000000
4.000000
7.000000
12.000000
9.000000
15.000000
7.000000
14.000000
6.000000
8.000000
10.000000
11.000000
12.000000
24.000000
16.000000
24.000000
26.000000
13.000000
20.000000
30.000000
27.000000
22.000000
34.000000
33.000000
36.000000
34.000000
39.000000
37.000000
39.000000
55.000000
50.000000
49.000000
45.000000
56.000000
50.000000
50.000000
52.000000
49.000000
64.000000
67.000000
54.000000
52.000000
52.000000
69.000000
54.000000
50.000000
54.000000
50.000000
40.000000
38.000000
47.000000
42.000000
32.000000
35.000000
38.000000
29.000000
25.000000
26.000000
26.000000
27.000000
25.000000
20.000000
19.000000
15.000000
11.000000
8.000000
10.000000
9.000000
8.000000
6.000000
12.000000
9.000000
5.000000
2.000000
1.000000
10.000000
3.000000
2.000000
4.000000
0.000000
7.000000
3.000000
1.000000
3.000000
0.000000
1.000000
2.000000
1.000000
1.000000
2.000000
1.000000
0.000000
1.000000
0.000000
0.000000
1.000000
0.000000
1.000000
1.000000
1.000000
1.000000
0.000000
0.000000
0.000000
0.000000
1.000000
1.000000
0.000000
0.000000
1.000000
2.000000
1.000000
1.000000
0.000000
0.000000
2.000000
0.000000
0.000000
0.000000
1.000000
2.000000
0.000000
0.000000
0.000000
1.000000
2.000000
1.000000
0.000000
1.000000
0.000000
1.000000
0.000000
0.000000
1.000000
0.000000
2.000000
1.000000
0.000000
0.000000
0.000000
2.000000
0.000000
1.000000
0.000000
0.000000
0.000000
0.000000
1.000000
0.000000
0.000000
0.000000
0.000000
1.000000
0.000000
0.000000
0.000000
0.000000
0.000000
0.000000
1.000000
0.000000
1.000000
0.000000
0.000000
0.000000
0.000000
0.000000
0.000000
0.000000
0.000000
0.000000
0.000000
0.000000
0.000000
0.000000
0.000000
0.000000
1.000000
0.000000
0.000000
0.000000
0.000000
0.000000
0.000000
0.000000
0.000000
0.000000
0.000000
0.000000
0.000000
0.000000
0.000000
0.000000
0.000000
0.000000
0.000000
0.000000
0.000000
0.000000
0.000000
0.000000
0.000000
0.000000
0.000000
0.000000
0.000000
0.000000
0.000000
0.000000
0.000000
0.000000
0.000000
0.000000
0.000000
0.000000
0.000000
0.000000
0.000000
0.000000
0.000000
0.000000
0.000000
0.000000
0.000000
0.000000
0.000000
0.000000
0.000000
0.000000
0.000000
0.000000
0.000000
0.000000
0.000000
0.000000
0.000000
0.000000
0.000000
0.000000
1.000000
0.000000
0.000000
0.000000
0.000000
0.000000
0.000000
0.000000
0.000000
0.000000
0.000000
0.000000
0.000000
0.000000
0.000000
0.000000
0.000000
0.000000
0.000000
0.000000
0.000000
0.000000
0.000000
0.000000
0.000000
0.000000
0.000000
0.000000
0.000000
0.000000
0.000000
0.000000
0.000000
0.000000
0.000000
0.000000
0.000000
0.000000
0.000000
0.000000
0.000000
0.000000
0.000000
0.000000
0.000000
0.000000
0.000000
0.000000
0.000000
0.000000
0.000000
0.000000
0.000000
0.000000
0.000000
0.000000
0.000000
0.000000
0.000000
0.000000
0.000000
0.000000
0.000000
0.000000
0.000000
0.000000
0.000000
0.000000
0.000000
0.000000
0.000000
0.000000
0.000000
0.000000
0.000000
0.000000
0.000000
0.000000
0.000000
0.000000
0.000000
0.000000
0.000000
0.000000
0.000000
0.000000
0.000000
0.000000
0.000000
0.000000
0.000000
0.000000
0.000000
0.000000
0.000000
0.000000
0.000000
0.000000
0.000000
0.000000
0.000000
0.000000
0.000000
0.000000
0.000000
0.000000
0.000000
0.000000
0.000000
0.000000
0.000000
0.000000
0.000000
0.000000
0.000000
0.000000
0.000000
0.000000
0.000000
0.000000
0.000000
0.000000
0.000000
0.000000
0.000000
0.000000
0.000000
0.000000
0.000000
0.000000
0.000000
0.000000
0.000000
0.000000
0.000000
0.000000
0.000000
0.000000
0.000000
0.000000
0.000000
0.000000
0.000000
0.000000
0.000000
0.000000
0.000000
0.000000
0.000000
0.000000
0.000000
0.000000
0.000000
0.000000
0.000000
0.000000
0.000000
0.000000
0.000000
0.000000
0.000000
0.000000
0.000000
0.000000
0.000000
0.000000
0.000000
0.000000
0.000000
0.000000
0.000000
0.000000
0.000000
0.000000
0.000000
0.000000
0.000000
0.000000
0.000000
0.000000
0.000000
0.000000
0.000000
0.000000
0.000000
0.000000
0.000000
0.000000
0.000000
0.000000
0.000000
0.000000
0.000000
0.000000
0.000000
0.000000
0.000000
0.000000
0.000000
0.000000
0.000000
0.000000
0.000000
0.000000
0.000000
0.000000
0.000000
0.000000
0.000000
0.000000
0.000000
0.000000
0.000000
0.000000
0.000000
0.000000
0.000000
0.000000
0.000000
0.000000
0.000000
0.000000
0.000000
0.000000
0.000000
0.000000
0.000000
0.000000
0.000000
0.000000
0.000000
0.000000
0.000000
0.000000
0.000000
0.000000
0.000000
0.000000
0.000000
0.000000
0.000000
0.000000
0.000000
0.000000
0.000000
0.000000
0.000000
0.000000
0.000000
0.000000
0.000000
0.000000
0.000000
0.000000
0.000000
0.000000
0.000000
0.000000
0.000000
0.000000
0.000000
0.000000
0.000000
0.000000
0.000000
0.000000
0.000000
0.000000
0.000000
0.000000
0.000000
0.000000
0.000000
0.000000
0.000000
0.000000
0.000000
0.000000
0.000000
0.000000
0.000000
0.000000
0.000000
0.000000
0.000000
0.000000
0.000000
0.000000
0.000000
0.000000
0.000000
0.000000
0.000000
0.000000
0.000000
0.000000
0.000000
0.000000
0.000000
0.000000
0.000000
0.000000
0.000000
0.000000
0.000000
0.000000
0.000000
0.000000
0.000000
0.000000
0.000000
0.000000
0.000000
0.000000
0.000000
0.000000
0.000000
0.000000
0.000000
0.000000
0.000000
0.000000
0.000000
0.000000
0.000000
0.000000
0.000000
0.000000
0.000000
0.000000
0.000000
0.000000
0.000000
0.000000
0.000000
0.000000
0.000000
0.000000
0.000000
0.000000
0.000000
0.000000
0.000000
0.000000
0.000000
0.000000
0.000000
0.000000
0.000000
0.000000
0.000000
0.000000
0.000000
0.000000
0.000000
0.000000
0.000000
0.000000
0.000000
0.000000
0.000000
0.000000
0.000000
0.000000
0.000000
0.000000
0.000000
0.000000
0.000000
0.000000
0.000000
0.000000
0.000000
0.000000
0.000000
0.000000
0.000000
0.000000
0.000000
0.000000
0.000000
0.000000
0.000000
0.000000
0.000000
0.000000
0.000000
0.000000
0.000000
0.000000
0.000000
0.000000
0.000000
0.000000
0.000000
0.000000
0.000000
0.000000
0.000000
0.000000
0.000000
0.000000
0.000000
0.000000
0.000000
0.000000
0.000000
0.000000
0.000000
0.000000
0.000000
0.000000
0.000000
0.000000
0.000000
0.000000
0.000000
0.000000
0.000000
0.000000
0.000000
0.000000
0.000000
0.000000
0.000000
0.000000
0.000000
0.000000
0.000000
0.000000
0.000000
0.000000
0.000000
0.000000
0.000000
0.000000
0.000000
0.000000
0.000000
0.000000
0.000000
0.000000
0.000000
0.000000
0.000000
0.000000
0.000000
0.000000
0.000000
0.000000
0.000000
0.000000
0.000000
0.000000
0.000000
0.000000
0.000000
0.000000
0.000000
0.000000
0.000000
0.000000
0.000000
0.000000
0.000000
0.000000
0.000000
0.000000
0.000000
0.000000
0.000000
0.000000
0.000000
