0.000000
0.000000
0.000000
0.000000
0.000000
0.000000
0.000000
0.000000
0.000000
0.000000
0.000000
0.000000
0.000000
0.000000
0.000000
0.000000
0.000000
0.000000
0.000000
0.000000
0.000000
0.000000
0.000000
0.000000
0.000000
0.000000
0.000000
0.000000
0.000000
0.000000
0.000000
0.000000
0.000000
0.000000
0.000000
0.000000
0.000000
0.000000
0.000000
0.000000
0.000000
0.000000
0.000000
0.000000
0.000000
0.000000
0.000000
10.000000
2021.000000
2393.000000
1594.000000
1408.000000
1319.000000
1290.000000
1262.000000
1209.000000
1163.000000
1279.000000
1292.000000
1290.000000
1371.000000
1431.000000
1460.000000
1545.000000
1574.000000
1655.000000
1772.000000
1879.000000
1961.000000
2068.000000
2189.000000
2208.000000
2378.000000
2426.000000
2555.000000
2573.000000
2685.000000
2787.000000
2904.000000
2954.000000
2977.000000
3050.000000
3151.000000
3189.000000
3229.000000
3180.000000
3171.000000
3227.000000
3297.000000
3435.000000
3324.000000
3229.000000
3184.000000
3217.000000
3279.000000
3119.000000
3067.000000
3131.000000
3130.000000
3000.000000
2872.000000
2944.000000
2880.000000
2815.000000
2669.000000
2613.000000
2557.000000
2455.000000
2447.000000
2297.000000
2301.000000
2204.000000
2054.000000
1940.000000
1794.000000
1808.000000
1719.000000
1594.000000
1532.000000
1414.000000
1322.000000
1285.000000
1214.000000
1080.000000
1001.000000
945.000000
882.000000
820.000000
747.000000
749.000000
712.000000
675.000000
651.000000
561.000000
470.000000
480.000000
458.000000
420.000000
377.000000
382.000000
350.000000
306.000000
308.000000
287.000000
284.000000
281.000000
270.000000
225.000000
235.000000
188.000000
204.000000
188.000000
194.000000
173.000000
184.000000
169.000000
142.000000
169.000000
166.000000
128.000000
117.000000
134.000000
140.000000
110.000000
101.000000
106.000000
119.000000
115.000000
86.000000
81.000000
76.000000
79.000000
71.000000
76.000000
62.000000
64.000000
51.000000
63.000000
51.000000
48.000000
55.000000
37.000000
46.000000
43.000000
36.000000
33.000000
38.000000
40.000000
33.000000
26.000000
34.000000
30.000000
27.000000
30.000000
25.000000
30.000000
33.000000
30.000000
24.000000
26.000000
32.000000
18.000000
29.000000
20.000000
15.000000
13.000000
14.000000
21.000000
13.000000
21.000000
16.000000
16.000000
8.000000
18.000000
11.000000
8.000000
12.000000
9.000000
13.000000
14.000000
8.000000
7.000000
9.000000
7.000000
13.000000
9.000000
7.000000
11.000000
5.000000
12.000000
8.000000
6.000000
9.000000
7.000000
5.000000
11.000000
6.000000
4.000000
9.000000
6.000000
6.000000
2.000000
9.000000
6.000000
1.000000
8.000000
8.000000
6.000000
5.000000
5.000000
4.000000
8.000000
12.000000
12.000000
5.000000
7.000000
4.000000
10.000000
11.000000
10.000000
7.000000
9.000000
13.000000
6.000000
10.000000
9.000000
5.000000
6.000000
15.000000
5.000000
8.000000
9.000000
12.000000
13.000000
10.000000
20.000000
14.000000
13.000000
17.000000
13.000000
11.000000
17.000000
21.000000
11.000000
14.000000
13.000000
15.000000
16.000000
19.000000
24.000000
12.000000
21.000000
15.000000
19.000000
17.000000
16.000000
20.000000
10.000000
19.000000
19.000000
14.000000
11.000000
23.000000
30.000000
15.000000
10.000000
13.000000
15.000000
17.000000
22.000000
24.000000
22.000000
22.000000
17.000000
14.000000
12.000000
23.000000
16.000000
18.000000
20.000000
18.000000
18.000000
24.000000
23.000000
39.000000
44.000000
30.000000
35.000000
41.000000
40.000000
56.000000
53.000000
45.000000
57.000000
56.000000
75.000000
78.000000
100.000000
88.000000
95.000000
91.000000
81.000000
114.000000
95.000000
120.000000
109.000000
109.000000
120.000000
92.000000
129.000000
113.000000
130.000000
103.000000
124.000000
106.000000
121.000000
106.000000
111.000000
99.000000
95.000000
98.000000
88.000000
88.000000
86.000000
84.000000
87.000000
77.000000
62.000000
65.000000
41.000000
55.000000
39.000000
32.000000
30.000000
35.000000
31.000000
26.000000
21.000000
23.000000
19.000000
23.000000
12.000000
7.000000
6.000000
12.000000
5.000000
5.000000
13.000000
3.000000
3.000000
2.000000
3.000000
4.000000
3.000000
1.000000
2.000000
2.000000
3.000000
2.000000
0.000000
1.000000
3.000000
2.000000
0.000000
2.000000
2.000000
2.000000
1.000000
2.000000
1.000000
1.000000
1.000000
3.000000
2.000000
0.000000
3.000000
1.000000
0.000000
2.000000
1.000000
0.000000
0.000000
0.000000
0.000000
2.000000
2.000000
3.000000
1.000000
3.000000
1.000000
2.000000
5.000000
2.000000
3.000000
1.000000
0.000000
2.000000
0.000000
1.000000
1.000000
0.000000
1.000000
1.000000
1.000000
1.000000
0.000000
0.000000
3.000000
2.000000
0.000000
0.000000
0.000000
0.000000
1.000000
0.000000
2.000000
1.000000
1.000000
1.000000
0.000000
0.000000
0.000000
0.000000
0.000000
1.000000
1.000000
1.000000
0.000000
0.000000
0.000000
1.000000
1.000000
0.000000
0.000000
0.000000
0.000000
0.000000
0.000000
1.000000
0.000000
0.000000
0.000000
0.000000
0.000000
0.000000
1.000000
0.000000
0.000000
0.000000
0.000000
0.000000
0.000000
0.000000
0.000000
0.000000
0.000000
0.000000
0.000000
0.000000
0.000000
0.000000
0.000000
0.000000
0.000000
1.000000
0.000000
0.000000
0.000000
0.000000
1.000000
0.000000
0.000000
0.000000
0.000000
0.000000
0.000000
0.000000
0.000000
0.000000
0.000000
0.000000
0.000000
0.000000
0.000000
0.000000
0.000000
0.000000
0.000000
0.000000
0.000000
0.000000
0.000000
0.000000
0.000000
0.000000
0.000000
0.000000
0.000000
0.000000
0.000000
0.000000
0.000000
0.000000
0.000000
0.000000
0.000000
0.000000
0.000000
0.000000
0.000000
0.000000
0.000000
0.000000
0.000000
0.000000
0.000000
0.000000
0.000000
0.000000
0.000000
0.000000
0.000000
0.000000
0.000000
1.000000
0.000000
0.000000
0.000000
0.000000
0.000000
0.000000
0.000000
0.000000
0.000000
0.000000
0.000000
0.000000
0.000000
0.000000
0.000000
0.000000
0.000000
0.000000
0.000000
0.000000
0.000000
0.000000
0.000000
0.000000
0.000000
0.000000
0.000000
0.000000
0.000000
0.000000
0.000000
0.000000
1.000000
0.000000
0.000000
0.000000
0.000000
0.000000
0.000000
0.000000
1.000000
0.000000
0.000000
0.000000
0.000000
0.000000
0.000000
0.000000
0.000000
1.000000
0.000000
0.000000
0.000000
0.000000
0.000000
0.000000
0.000000
0.000000
0.000000
0.000000
0.000000
0.000000
0.000000
0.000000
0.000000
0.000000
0.000000
0.000000
0.000000
0.000000
0.000000
0.000000
0.000000
0.000000
0.000000
0.000000
0.000000
0.000000
0.000000
0.000000
0.000000
0.000000
0.000000
0.000000
0.000000
0.000000
0.000000
0.000000
0.000000
0.000000
0.000000
0.000000
0.000000
0.000000
0.000000
0.000000
0.000000
0.000000
0.000000
0.000000
0.000000
0.000000
0.000000
0.000000
0.000000
0.000000
0.000000
0.000000
0.000000
0.000000
0.000000
0.000000
0.000000
0.000000
1.000000
0.000000
0.000000
0.000000
0.000000
0.000000
0.000000
0.000000
0.000000
0.000000
0.000000
0.000000
0.000000
0.000000
0.000000
1.000000
0.000000
0.000000
0.000000
0.000000
0.000000
0.000000
0.000000
0.000000
0.000000
0.000000
0.000000
0.000000
0.000000
0.000000
0.000000
0.000000
0.000000
0.000000
0.000000
0.000000
0.000000
0.000000
0.000000
0.000000
0.000000
0.000000
0.000000
0.000000
0.000000
0.000000
0.000000
0.000000
0.000000
0.000000
0.000000
0.000000
0.000000
0.000000
0.000000
0.000000
0.000000
0.000000
0.000000
0.000000
0.000000
0.000000
0.000000
0.000000
0.000000
0.000000
0.000000
0.000000
0.000000
0.000000
0.000000
0.000000
0.000000
0.000000
0.000000
0.000000
0.000000
0.000000
0.000000
0.000000
0.000000
0.000000
0.000000
0.000000
0.000000
0.000000
0.000000
0.000000
0.000000
0.000000
0.000000
0.000000
0.000000
0.000000
0.000000
0.000000
0.000000
0.000000
0.000000
0.000000
0.000000
0.000000
0.000000
0.000000
0.000000
0.000000
0.000000
0.000000
0.000000
0.000000
0.000000
0.000000
0.000000
0.000000
0.000000
0.000000
0.000000
0.000000
0.000000
0.000000
0.000000
0.000000
0.000000
0.000000
0.000000
0.000000
0.000000
0.000000
0.000000
0.000000
0.000000
0.000000
0.000000
0.000000
0.000000
0.000000
0.000000
0.000000
0.000000
0.000000
0.000000
0.000000
0.000000
0.000000
0.000000
0.000000
0.000000
0.000000
0.000000
0.000000
0.000000
0.000000
0.000000
0.000000
0.000000
0.000000
0.000000
0.000000
0.000000
0.000000
0.000000
0.000000
0.000000
0.000000
0.000000
0.000000
0.000000
0.000000
0.000000
1.000000
0.000000
0.000000
0.000000
0.000000
0.000000
0.000000
0.000000
0.000000
0.000000
0.000000
0.000000
0.000000
0.000000
0.000000
0.000000
0.000000
0.000000
0.000000
0.000000
0.000000
0.000000
0.000000
0.000000
0.000000
0.000000
0.000000
0.000000
0.000000
0.000000
0.000000
0.000000
0.000000
0.000000
0.000000
0.000000
0.000000
0.000000
0.000000
0.000000
0.000000
0.000000
0.000000
0.000000
0.000000
0.000000
0.000000
0.000000
0.000000
0.000000
0.000000
0.000000
0.000000
0.000000
0.000000
0.000000
0.000000
0.000000
0.000000
0.000000
0.000000
0.000000
0.000000
0.000000
0.000000
0.000000
0.000000
0.000000
0.000000
0.000000
0.000000
0.000000
0.000000
0.000000
0.000000
0.000000
0.000000
0.000000
0.000000
0.000000
0.000000
0.000000
0.000000
0.000000
0.000000
0.000000
0.000000
0.000000
0.000000
0.000000
0.000000
0.000000
0.000000
0.000000
0.000000
0.000000
0.000000
0.000000
0.000000
0.000000
0.000000
0.000000
0.000000
0.000000
0.000000
0.000000
0.000000
0.000000
0.000000
0.000000
0.000000
0.000000
0.000000
0.000000
0.000000
0.000000
0.000000
0.000000
0.000000
0.000000
0.000000
0.000000
0.000000
0.000000
0.000000
0.000000
0.000000
0.000000
0.000000
0.000000
0.000000
0.000000
0.000000
0.000000
0.000000
0.000000
0.000000
0.000000
0.000000
0.000000
0.000000
0.000000
0.000000
0.000000
0.000000
0.000000
0.000000
0.000000
0.000000
0.000000
0.000000
0.000000
0.000000
0.000000
0.000000
0.000000
0.000000
0.000000
0.000000
0.000000
0.000000
0.000000
0.000000
0.000000
0.000000
0.000000
0.000000
0.000000
0.000000
0.000000
0.000000
0.000000
0.000000
0.000000
0.000000
0.000000
