-10 4.29861e-14
-9.94987 8.69983e-14
-9.89975 1.32899e-13
-9.84962 1.81785e-13
-9.7995 2.34839e-13
-9.74937 2.93315e-13
-9.69925 3.58337e-13
-9.64912 4.3134e-13
-9.599 5.14352e-13
-9.54887 6.08718e-13
-9.49875 7.17026e-13
-9.44862 8.41446e-13
-9.3985 9.84906e-13
-9.34837 1.15078e-12
-9.29825 1.34258e-12
-9.24812 1.56476e-12
-9.19799 1.8223e-12
-9.14787 2.12106e-12
-9.09774 2.4677e-12
-9.04762 2.87009e-12
-8.99749 3.33759e-12
-8.94737 3.88065e-12
-8.89724 4.51118e-12
-8.84712 5.24401e-12
-8.79699 6.09521e-12
-8.74687 7.08436e-12
-8.69674 8.2336e-12
-8.64662 9.56933e-12
-8.59649 1.11213e-11
-8.54637 1.29249e-11
-8.49624 1.50206e-11
-8.44612 1.74563e-11
-8.39599 2.02867e-11
-8.34586 2.35758e-11
-8.29574 2.73982e-11
-8.24561 3.18401e-11
-8.19549 3.7002e-11
-8.14536 4.30011e-11
-8.09524 4.99727e-11
-8.04511 5.80741e-11
-7.99499 6.7489e-11
-7.94486 7.84302e-11
-7.89474 9.11454e-11
-7.84461 1.05922e-10
-7.79449 1.23094e-10
-7.74436 1.43049e-10
-7.69424 1.66241e-10
-7.64411 1.93191e-10
-7.59398 2.24511e-10
-7.54386 2.60908e-10
-7.49373 3.03206e-10
-7.44361 3.52361e-10
-7.39348 4.09485e-10
-7.34336 4.7587e-10
-7.29323 5.53018e-10
-7.24311 6.42672e-10
-7.19298 7.4686e-10
-7.14286 8.67939e-10
-7.09273 1.00865e-09
-7.04261 1.17217e-09
-6.99248 1.3622e-09
-6.94236 1.58303e-09
-6.89223 1.83967e-09
-6.84211 2.13792e-09
-6.79198 2.48451e-09
-6.74185 2.88729e-09
-6.69173 3.35537e-09
-6.6416 3.89934e-09
-6.59148 4.53149e-09
-6.54135 5.26612e-09
-6.49123 6.11985e-09
-6.4411 7.11199e-09
-6.39098 8.26497e-09
-6.34085 9.60486e-09
-6.29073 1.1162e-08
-6.2406 1.29715e-08
-6.19048 1.50744e-08
-6.14035 1.75182e-08
-6.09023 2.03582e-08
-6.0401 2.36586e-08
-5.98997 2.74941e-08
-5.93985 3.19513e-08
-5.88972 3.71311e-08
-5.8396 4.31506e-08
-5.78947 5.0146e-08
-5.73935 5.82754e-08
-5.68922 6.77226e-08
-5.6391 7.87014e-08
-5.58897 9.146e-08
-5.53885 1.06287e-07
-5.48872 1.23517e-07
-5.4386 1.43541e-07
-5.38847 1.66811e-07
-5.33835 1.93852e-07
-5.28822 2.25278e-07
-5.2381 2.61797e-07
-5.18797 3.04236e-07
-5.13784 3.53555e-07
-5.08772 4.10869e-07
-5.03759 4.77472e-07
-4.98747 5.54872e-07
-4.93734 6.44817e-07
-4.88722 7.49341e-07
-4.83709 8.70808e-07
-4.78697 1.01196e-06
-4.73684 1.17599e-06
-4.68672 1.36661e-06
-4.63659 1.58812e-06
-4.58647 1.84553e-06
-4.53634 2.14465e-06
-4.48622 2.49225e-06
-4.43609 2.89617e-06
-4.38596 3.36555e-06
-4.33584 3.91097e-06
-4.28571 4.54477e-06
-4.23559 5.28124e-06
-4.18546 6.13702e-06
-4.13534 7.13143e-06
-4.08521 8.28689e-06
-4.03509 9.62949e-06
-3.98496 1.11895e-05
-3.93484 1.30021e-05
-3.88471 1.51082e-05
-3.83459 1.75552e-05
-3.78446 2.03982e-05
-3.73434 2.37013e-05
-3.68421 2.75387e-05
-3.63409 3.19969e-05
-3.58396 3.7176e-05
-3.53383 4.31925e-05
-3.48371 5.01814e-05
-3.43358 5.82994e-05
-3.38346 6.77287e-05
-3.33333 7.86803e-05
-3.28321 9.13992e-05
-3.23308 0.00010617
-3.18296 0.000123322
-3.13283 0.000143237
-3.08271 0.000166359
-3.03258 0.000193202
-2.98246 0.00022436
-2.93233 0.000260523
-2.88221 0.000302489
-2.83208 0.000351183
-2.78195 0.000407673
-2.73183 0.000473196
-2.6817 0.000549181
-2.63158 0.000637278
-2.58145 0.000739394
-2.53133 0.000857728
-2.4812 0.000994813
-2.43108 0.00115357
-2.38095 0.00133736
-2.33083 0.00155003
-2.2807 0.00179603
-2.23058 0.00208043
-2.18045 0.00240904
-2.13033 0.00278853
-2.0802 0.00322646
-2.03008 0.00373148
-1.97995 0.00431339
-1.92982 0.0049833
-1.8797 0.00575376
-1.82957 0.00663891
-1.77945 0.0076546
-1.72932 0.00881857
-1.6792 0.0101505
-1.62907 0.0116722
-1.57895 0.0134077
-1.52882 0.0153832
-1.4787 0.0176271
-1.42857 0.0201697
-1.37845 0.0230436
-1.32832 0.0262827
-1.2782 0.0299219
-1.22807 0.0339967
-1.17794 0.0385421
-1.12782 0.0435915
-1.07769 0.0491753
-1.02757 0.0553194
-0.977444 0.0620432
-0.927318 0.0693572
-0.877193 0.077261
-0.827068 0.0857405
-0.776942 0.0947654
-0.726817 0.104287
-0.676692 0.114236
-0.626566 0.12452
-0.576441 0.135026
-0.526316 0.145615
-0.47619 0.15613
-0.426065 0.166393
-0.37594 0.176212
-0.325815 0.18539
-0.275689 0.193724
-0.225564 0.201022
-0.175439 0.207102
-0.125313 0.211811
-0.075188 0.215023
-0.0250627 0.216651
0.0250627 0.216651
0.075188 0.215023
0.125313 0.211811
0.175439 0.207102
0.225564 0.201022
0.275689 0.193724
0.325815 0.18539
0.37594 0.176212
0.426065 0.166393
0.47619 0.15613
0.526316 0.145615
0.576441 0.135026
0.626566 0.12452
0.676692 0.114236
0.726817 0.104287
0.776942 0.0947654
0.827068 0.0857405
0.877193 0.077261
0.927318 0.0693572
0.977444 0.0620432
1.02757 0.0553194
1.07769 0.0491753
1.12782 0.0435915
1.17794 0.0385421
1.22807 0.0339967
1.2782 0.0299219
1.32832 0.0262827
1.37845 0.0230436
1.42857 0.0201697
1.4787 0.0176271
1.52882 0.0153832
1.57895 0.0134077
1.62907 0.0116722
1.6792 0.0101505
1.72932 0.00881857
1.77945 0.0076546
1.82957 0.00663891
1.8797 0.00575376
1.92982 0.0049833
1.97995 0.00431339
2.03008 0.00373148
2.0802 0.00322646
2.13033 0.00278853
2.18045 0.00240904
2.23058 0.00208043
2.2807 0.00179603
2.33083 0.00155003
2.38095 0.00133736
2.43108 0.00115357
2.4812 0.000994813
2.53133 0.000857728
2.58145 0.000739394
2.63158 0.000637278
2.6817 0.000549181
2.73183 0.000473196
2.78195 0.000407673
2.83208 0.000351183
2.88221 0.000302489
2.93233 0.000260523
2.98246 0.00022436
3.03258 0.000193202
3.08271 0.000166359
3.13283 0.000143237
3.18296 0.000123322
3.23308 0.00010617
3.28321 9.13992e-05
3.33333 7.86803e-05
3.38346 6.77287e-05
3.43358 5.82994e-05
3.48371 5.01814e-05
3.53383 4.31925e-05
3.58396 3.7176e-05
3.63409 3.19969e-05
3.68421 2.75387e-05
3.73434 2.37013e-05
3.78446 2.03982e-05
3.83459 1.75552e-05
3.88471 1.51082e-05
3.93484 1.30021e-05
3.98496 1.11895e-05
4.03509 9.62949e-06
4.08521 8.28689e-06
4.13534 7.13143e-06
4.18546 6.13702e-06
4.23559 5.28124e-06
4.28571 4.54477e-06
4.33584 3.91097e-06
4.38596 3.36555e-06
4.43609 2.89617e-06
4.48622 2.49225e-06
4.53634 2.14465e-06
4.58647 1.84553e-06
4.63659 1.58812e-06
4.68672 1.36661e-06
4.73684 1.17599e-06
4.78697 1.01196e-06
4.83709 8.70808e-07
4.88722 7.49341e-07
4.93734 6.44817e-07
4.98747 5.54872e-07
5.03759 4.77472e-07
5.08772 4.10869e-07
5.13784 3.53555e-07
5.18797 3.04236e-07
5.2381 2.61797e-07
5.28822 2.25278e-07
5.33835 1.93852e-07
5.38847 1.66811e-07
5.4386 1.43541e-07
5.48872 1.23517e-07
5.53885 1.06287e-07
5.58897 9.146e-08
5.6391 7.87014e-08
5.68922 6.77226e-08
5.73935 5.82754e-08
5.78947 5.0146e-08
5.8396 4.31506e-08
5.88972 3.71311e-08
5.93985 3.19513e-08
5.98997 2.74941e-08
6.0401 2.36586e-08
6.09023 2.03582e-08
6.14035 1.75182e-08
6.19048 1.50744e-08
6.2406 1.29715e-08
6.29073 1.1162e-08
6.34085 9.60486e-09
6.39098 8.26497e-09
6.4411 7.11199e-09
6.49123 6.11986e-09
6.54135 5.26612e-09
6.59148 4.53149e-09
6.6416 3.89934e-09
6.69173 3.35537e-09
6.74185 2.88729e-09
6.79198 2.48451e-09
6.84211 2.13792e-09
6.89223 1.83967e-09
6.94236 1.58303e-09
6.99248 1.3622e-09
7.04261 1.17217e-09
7.09273 1.00865e-09
7.14286 8.6794e-10
7.19298 7.4686e-10
7.24311 6.42672e-10
7.29323 5.53018e-10
7.34336 4.7587e-10
7.39348 4.09485e-10
7.44361 3.52361e-10
7.49373 3.03206e-10
7.54386 2.60908e-10
7.59398 2.24511e-10
7.64411 1.93191e-10
7.69424 1.66241e-10
7.74436 1.4305e-10
7.79449 1.23094e-10
7.84461 1.05922e-10
7.89474 9.11455e-11
7.94486 7.84304e-11
7.99499 6.74892e-11
8.04511 5.80742e-11
8.09524 4.99726e-11
8.14536 4.30011e-11
8.19549 3.70023e-11
8.24561 3.18402e-11
8.29574 2.73981e-11
8.34586 2.35758e-11
8.39599 2.02866e-11
8.44612 1.74562e-11
8.49624 1.50207e-11
8.54637 1.29248e-11
8.59649 1.11214e-11
8.64662 9.56942e-12
8.69674 8.2338e-12
8.74687 7.0845e-12
8.79699 6.09538e-12
8.84712 5.24407e-12
8.89724 4.5114e-12
8.94737 3.88079e-12
8.99749 3.33782e-12
9.04762 2.87034e-12
9.09774 2.46786e-12
9.14787 2.12106e-12
9.19799 1.82227e-12
9.24812 1.56468e-12
9.29825 1.34252e-12
9.34837 1.15067e-12
9.3985 9.84895e-13
9.44862 8.4132e-13
9.49875 7.16786e-13
9.54887 6.08509e-13
9.599 5.14016e-13
9.64912 4.31197e-13
9.69925 3.58195e-13
9.74937 2.9325e-13
9.7995 2.34889e-13
9.84962 1.81809e-13
9.89975 1.32909e-13
9.94987 8.69739e-14
10 4.29778e-14
