-10 -3.3153e-06
-9.94987 -6.63896e-06
-9.89975 -9.97935e-06
-9.84962 -1.33449e-05
-9.7995 -1.67441e-05
-9.74937 -2.01855e-05
-9.69925 -2.36778e-05
-9.64912 -2.72298e-05
-9.599 -3.08504e-05
-9.54887 -3.45488e-05
-9.49875 -3.83343e-05
-9.44862 -4.22165e-05
-9.3985 -4.62051e-05
-9.34837 -5.03101e-05
-9.29825 -5.4542e-05
-9.24812 -5.89114e-05
-9.19799 -6.34294e-05
-9.14787 -6.81072e-05
-9.09774 -7.29567e-05
-9.04762 -7.79902e-05
-8.99749 -8.32202e-05
-8.94737 -8.86601e-05
-8.89724 -9.43235e-05
-8.84712 -0.000100225
-8.79699 -0.000106379
-8.74687 -0.000112801
-8.69674 -0.000119507
-8.64662 -0.000126515
-8.59649 -0.000133841
-8.54637 -0.000141505
-8.49624 -0.000149526
-8.44612 -0.000157924
-8.39599 -0.00016672
-8.34586 -0.000175936
-8.29574 -0.000185596
-8.24561 -0.000195723
-8.19549 -0.000206344
-8.14536 -0.000217485
-8.09524 -0.000229175
-8.04511 -0.000241442
-7.99499 -0.000254318
-7.94486 -0.000267835
-7.89474 -0.000282028
-7.84461 -0.000296931
-7.79449 -0.000312583
-7.74436 -0.000329023
-7.69424 -0.000346292
-7.64411 -0.000364434
-7.59398 -0.000383496
-7.54386 -0.000403523
-7.49373 -0.000424569
-7.44361 -0.000446684
-7.39348 -0.000469926
-7.34336 -0.000494352
-7.29323 -0.000520025
-7.24311 -0.000547008
-7.19298 -0.000575371
-7.14286 -0.000605184
-7.09273 -0.000636522
-7.04261 -0.000669465
-6.99248 -0.000704096
-6.94236 -0.000740502
-6.89223 -0.000778775
-6.84211 -0.000819011
-6.79198 -0.000861311
-6.74185 -0.000905783
-6.69173 -0.000952538
-6.6416 -0.00100169
-6.59148 -0.00105338
-6.54135 -0.00110771
-6.49123 -0.00116484
-6.4411 -0.00122491
-6.39098 -0.00128806
-6.34085 -0.00135446
-6.29073 -0.00142427
-6.2406 -0.00149768
-6.19048 -0.00157486
-6.14035 -0.00165601
-6.09023 -0.00174133
-6.0401 -0.00183104
-5.98997 -0.00192537
-5.93985 -0.00202454
-5.88972 -0.00212883
-5.8396 -0.00223847
-5.78947 -0.00235376
-5.73935 -0.00247498
-5.68922 -0.00260243
-5.6391 -0.00273644
-5.58897 -0.00287735
-5.53885 -0.0030255
-5.48872 -0.00318128
-5.4386 -0.00334507
-5.38847 -0.00351729
-5.33835 -0.00369836
-5.28822 -0.00388875
-5.2381 -0.00408893
-5.18797 -0.0042994
-5.13784 -0.0045207
-5.08772 -0.00475337
-5.03759 -0.00499801
-4.98747 -0.00525522
-4.93734 -0.00552565
-4.88722 -0.00580997
-4.83709 -0.00610891
-4.78697 -0.00642319
-4.73684 -0.00675362
-4.68672 -0.00710101
-4.63659 -0.00746623
-4.58647 -0.00785019
-4.53634 -0.00825384
-4.48622 -0.00867818
-4.43609 -0.00912427
-4.38596 -0.00959321
-4.33584 -0.0100861
-4.28571 -0.0106043
-4.23559 -0.011149
-4.18546 -0.0117214
-4.13534 -0.0123231
-4.08521 -0.0129555
-4.03509 -0.0136201
-3.98496 -0.0143186
-3.93484 -0.0150525
-3.88471 -0.0158237
-3.83459 -0.016634
-3.78446 -0.0174852
-3.73434 -0.0183795
-3.68421 -0.0193188
-3.63409 -0.0203054
-3.58396 -0.0213415
-3.53383 -0.0224294
-3.48371 -0.0235715
-3.43358 -0.0247704
-3.38346 -0.0260286
-3.33333 -0.0273488
-3.28321 -0.0287338
-3.23308 -0.0301864
-3.18296 -0.0317094
-3.13283 -0.0333058
-3.08271 -0.0349786
-3.03258 -0.0367307
-2.98246 -0.0385652
-2.93233 -0.040485
-2.88221 -0.0424931
-2.83208 -0.0445924
-2.78195 -0.0467856
-2.73183 -0.0490752
-2.6817 -0.0514637
-2.63158 -0.0539532
-2.58145 -0.0565452
-2.53133 -0.0592413
-2.4812 -0.062042
-2.43108 -0.0649476
-2.38095 -0.0679572
-2.33083 -0.0710693
-2.2807 -0.074281
-2.23058 -0.0775883
-2.18045 -0.0809856
-2.13033 -0.0844655
-2.0802 -0.0880186
-2.03008 -0.091633
-1.97995 -0.0952942
-1.92982 -0.0989847
-1.8797 -0.102683
-1.82957 -0.106365
-1.77945 -0.110002
-1.72932 -0.113558
-1.6792 -0.116996
-1.62907 -0.12027
-1.57895 -0.12333
-1.52882 -0.126119
-1.4787 -0.128574
-1.42857 -0.130625
-1.37845 -0.132196
-1.32832 -0.133206
-1.2782 -0.133566
-1.22807 -0.133188
-1.17794 -0.131976
-1.12782 -0.129839
-1.07769 -0.126684
-1.02757 -0.122426
-0.977444 -0.116992
-0.927318 -0.110319
-0.877193 -0.102368
-0.827068 -0.0931224
-0.776942 -0.082598
-0.726817 -0.0708467
-0.676692 -0.057962
-0.626566 -0.0440829
-0.576441 -0.0293962
-0.526316 -0.014137
-0.47619 0.0014135
-0.426065 0.0169333
-0.37594 0.0320678
-0.325815 0.0464411
-0.275689 0.0596698
-0.225564 0.0713801
-0.175439 0.081224
-0.125313 0.0888976
-0.075188 0.0941567
-0.0250627 0.0968302
0.0250627 0.0968302
0.075188 0.0941567
0.125313 0.0888976
0.175439 0.081224
0.225564 0.0713801
0.275689 0.0596698
0.325815 0.0464411
0.37594 0.0320678
0.426065 0.0169333
0.47619 0.0014135
0.526316 -0.014137
0.576441 -0.0293962
0.626566 -0.0440829
0.676692 -0.057962
0.726817 -0.0708467
0.776942 -0.082598
0.827068 -0.0931224
0.877193 -0.102368
0.927318 -0.110319
0.977444 -0.116992
1.02757 -0.122426
1.07769 -0.126684
1.12782 -0.129839
1.17794 -0.131976
1.22807 -0.133188
1.2782 -0.133566
1.32832 -0.133206
1.37845 -0.132196
1.42857 -0.130625
1.4787 -0.128574
1.52882 -0.126119
1.57895 -0.12333
1.62907 -0.12027
1.6792 -0.116996
1.72932 -0.113558
1.77945 -0.110002
1.82957 -0.106365
1.8797 -0.102683
1.92982 -0.0989847
1.97995 -0.0952942
2.03008 -0.091633
2.0802 -0.0880186
2.13033 -0.0844655
2.18045 -0.0809856
2.23058 -0.0775883
2.2807 -0.074281
2.33083 -0.0710693
2.38095 -0.0679572
2.43108 -0.0649476
2.4812 -0.062042
2.53133 -0.0592413
2.58145 -0.0565452
2.63158 -0.0539532
2.6817 -0.0514637
2.73183 -0.0490752
2.78195 -0.0467856
2.83208 -0.0445924
2.88221 -0.0424931
2.93233 -0.040485
2.98246 -0.0385652
3.03258 -0.0367307
3.08271 -0.0349786
3.13283 -0.0333058
3.18296 -0.0317094
3.23308 -0.0301864
3.28321 -0.0287338
3.33333 -0.0273488
3.38346 -0.0260286
3.43358 -0.0247704
3.48371 -0.0235715
3.53383 -0.0224294
3.58396 -0.0213415
3.63409 -0.0203054
3.68421 -0.0193188
3.73434 -0.0183795
3.78446 -0.0174852
3.83459 -0.016634
3.88471 -0.0158237
3.93484 -0.0150525
3.98496 -0.0143186
4.03509 -0.0136201
4.08521 -0.0129555
4.13534 -0.0123231
4.18546 -0.0117214
4.23559 -0.011149
4.28571 -0.0106043
4.33584 -0.0100861
4.38596 -0.00959321
4.43609 -0.00912427
4.48622 -0.00867818
4.53634 -0.00825384
4.58647 -0.00785019
4.63659 -0.00746623
4.68672 -0.00710101
4.73684 -0.00675362
4.78697 -0.00642319
4.83709 -0.00610891
4.88722 -0.00580997
4.93734 -0.00552565
4.98747 -0.00525522
5.03759 -0.00499801
5.08772 -0.00475337
5.13784 -0.0045207
5.18797 -0.0042994
5.2381 -0.00408893
5.28822 -0.00388875
5.33835 -0.00369836
5.38847 -0.00351729
5.4386 -0.00334507
5.48872 -0.00318128
5.53885 -0.0030255
5.58897 -0.00287735
5.6391 -0.00273644
5.68922 -0.00260243
5.73935 -0.00247498
5.78947 -0.00235376
5.8396 -0.00223847
5.88972 -0.00212883
5.93985 -0.00202454
5.98997 -0.00192537
6.0401 -0.00183104
6.09023 -0.00174133
6.14035 -0.00165601
6.19048 -0.00157486
6.2406 -0.00149768
6.29073 -0.00142427
6.34085 -0.00135446
6.39098 -0.00128806
6.4411 -0.00122491
6.49123 -0.00116484
6.54135 -0.00110771
6.59148 -0.00105338
6.6416 -0.00100169
6.69173 -0.000952538
6.74185 -0.000905783
6.79198 -0.000861311
6.84211 -0.000819011
6.89223 -0.000778775
6.94236 -0.000740502
6.99248 -0.000704096
7.04261 -0.000669465
7.09273 -0.000636522
7.14286 -0.000605184
7.19298 -0.000575371
7.24311 -0.000547008
7.29323 -0.000520025
7.34336 -0.000494352
7.39348 -0.000469926
7.44361 -0.000446684
7.49373 -0.000424569
7.54386 -0.000403523
7.59398 -0.000383496
7.64411 -0.000364434
7.69424 -0.000346292
7.74436 -0.000329023
7.79449 -0.000312583
7.84461 -0.000296931
7.89474 -0.000282028
7.94486 -0.000267835
7.99499 -0.000254318
8.04511 -0.000241442
8.09524 -0.000229175
8.14536 -0.000217485
8.19549 -0.000206344
8.24561 -0.000195723
8.29574 -0.000185596
8.34586 -0.000175936
8.39599 -0.00016672
8.44612 -0.000157924
8.49624 -0.000149526
8.54637 -0.000141505
8.59649 -0.000133841
8.64662 -0.000126515
8.69674 -0.000119507
8.74687 -0.000112801
8.79699 -0.000106379
8.84712 -0.000100225
8.89724 -9.43235e-05
8.94737 -8.86601e-05
8.99749 -8.32202e-05
9.04762 -7.79902e-05
9.09774 -7.29567e-05
9.14787 -6.81072e-05
9.19799 -6.34294e-05
9.24812 -5.89114e-05
9.29825 -5.4542e-05
9.34837 -5.03101e-05
9.3985 -4.62051e-05
9.44862 -4.22165e-05
9.49875 -3.83343e-05
9.54887 -3.45488e-05
9.599 -3.08504e-05
9.64912 -2.72298e-05
9.69925 -2.36778e-05
9.74937 -2.01855e-05
9.7995 -1.67441e-05
9.84962 -1.33449e-05
9.89975 -9.97935e-06
9.94987 -6.63896e-06
10 -3.3153e-06
