-10 -6.47855e-10
-9.94987 -1.30223e-09
-9.89975 -1.9697e-09
-9.84962 -2.65698e-09
-9.7995 -3.37099e-09
-9.74937 -4.1189e-09
-9.69925 -4.90825e-09
-9.64912 -5.74696e-09
-9.599 -6.64348e-09
-9.54887 -7.60683e-09
-9.49875 -8.64669e-09
-9.44862 -9.77353e-09
-9.3985 -1.09987e-08
-9.34837 -1.23344e-08
-9.29825 -1.37943e-08
-9.24812 -1.53929e-08
-9.19799 -1.71463e-08
-9.14787 -1.90722e-08
-9.09774 -2.11899e-08
-9.04762 -2.35208e-08
-8.99749 -2.60883e-08
-8.94737 -2.89181e-08
-8.89724 -3.20389e-08
-8.84712 -3.54819e-08
-8.79699 -3.92818e-08
-8.74687 -4.34768e-08
-8.69674 -4.81092e-08
-8.64662 -5.32254e-08
-8.59649 -5.88771e-08
-8.54637 -6.51209e-08
-8.49624 -7.20198e-08
-8.44612 -7.96431e-08
-8.39599 -8.80675e-08
-8.34586 -9.73778e-08
-8.29574 -1.07667e-07
-8.24561 -1.1904e-07
-8.19549 -1.3161e-07
-8.14536 -1.45504e-07
-8.09524 -1.60862e-07
-8.04511 -1.77837e-07
-7.99499 -1.96602e-07
-7.94486 -2.17343e-07
-7.89474 -2.40271e-07
-7.84461 -2.65616e-07
-7.79449 -2.93633e-07
-7.74436 -3.24603e-07
-7.69424 -3.58838e-07
-7.64411 -3.96682e-07
-7.59398 -4.38517e-07
-7.54386 -4.84763e-07
-7.49373 -5.35884e-07
-7.44361 -5.92396e-07
-7.39348 -6.54866e-07
-7.34336 -7.23923e-07
-7.29323 -8.00262e-07
-7.24311 -8.84651e-07
-7.19298 -9.77938e-07
-7.14286 -1.08106e-06
-7.09273 -1.19506e-06
-7.04261 -1.32108e-06
-6.99248 -1.46038e-06
-6.94236 -1.61438e-06
-6.89223 -1.78461e-06
-6.84211 -1.9728e-06
-6.79198 -2.18082e-06
-6.74185 -2.41079e-06
-6.69173 -2.665e-06
-6.6416 -2.94601e-06
-6.59148 -3.25666e-06
-6.54135 -3.60007e-06
-6.49123 -3.97969e-06
-6.4411 -4.39933e-06
-6.39098 -4.86323e-06
-6.34085 -5.37604e-06
-6.29073 -5.94293e-06
-6.2406 -6.56959e-06
-6.19048 -7.26233e-06
-6.14035 -8.02811e-06
-6.09023 -8.87464e-06
-6.0401 -9.81044e-06
-5.98997 -1.08449e-05
-5.93985 -1.19884e-05
-5.88972 -1.32526e-05
-5.8396 -1.465e-05
-5.78947 -1.61947e-05
-5.73935 -1.79024e-05
-5.68922 -1.979e-05
-5.6391 -2.18767e-05
-5.58897 -2.41835e-05
-5.53885 -2.67334e-05
-5.48872 -2.95522e-05
-5.4386 -3.26682e-05
-5.38847 -3.61127e-05
-5.33835 -3.99204e-05
-5.28822 -4.41295e-05
-5.2381 -4.87823e-05
-5.18797 -5.39257e-05
-5.13784 -5.96112e-05
-5.08772 -6.58962e-05
-5.03759 -7.28436e-05
-4.98747 -8.05234e-05
-4.93734 -8.90127e-05
-4.88722 -9.83968e-05
-4.83709 -0.00010877
-4.78697 -0.000120236
-4.73684 -0.000132911
-4.68672 -0.000146922
-4.63659 -0.000162408
-4.58647 -0.000179527
-4.53634 -0.000198449
-4.48622 -0.000219365
-4.43609 -0.000242483
-4.38596 -0.000268037
-4.33584 -0.000296281
-4.28571 -0.0003275
-4.23559 -0.000362006
-4.18546 -0.000400143
-4.13534 -0.000442294
-4.08521 -0.000488881
-4.03509 -0.000540368
-3.98496 -0.00059727
-3.93484 -0.000660156
-3.88471 -0.000729651
-3.83459 -0.000806448
-3.78446 -0.000891311
-3.73434 -0.000985084
-3.68421 -0.0010887
-3.63409 -0.00120318
-3.58396 -0.00132966
-3.53383 -0.0014694
-3.48371 -0.00162376
-3.43358 -0.00179428
-3.38346 -0.00198261
-3.33333 -0.00219062
-3.28321 -0.00242032
-3.23308 -0.00267396
-3.18296 -0.00295399
-3.13283 -0.00326313
-3.08271 -0.00360434
-3.03258 -0.0039809
-2.98246 -0.0043964
-2.93233 -0.00485476
-2.88221 -0.0053603
-2.83208 -0.00591774
-2.78195 -0.00653225
-2.73183 -0.00720946
-2.6817 -0.00795554
-2.63158 -0.00877719
-2.58145 -0.0096817
-2.53133 -0.010677
-2.4812 -0.0117716
-2.43108 -0.0129749
-2.38095 -0.0142967
-2.33083 -0.0157478
-2.2807 -0.0173398
-2.23058 -0.0190847
-2.18045 -0.0209957
-2.13033 -0.0230863
-2.0802 -0.0253709
-2.03008 -0.0278644
-1.97995 -0.0305822
-1.92982 -0.0335399
-1.8797 -0.0367533
-1.82957 -0.0402376
-1.77945 -0.044008
-1.72932 -0.0480781
-1.6792 -0.0524603
-1.62907 -0.0571646
-1.57895 -0.0621981
-1.52882 -0.0675637
-1.4787 -0.0732596
-1.42857 -0.0792776
-1.37845 -0.0856019
-1.32832 -0.0922077
-1.2782 -0.0990595
-1.22807 -0.10611
-1.17794 -0.113296
-1.12782 -0.120541
-1.07769 -0.12775
-1.02757 -0.134811
-0.977444 -0.141592
-0.927318 -0.147941
-0.877193 -0.153691
-0.827068 -0.158656
-0.776942 -0.162638
-0.726817 -0.16543
-0.676692 -0.166823
-0.626566 -0.166611
-0.576441 -0.164602
-0.526316 -0.160629
-0.47619 -0.154556
-0.426065 -0.146293
-0.37594 -0.135804
-0.325815 -0.123114
-0.275689 -0.108319
-0.225564 -0.0915829
-0.175439 -0.073143
-0.125313 -0.0533
-0.075188 -0.0324111
-0.0250627 -0.0108765
0.0250627 0.0108765
0.075188 0.0324111
0.125313 0.0533
0.175439 0.073143
0.225564 0.0915829
0.275689 0.108319
0.325815 0.123114
0.37594 0.135804
0.426065 0.146293
0.47619 0.154556
0.526316 0.160629
0.576441 0.164602
0.626566 0.166611
0.676692 0.166823
0.726817 0.16543
0.776942 0.162638
0.827068 0.158656
0.877193 0.153691
0.927318 0.147941
0.977444 0.141592
1.02757 0.134811
1.07769 0.12775
1.12782 0.120541
1.17794 0.113296
1.22807 0.10611
1.2782 0.0990595
1.32832 0.0922077
1.37845 0.0856019
1.42857 0.0792776
1.4787 0.0732596
1.52882 0.0675637
1.57895 0.0621981
1.62907 0.0571646
1.6792 0.0524603
1.72932 0.0480781
1.77945 0.044008
1.82957 0.0402376
1.8797 0.0367533
1.92982 0.0335399
1.97995 0.0305822
2.03008 0.0278644
2.0802 0.0253709
2.13033 0.0230863
2.18045 0.0209957
2.23058 0.0190847
2.2807 0.0173398
2.33083 0.0157478
2.38095 0.0142967
2.43108 0.0129749
2.4812 0.0117716
2.53133 0.010677
2.58145 0.0096817
2.63158 0.00877719
2.6817 0.00795554
2.73183 0.00720946
2.78195 0.00653225
2.83208 0.00591774
2.88221 0.0053603
2.93233 0.00485476
2.98246 0.0043964
3.03258 0.0039809
3.08271 0.00360434
3.13283 0.00326313
3.18296 0.00295399
3.23308 0.00267396
3.28321 0.00242032
3.33333 0.00219062
3.38346 0.00198261
3.43358 0.00179428
3.48371 0.00162376
3.53383 0.0014694
3.58396 0.00132966
3.63409 0.00120318
3.68421 0.0010887
3.73434 0.000985084
3.78446 0.000891311
3.83459 0.000806448
3.88471 0.000729651
3.93484 0.000660156
3.98496 0.00059727
4.03509 0.000540368
4.08521 0.000488881
4.13534 0.000442294
4.18546 0.000400143
4.23559 0.000362006
4.28571 0.0003275
4.33584 0.000296281
4.38596 0.000268037
4.43609 0.000242483
4.48622 0.000219365
4.53634 0.000198449
4.58647 0.000179527
4.63659 0.000162408
4.68672 0.000146922
4.73684 0.000132911
4.78697 0.000120236
4.83709 0.00010877
4.88722 9.83968e-05
4.93734 8.90127e-05
4.98747 8.05234e-05
5.03759 7.28436e-05
5.08772 6.58962e-05
5.13784 5.96112e-05
5.18797 5.39257e-05
5.2381 4.87823e-05
5.28822 4.41295e-05
5.33835 3.99204e-05
5.38847 3.61127e-05
5.4386 3.26682e-05
5.48872 2.95522e-05
5.53885 2.67334e-05
5.58897 2.41835e-05
5.6391 2.18767e-05
5.68922 1.979e-05
5.73935 1.79024e-05
5.78947 1.61947e-05
5.8396 1.465e-05
5.88972 1.32526e-05
5.93985 1.19884e-05
5.98997 1.08449e-05
6.0401 9.81044e-06
6.09023 8.87464e-06
6.14035 8.02811e-06
6.19048 7.26233e-06
6.2406 6.56959e-06
6.29073 5.94293e-06
6.34085 5.37604e-06
6.39098 4.86323e-06
6.4411 4.39933e-06
6.49123 3.97969e-06
6.54135 3.60007e-06
6.59148 3.25666e-06
6.6416 2.94601e-06
6.69173 2.665e-06
6.74185 2.41079e-06
6.79198 2.18082e-06
6.84211 1.9728e-06
6.89223 1.78461e-06
6.94236 1.61438e-06
6.99248 1.46038e-06
7.04261 1.32108e-06
7.09273 1.19506e-06
7.14286 1.08106e-06
7.19298 9.77938e-07
7.24311 8.84651e-07
7.29323 8.00262e-07
7.34336 7.23923e-07
7.39348 6.54866e-07
7.44361 5.92396e-07
7.49373 5.35884e-07
7.54386 4.84763e-07
7.59398 4.38517e-07
7.64411 3.96682e-07
7.69424 3.58838e-07
7.74436 3.24603e-07
7.79449 2.93633e-07
7.84461 2.65616e-07
7.89474 2.40271e-07
7.94486 2.17343e-07
7.99499 1.96602e-07
8.04511 1.77837e-07
8.09524 1.60862e-07
8.14536 1.45504e-07
8.19549 1.3161e-07
8.24561 1.1904e-07
8.29574 1.07667e-07
8.34586 9.73778e-08
8.39599 8.80675e-08
8.44612 7.96431e-08
8.49624 7.20198e-08
8.54637 6.51209e-08
8.59649 5.88771e-08
8.64662 5.32254e-08
8.69674 4.81092e-08
8.74687 4.34768e-08
8.79699 3.92818e-08
8.84712 3.54819e-08
8.89724 3.20389e-08
8.94737 2.89181e-08
8.99749 2.60883e-08
9.04762 2.35208e-08
9.09774 2.11899e-08
9.14787 1.90722e-08
9.19799 1.71463e-08
9.24812 1.53929e-08
9.29825 1.37943e-08
9.34837 1.23344e-08
9.3985 1.09987e-08
9.44862 9.77353e-09
9.49875 8.64669e-09
9.54887 7.60683e-09
9.599 6.64348e-09
9.64912 5.74696e-09
9.69925 4.90825e-09
9.74937 4.1189e-09
9.7995 3.37099e-09
9.84962 2.65698e-09
9.89975 1.9697e-09
9.94987 1.30223e-09
10 6.47855e-10
