0.0	174.0
0.5	175.0
1.0	176.0
1.5	178.0
2.0	179.0
2.5	181.0
3.0	182.0
3.5	183.0
4.0	185.0
4.5	186.0
5.0	187.0
5.5	189.0
6.0	190.0
6.5	191.0
7.0	193.0
7.5	194.0
8.0	195.0
8.5	196.0
9.0	197.0
9.5	198.0
10.0	199.0
10.5	200.0
11.0	201.0
11.5	202.0
12.0	203.0
12.5	204.0
13.0	205.0
13.5	206.0
14.0	206.0
14.5	207.0
15.0	208.0
15.5	209.0
16.0	210.0
16.5	210.0
17.0	211.0
17.5	211.0
18.0	212.0
18.5	212.0
19.0	213.0
19.5	213.0
20.0	214.0
20.5	214.0
21.0	215.0
21.5	215.0
22.0	215.0
22.5	216.0
23.0	216.0
23.5	216.0
24.0	216.0
24.5	216.0
25.0	216.0
25.5	216.0
26.0	216.0
26.5	216.0
27.0	216.0
27.5	216.0
28.0	216.0
28.5	216.0
29.0	216.0
29.5	215.0
30.0	215.0
30.5	215.0
31.0	215.0
31.5	214.0
32.0	214.0
32.5	214.0
33.0	213.0
33.5	213.0
34.0	212.0
34.5	212.0
35.0	211.0
35.5	211.0
36.0	210.0
36.5	209.0
37.0	208.0
37.5	208.0
38.0	207.0
38.5	206.0
39.0	205.0
39.5	204.0
40.0	204.0
40.5	203.0
41.0	202.0
41.5	201.0
42.0	200.0
42.5	199.0
43.0	198.0
43.5	196.0
44.0	195.0
44.5	194.0
45.0	193.0
45.5	192.0
46.0	191.0
46.5	189.0
47.0	188.0
47.5	187.0
48.0	185.0
48.5	184.0
49.0	183.0
49.5	181.0
50.0	180.0
50.5	178.0
51.0	177.0
51.5	175.0
52.0	174.0
52.5	172.0
53.0	171.0
53.5	169.0
54.0	168.0
54.5	166.0
55.0	164.0
55.5	163.0
56.0	161.0
56.5	159.0
57.0	158.0
57.5	156.0
58.0	154.0
58.5	152.0
59.0	150.0
59.5	149.0
60.0	147.0
60.5	145.0
61.0	143.0
61.5	141.0
62.0	140.0
62.5	138.0
63.0	136.0
63.5	134.0
64.0	132.0
64.5	130.0
65.0	128.0
65.5	126.0
66.0	125.0
66.5	123.0
67.0	121.0
67.5	119.0
68.0	117.0
68.5	115.0
69.0	113.0
69.5	111.0
70.0	109.0
70.5	107.0
71.0	105.0
71.5	103.0
72.0	101.0
72.5	99.0
73.0	97.0
73.5	95.0
74.0	94.0
74.5	92.0
75.0	90.0
75.5	88.0
76.0	86.0
76.5	84.0
77.0	82.0
77.5	80.0
78.0	79.0
78.5	77.0
79.0	75.0
79.5	73.0
80.0	71.0
80.5	69.0
81.0	67.0
81.5	66.0
82.0	64.0
82.5	62.0
83.0	60.0
83.5	59.0
84.0	57.0
84.5	55.0
85.0	53.0
85.5	52.0
86.0	50.0
86.5	49.0
87.0	47.0
87.5	45.0
88.0	44.0
88.5	42.0
89.0	41.0
89.5	39.0
90.0	38.0
90.5	36.0
91.0	35.0
91.5	33.0
92.0	32.0
92.5	30.0
93.0	29.0
93.5	28.0
94.0	26.0
94.5	25.0
95.0	24.0
95.5	23.0
96.0	22.0
96.5	20.0
97.0	19.0
97.5	18.0
98.0	17.0
98.5	16.0
99.0	15.0
99.5	14.0
100.0	13.0
100.5	12.0
101.0	11.0
101.5	10.0
102.0	9.0
102.5	8.0
103.0	8.0
103.5	7.0
104.0	6.0
104.5	5.0
105.0	5.0
105.5	4.0
106.0	3.0
106.5	3.0
107.0	2.0
107.5	2.0
108.0	2.0
108.5	1.0
109.0	0.0
109.5	0.0
110.0	0.0
110.5	0.0
111.0	0.0
111.5	0.0
112.0	0.0
112.5	0.0
113.0	0.0
113.5	0.0
114.0	0.0
114.5	0.0
115.0	0.0
115.5	0.0
116.0	0.0
116.5	0.0
117.0	0.0
117.5	0.0
118.0	0.0
118.5	0.0
119.0	0.0
119.5	0.0
120.0	0.0
120.5	0.0
121.0	0.0
121.5	0.0
122.0	0.0
122.5	0.0
123.0	0.0
123.5	0.0
124.0	0.0
124.5	1.0
125.0	2.0
125.5	2.0
126.0	2.0
126.5	3.0
127.0	4.0
127.5	4.0
128.0	5.0
128.5	6.0
129.0	6.0
129.5	7.0
130.0	8.0
130.5	9.0
131.0	10.0
131.5	11.0
132.0	11.0
132.5	12.0
133.0	13.0
133.5	14.0
134.0	15.0
134.5	16.0
135.0	18.0
135.5	19.0
136.0	20.0
136.5	21.0
137.0	22.0
137.5	23.0
138.0	24.0
138.5	26.0
139.0	27.0
139.5	28.0
140.0	30.0
140.5	31.0
141.0	33.0
141.5	34.0
142.0	35.0
142.5	37.0
143.0	39.0
143.5	40.0
144.0	41.0
144.5	43.0
145.0	45.0
145.5	46.0
146.0	48.0
146.5	50.0
147.0	51.0
147.5	53.0
148.0	54.0
148.5	56.0
149.0	58.0
149.5	60.0
150.0	61.0
150.5	63.0
151.0	65.0
151.5	67.0
152.0	69.0
152.5	71.0
153.0	72.0
153.5	74.0
154.0	76.0
154.5	78.0
155.0	80.0
155.5	82.0
156.0	84.0
156.5	86.0
157.0	88.0
157.5	90.0
158.0	91.0
158.5	93.0
159.0	95.0
159.5	97.0
160.0	99.0
160.5	101.0
161.0	103.0
161.5	105.0
162.0	107.0
162.5	109.0
163.0	111.0
163.5	113.0
164.0	115.0
164.5	117.0
165.0	119.0
165.5	121.0
166.0	123.0
166.5	125.0
167.0	127.0
167.5	128.0
168.0	130.0
168.5	132.0
169.0	134.0
169.5	136.0
170.0	138.0
170.5	140.0
171.0	142.0
171.5	143.0
172.0	145.0
172.5	147.0
173.0	149.0
173.5	151.0
174.0	152.0
174.5	154.0
175.0	156.0
175.5	158.0
176.0	160.0
176.5	161.0
177.0	163.0
177.5	165.0
178.0	166.0
178.5	168.0
179.0	170.0
179.5	171.0
180.0	173.0
180.5	174.0
181.0	176.0
181.5	177.0
182.0	179.0
182.5	180.0
183.0	182.0
183.5	183.0
184.0	185.0
184.5	186.0
185.0	187.0
185.5	189.0
186.0	190.0
186.5	191.0
187.0	192.0
187.5	194.0
188.0	195.0
188.5	196.0
189.0	197.0
189.5	198.0
190.0	199.0
190.5	200.0
191.0	202.0
191.5	202.0
192.0	203.0
192.5	204.0
193.0	205.0
193.5	206.0
194.0	207.0
194.5	208.0
195.0	208.0
195.5	209.0
196.0	210.0
196.5	210.0
197.0	211.0
197.5	212.0
198.0	212.0
198.5	213.0
199.0	214.0
199.5	214.0
200.0	214.0
200.5	215.0
201.0	215.0
201.5	215.0
202.0	216.0
202.5	216.0
203.0	216.0
203.5	216.0
204.0	216.0
204.5	217.0
205.0	217.0
205.5	217.0
206.0	217.0
206.5	217.0
207.0	217.0
207.5	217.0
208.0	217.0
208.5	216.0
209.0	216.0
209.5	216.0
210.0	216.0
210.5	216.0
211.0	215.0
211.5	215.0
212.0	215.0
212.5	214.0
213.0	214.0
213.5	213.0
214.0	213.0
214.5	212.0
215.0	212.0
215.5	211.0
216.0	210.0
216.5	210.0
217.0	209.0
217.5	208.0
218.0	208.0
218.5	207.0
219.0	206.0
219.5	205.0
220.0	204.0
220.5	203.0
221.0	202.0
221.5	201.0
222.0	200.0
222.5	199.0
223.0	198.0
223.5	197.0
224.0	196.0
224.5	195.0
225.0	194.0
225.5	192.0
226.0	191.0
226.5	189.0
227.0	188.0
227.5	187.0
228.0	186.0
228.5	184.0
229.0	183.0
229.5	181.0
230.0	180.0
230.5	179.0
231.0	177.0
231.5	176.0
232.0	174.0
232.5	173.0
233.0	171.0
233.5	169.0
234.0	168.0
234.5	166.0
235.0	165.0
235.5	163.0
236.0	161.0
236.5	159.0
237.0	158.0
237.5	156.0
238.0	154.0
238.5	152.0
239.0	151.0
239.5	149.0
240.0	147.0
240.5	145.0
241.0	143.0
241.5	141.0
242.0	140.0
242.5	138.0
243.0	136.0
243.5	134.0
244.0	132.0
244.5	130.0
245.0	128.0
245.5	126.0
246.0	125.0
246.5	123.0
247.0	121.0
247.5	119.0
248.0	117.0
248.5	115.0
249.0	113.0
249.5	111.0
250.0	109.0
250.5	107.0
251.0	105.0
251.5	103.0
252.0	101.0
252.5	99.0
253.0	97.0
253.5	95.0
254.0	94.0
254.5	92.0
255.0	90.0
255.5	88.0
256.0	86.0
256.5	84.0
257.0	82.0
257.5	80.0
258.0	78.0
258.5	76.0
259.0	74.0
259.5	73.0
260.0	71.0
260.5	69.0
261.0	67.0
261.5	65.0
262.0	64.0
262.5	62.0
263.0	60.0
263.5	58.0
264.0	57.0
264.5	55.0
265.0	53.0
265.5	51.0
266.0	50.0
266.5	48.0
267.0	47.0
267.5	45.0
268.0	43.0
268.5	42.0
269.0	40.0
269.5	39.0
270.0	37.0
270.5	36.0
271.0	34.0
271.5	33.0
272.0	32.0
272.5	30.0
273.0	29.0
273.5	27.0
274.0	26.0
274.5	25.0
275.0	24.0
275.5	22.0
276.0	21.0
276.5	20.0
277.0	19.0
277.5	18.0
278.0	17.0
278.5	16.0
279.0	14.0
279.5	14.0
280.0	13.0
280.5	12.0
281.0	11.0
281.5	10.0
282.0	9.0
282.5	8.0
283.0	7.0
283.5	7.0
284.0	6.0
284.5	5.0
285.0	4.0
285.5	4.0
286.0	3.0
286.5	3.0
287.0	2.0
287.5	2.0
288.0	1.0
288.5	1.0
289.0	0.0
289.5	0.0
290.0	0.0
290.5	0.0
291.0	0.0
291.5	0.0
292.0	0.0
292.5	0.0
293.0	0.0
293.5	0.0
294.0	0.0
294.5	0.0
295.0	0.0
295.5	0.0
296.0	0.0
296.5	0.0
297.0	0.0
297.5	0.0
298.0	0.0
298.5	0.0
299.0	0.0
299.5	0.0
300.0	0.0
300.5	0.0
301.0	0.0
301.5	0.0
302.0	0.0
302.5	0.0
303.0	0.0
303.5	0.0
304.0	1.0
304.5	1.0
305.0	2.0
305.5	2.0
306.0	3.0
306.5	3.0
307.0	4.0
307.5	4.0
308.0	5.0
308.5	6.0
309.0	7.0
309.5	7.0
310.0	8.0
310.5	9.0
311.0	10.0
311.5	11.0
312.0	12.0
312.5	13.0
313.0	14.0
313.5	14.0
314.0	15.0
314.5	16.0
315.0	18.0
315.5	19.0
316.0	20.0
316.5	21.0
317.0	22.0
317.5	24.0
318.0	25.0
318.5	26.0
319.0	27.0
319.5	29.0
320.0	30.0
320.5	31.0
321.0	33.0
321.5	34.0
322.0	36.0
322.5	37.0
323.0	39.0
323.5	40.0
324.0	42.0
324.5	43.0
325.0	45.0
325.5	47.0
326.0	48.0
326.5	50.0
327.0	51.0
327.5	53.0
328.0	55.0
328.5	56.0
329.0	58.0
329.5	60.0
330.0	61.0
330.5	63.0
331.0	65.0
331.5	67.0
332.0	69.0
332.5	71.0
333.0	73.0
333.5	74.0
334.0	76.0
334.5	78.0
335.0	80.0
335.5	82.0
336.0	84.0
336.5	86.0
337.0	88.0
337.5	90.0
338.0	91.0
338.5	93.0
339.0	95.0
339.5	97.0
340.0	99.0
340.5	101.0
341.0	103.0
341.5	105.0
342.0	107.0
342.5	109.0
343.0	111.0
343.5	113.0
344.0	115.0
344.5	117.0
345.0	118.0
345.5	120.0
346.0	122.0
346.5	124.0
347.0	126.0
347.5	128.0
348.0	130.0
348.5	132.0
349.0	134.0
349.5	136.0
350.0	138.0
350.5	139.0
351.0	141.0
351.5	143.0
352.0	145.0
352.5	147.0
353.0	148.0
353.5	150.0
354.0	152.0
354.5	154.0
355.0	156.0
355.5	158.0
356.0	159.0
356.5	161.0
357.0	163.0
357.5	164.0
358.0	166.0
358.5	168.0
359.0	169.0
359.5	171.0
