0.0	183.0
0.5	185.0
1.0	186.0
1.5	187.0
2.0	189.0
2.5	190.0
3.0	191.0
3.5	192.0
4.0	194.0
4.5	195.0
5.0	196.0
5.5	197.0
6.0	198.0
6.5	199.0
7.0	200.0
7.5	201.0
8.0	202.0
8.5	203.0
9.0	204.0
9.5	205.0
10.0	206.0
10.5	207.0
11.0	208.0
11.5	208.0
12.0	209.0
12.5	210.0
13.0	210.0
13.5	211.0
14.0	212.0
14.5	212.0
15.0	213.0
15.5	213.0
16.0	214.0
16.5	214.0
17.0	214.0
17.5	215.0
18.0	215.0
18.5	215.0
19.0	216.0
19.5	216.0
20.0	216.0
20.5	216.0
21.0	216.0
21.5	216.0
22.0	216.0
22.5	216.0
23.0	216.0
23.5	216.0
24.0	216.0
24.5	216.0
25.0	216.0
25.5	216.0
26.0	216.0
26.5	215.0
27.0	215.0
27.5	215.0
28.0	214.0
28.5	214.0
29.0	214.0
29.5	213.0
30.0	213.0
30.5	212.0
31.0	212.0
31.5	211.0
32.0	210.0
32.5	210.0
33.0	209.0
33.5	208.0
34.0	208.0
34.5	207.0
35.0	206.0
35.5	206.0
36.0	204.0
36.5	203.0
37.0	203.0
37.5	202.0
38.0	201.0
38.5	200.0
39.0	199.0
39.5	198.0
40.0	196.0
40.5	195.0
41.0	194.0
41.5	193.0
42.0	192.0
42.5	190.0
43.0	189.0
43.5	188.0
44.0	187.0
44.5	185.0
45.0	184.0
45.5	183.0
46.0	181.0
46.5	180.0
47.0	178.0
47.5	177.0
48.0	175.0
48.5	174.0
49.0	172.0
49.5	171.0
50.0	169.0
50.5	167.0
51.0	166.0
51.5	164.0
52.0	163.0
52.5	161.0
53.0	159.0
53.5	157.0
54.0	156.0
54.5	154.0
55.0	152.0
55.5	150.0
56.0	148.0
56.5	147.0
57.0	145.0
57.5	143.0
58.0	141.0
58.5	139.0
59.0	138.0
59.5	136.0
60.0	134.0
60.5	132.0
61.0	130.0
61.5	128.0
62.0	126.0
62.5	124.0
63.0	122.0
63.5	121.0
64.0	118.0
64.5	116.0
65.0	115.0
65.5	113.0
66.0	111.0
66.5	109.0
67.0	107.0
67.5	105.0
68.0	103.0
68.5	101.0
69.0	99.0
69.5	97.0
70.0	95.0
70.5	93.0
71.0	91.0
71.5	90.0
72.0	87.0
72.5	85.0
73.0	84.0
73.5	82.0
74.0	80.0
74.5	78.0
75.0	76.0
75.5	74.0
76.0	72.0
76.5	71.0
77.0	69.0
77.5	67.0
78.0	65.0
78.5	63.0
79.0	61.0
79.5	60.0
80.0	58.0
80.5	56.0
81.0	55.0
81.5	53.0
82.0	51.0
82.5	49.0
83.0	48.0
83.5	46.0
84.0	45.0
84.5	43.0
85.0	42.0
85.5	40.0
86.0	39.0
86.5	37.0
87.0	36.0
87.5	34.0
88.0	33.0
88.5	31.0
89.0	30.0
89.5	29.0
90.0	27.0
90.5	26.0
91.0	25.0
91.5	24.0
92.0	22.0
92.5	21.0
93.0	20.0
93.5	19.0
94.0	18.0
94.5	17.0
95.0	16.0
95.5	14.0
96.0	14.0
96.5	12.0
97.0	12.0
97.5	11.0
98.0	10.0
98.5	9.0
99.0	8.0
99.5	8.0
100.0	7.0
100.5	6.0
101.0	5.0
101.5	4.0
102.0	4.0
102.5	3.0
103.0	3.0
103.5	2.0
104.0	2.0
104.5	1.0
105.0	1.0
105.5	0.0
106.0	0.0
106.5	0.0
107.0	0.0
107.5	0.0
108.0	0.0
108.5	0.0
109.0	0.0
109.5	0.0
110.0	0.0
110.5	0.0
111.0	0.0
111.5	0.0
112.0	0.0
112.5	0.0
113.0	0.0
113.5	0.0
114.0	0.0
114.5	0.0
115.0	0.0
115.5	0.0
116.0	0.0
116.5	0.0
117.0	0.0
117.5	0.0
118.0	0.0
118.5	0.0
119.0	0.0
119.5	0.0
120.0	0.0
120.5	1.0
121.0	1.0
121.5	2.0
122.0	2.0
122.5	3.0
123.0	3.0
123.5	4.0
124.0	5.0
124.5	6.0
125.0	6.0
125.5	7.0
126.0	8.0
126.5	8.0
127.0	9.0
127.5	10.0
128.0	11.0
128.5	12.0
129.0	13.0
129.5	14.0
130.0	15.0
130.5	16.0
131.0	17.0
131.5	18.0
132.0	19.0
132.5	20.0
133.0	22.0
133.5	23.0
134.0	24.0
134.5	25.0
135.0	26.0
135.5	28.0
136.0	29.0
136.5	31.0
137.0	32.0
137.5	34.0
138.0	35.0
138.5	37.0
139.0	38.0
139.5	39.0
140.0	41.0
140.5	43.0
141.0	44.0
141.5	45.0
142.0	47.0
142.5	49.0
143.0	51.0
143.5	52.0
144.0	54.0
144.5	56.0
145.0	57.0
145.5	59.0
146.0	61.0
146.5	63.0
147.0	64.0
147.5	66.0
148.0	68.0
148.5	70.0
149.0	72.0
149.5	74.0
150.0	76.0
150.5	78.0
151.0	80.0
151.5	81.0
152.0	83.0
152.5	85.0
153.0	87.0
153.5	89.0
154.0	91.0
154.5	93.0
155.0	95.0
155.5	97.0
156.0	99.0
156.5	101.0
157.0	103.0
157.5	105.0
158.0	107.0
158.5	109.0
159.0	111.0
159.5	113.0
160.0	115.0
160.5	117.0
161.0	119.0
161.5	121.0
162.0	122.0
162.5	125.0
163.0	126.0
163.5	128.0
164.0	130.0
164.5	132.0
165.0	134.0
165.5	136.0
166.0	138.0
166.5	140.0
167.0	142.0
167.5	144.0
168.0	145.0
168.5	148.0
169.0	149.0
169.5	151.0
170.0	153.0
170.5	155.0
171.0	157.0
171.5	158.0
172.0	160.0
172.5	162.0
173.0	164.0
173.5	165.0
174.0	167.0
174.5	169.0
175.0	170.0
175.5	172.0
176.0	173.0
176.5	175.0
177.0	177.0
177.5	178.0
178.0	180.0
178.5	181.0
179.0	183.0
179.5	184.0
180.0	185.0
180.5	187.0
181.0	188.0
181.5	189.0
182.0	191.0
182.5	192.0
183.0	193.0
183.5	194.0
184.0	196.0
184.5	197.0
185.0	198.0
185.5	199.0
186.0	200.0
186.5	202.0
187.0	202.0
187.5	204.0
188.0	204.0
188.5	206.0
189.0	206.0
189.5	207.0
190.0	208.0
190.5	209.0
191.0	210.0
191.5	210.0
192.0	211.0
192.5	212.0
193.0	213.0
193.5	213.0
194.0	214.0
194.5	215.0
195.0	215.0
195.5	216.0
196.0	216.0
196.5	216.0
197.0	217.0
197.5	217.0
198.0	218.0
198.5	218.0
199.0	218.0
199.5	218.0
200.0	218.0
200.5	219.0
201.0	219.0
201.5	219.0
202.0	219.0
202.5	219.0
203.0	219.0
203.5	219.0
204.0	219.0
204.5	219.0
205.0	218.0
205.5	218.0
206.0	218.0
206.5	218.0
207.0	218.0
207.5	217.0
208.0	217.0
208.5	216.0
209.0	216.0
209.5	216.0
210.0	215.0
210.5	214.0
211.0	214.0
211.5	213.0
212.0	213.0
212.5	212.0
213.0	211.0
213.5	211.0
214.0	210.0
214.5	209.0
215.0	208.0
215.5	207.0
216.0	207.0
216.5	206.0
217.0	204.0
217.5	204.0
218.0	203.0
218.5	202.0
219.0	200.0
219.5	199.0
220.0	198.0
220.5	197.0
221.0	196.0
221.5	195.0
222.0	194.0
222.5	192.0
223.0	191.0
223.5	189.0
224.0	188.0
224.5	187.0
225.0	186.0
225.5	184.0
226.0	183.0
226.5	181.0
227.0	180.0
227.5	178.0
228.0	177.0
228.5	175.0
229.0	173.0
229.5	172.0
230.0	170.0
230.5	169.0
231.0	167.0
231.5	166.0
232.0	164.0
232.5	162.0
233.0	160.0
233.5	158.0
234.0	157.0
234.5	155.0
235.0	153.0
235.5	151.0
236.0	150.0
236.5	148.0
237.0	146.0
237.5	144.0
238.0	142.0
238.5	140.0
239.0	138.0
239.5	136.0
240.0	135.0
240.5	132.0
241.0	131.0
241.5	129.0
242.0	127.0
242.5	125.0
243.0	123.0
243.5	121.0
244.0	119.0
244.5	117.0
245.0	115.0
245.5	113.0
246.0	111.0
246.5	109.0
247.0	107.0
247.5	105.0
248.0	103.0
248.5	101.0
249.0	99.0
249.5	97.0
250.0	95.0
250.5	93.0
251.0	91.0
251.5	90.0
252.0	88.0
252.5	86.0
253.0	84.0
253.5	82.0
254.0	80.0
254.5	78.0
255.0	76.0
255.5	74.0
256.0	73.0
256.5	70.0
257.0	69.0
257.5	67.0
258.0	65.0
258.5	63.0
259.0	61.0
259.5	60.0
260.0	58.0
260.5	56.0
261.0	54.0
261.5	53.0
262.0	51.0
262.5	49.0
263.0	48.0
263.5	46.0
264.0	45.0
264.5	43.0
265.0	41.0
265.5	40.0
266.0	38.0
266.5	37.0
267.0	35.0
267.5	34.0
268.0	33.0
268.5	31.0
269.0	30.0
269.5	28.0
270.0	27.0
270.5	26.0
271.0	24.0
271.5	23.0
272.0	22.0
272.5	21.0
273.0	20.0
273.5	18.0
274.0	17.0
274.5	16.0
275.0	15.0
275.5	14.0
276.0	13.0
276.5	12.0
277.0	11.0
277.5	10.0
278.0	10.0
278.5	9.0
279.0	8.0
279.5	7.0
280.0	6.0
280.5	6.0
281.0	5.0
281.5	4.0
282.0	4.0
282.5	3.0
283.0	2.0
283.5	2.0
284.0	2.0
284.5	1.0
285.0	1.0
285.5	0.0
286.0	0.0
286.5	0.0
287.0	0.0
287.5	0.0
288.0	0.0
288.5	0.0
289.0	0.0
289.5	0.0
290.0	0.0
290.5	0.0
291.0	0.0
291.5	0.0
292.0	0.0
292.5	0.0
293.0	0.0
293.5	0.0
294.0	0.0
294.5	0.0
295.0	0.0
295.5	0.0
296.0	0.0
296.5	0.0
297.0	0.0
297.5	0.0
298.0	0.0
298.5	0.0
299.0	0.0
299.5	0.0
300.0	0.0
300.5	1.0
301.0	1.0
301.5	2.0
302.0	2.0
302.5	3.0
303.0	3.0
303.5	4.0
304.0	5.0
304.5	6.0
305.0	6.0
305.5	7.0
306.0	8.0
306.5	9.0
307.0	10.0
307.5	10.0
308.0	11.0
308.5	12.0
309.0	13.0
309.5	14.0
310.0	15.0
310.5	16.0
311.0	17.0
311.5	18.0
312.0	19.0
312.5	21.0
313.0	22.0
313.5	23.0
314.0	24.0
314.5	26.0
315.0	27.0
315.5	28.0
316.0	30.0
316.5	31.0
317.0	33.0
317.5	34.0
318.0	35.0
318.5	37.0
319.0	38.0
319.5	40.0
320.0	41.0
320.5	43.0
321.0	44.0
321.5	46.0
322.0	48.0
322.5	49.0
323.0	51.0
323.5	52.0
324.0	54.0
324.5	56.0
325.0	58.0
325.5	59.0
326.0	61.0
326.5	63.0
327.0	65.0
327.5	66.0
328.0	68.0
328.5	70.0
329.0	72.0
329.5	74.0
330.0	76.0
330.5	78.0
331.0	80.0
331.5	81.0
332.0	83.0
332.5	85.0
333.0	87.0
333.5	89.0
334.0	91.0
334.5	93.0
335.0	95.0
335.5	97.0
336.0	99.0
336.5	101.0
337.0	103.0
337.5	105.0
338.0	107.0
338.5	109.0
339.0	111.0
339.5	112.0
340.0	114.0
340.5	117.0
341.0	118.0
341.5	120.0
342.0	123.0
342.5	124.0
343.0	126.0
343.5	128.0
344.0	130.0
344.5	132.0
345.0	134.0
345.5	136.0
346.0	138.0
346.5	140.0
347.0	142.0
347.5	143.0
348.0	145.0
348.5	147.0
349.0	149.0
349.5	151.0
350.0	152.0
350.5	154.0
351.0	156.0
351.5	158.0
352.0	159.0
352.5	162.0
353.0	163.0
353.5	165.0
354.0	167.0
354.5	168.0
355.0	170.0
355.5	171.0
356.0	173.0
356.5	175.0
357.0	176.0
357.5	177.0
358.0	179.0
358.5	181.0
359.0	182.0
359.5	183.0
