0.0	191.0
0.5	192.0
1.0	193.0
1.5	194.0
2.0	196.0
2.5	197.0
3.0	198.0
3.5	199.0
4.0	200.0
4.5	201.0
5.0	202.0
5.5	203.0
6.0	204.0
6.5	205.0
7.0	205.0
7.5	206.0
8.0	207.0
8.5	208.0
9.0	209.0
9.5	209.0
10.0	210.0
10.5	210.0
11.0	211.0
11.5	212.0
12.0	212.0
12.5	213.0
13.0	213.0
13.5	214.0
14.0	214.0
14.5	214.0
15.0	214.0
15.5	215.0
16.0	215.0
16.5	215.0
17.0	215.0
17.5	216.0
18.0	216.0
18.5	216.0
19.0	216.0
19.5	216.0
20.0	216.0
20.5	216.0
21.0	216.0
21.5	216.0
22.0	215.0
22.5	215.0
23.0	215.0
23.5	215.0
24.0	214.0
24.5	214.0
25.0	214.0
25.5	213.0
26.0	213.0
26.5	212.0
27.0	212.0
27.5	211.0
28.0	211.0
28.5	210.0
29.0	210.0
29.5	209.0
30.0	208.0
30.5	208.0
31.0	207.0
31.5	206.0
32.0	205.0
32.5	204.0
33.0	204.0
33.5	203.0
34.0	202.0
34.5	201.0
35.0	200.0
35.5	199.0
36.0	198.0
36.5	197.0
37.0	195.0
37.5	194.0
38.0	193.0
38.5	192.0
39.0	191.0
39.5	189.0
40.0	189.0
40.5	187.0
41.0	186.0
41.5	184.0
42.0	183.0
42.5	182.0
43.0	180.0
43.5	179.0
44.0	177.0
44.5	176.0
45.0	174.0
45.5	173.0
46.0	171.0
46.5	170.0
47.0	168.0
47.5	167.0
48.0	165.0
48.5	163.0
49.0	162.0
49.5	160.0
50.0	158.0
50.5	156.0
51.0	155.0
51.5	153.0
52.0	151.0
52.5	150.0
53.0	148.0
53.5	146.0
54.0	144.0
54.5	142.0
55.0	140.0
55.5	139.0
56.0	137.0
56.5	135.0
57.0	133.0
57.5	131.0
58.0	130.0
58.5	128.0
59.0	125.0
59.5	124.0
60.0	122.0
60.5	120.0
61.0	118.0
61.5	116.0
62.0	114.0
62.5	112.0
63.0	110.0
63.5	108.0
64.0	107.0
64.5	105.0
65.0	102.0
65.5	101.0
66.0	99.0
66.5	97.0
67.0	95.0
67.5	93.0
68.0	91.0
68.5	89.0
69.0	87.0
69.5	85.0
70.0	84.0
70.5	82.0
71.0	80.0
71.5	78.0
72.0	76.0
72.5	74.0
73.0	72.0
73.5	71.0
74.0	69.0
74.5	67.0
75.0	65.0
75.5	63.0
76.0	62.0
76.5	60.0
77.0	58.0
77.5	57.0
78.0	55.0
78.5	53.0
79.0	51.0
79.5	50.0
80.0	48.0
80.5	47.0
81.0	45.0
81.5	44.0
82.0	42.0
82.5	40.0
83.0	39.0
83.5	37.0
84.0	36.0
84.5	35.0
85.0	33.0
85.5	32.0
86.0	30.0
86.5	29.0
87.0	28.0
87.5	26.0
88.0	25.0
88.5	24.0
89.0	22.0
89.5	21.0
90.0	20.0
90.5	19.0
91.0	18.0
91.5	17.0
92.0	16.0
92.5	15.0
93.0	14.0
93.5	13.0
94.0	12.0
94.5	11.0
95.0	10.0
95.5	9.0
96.0	8.0
96.5	8.0
97.0	7.0
97.5	6.0
98.0	5.0
98.5	5.0
99.0	4.0
99.5	4.0
100.0	3.0
100.5	2.0
101.0	2.0
101.5	1.0
102.0	1.0
102.5	0.0
103.0	0.0
103.5	0.0
104.0	0.0
104.5	0.0
105.0	0.0
105.5	0.0
106.0	0.0
106.5	0.0
107.0	0.0
107.5	0.0
108.0	0.0
108.5	0.0
109.0	0.0
109.5	0.0
110.0	0.0
110.5	0.0
111.0	0.0
111.5	0.0
112.0	0.0
112.5	0.0
113.0	0.0
113.5	0.0
114.0	0.0
114.5	0.0
115.0	0.0
115.5	0.0
116.0	0.0
116.5	0.0
117.0	0.0
117.5	0.0
118.0	1.0
118.5	1.0
119.0	2.0
119.5	2.0
120.0	3.0
120.5	3.0
121.0	4.0
121.5	5.0
122.0	5.0
122.5	6.0
123.0	7.0
123.5	8.0
124.0	8.0
124.5	9.0
125.0	10.0
125.5	11.0
126.0	12.0
126.5	13.0
127.0	14.0
127.5	15.0
128.0	16.0
128.5	17.0
129.0	18.0
129.5	19.0
130.0	20.0
130.5	21.0
131.0	23.0
131.5	24.0
132.0	25.0
132.5	26.0
133.0	28.0
133.5	29.0
134.0	30.0
134.5	32.0
135.0	33.0
135.5	35.0
136.0	36.0
136.5	38.0
137.0	39.0
137.5	41.0
138.0	42.0
138.5	44.0
139.0	45.0
139.5	47.0
140.0	49.0
140.5	50.0
141.0	52.0
141.5	53.0
142.0	55.0
142.5	57.0
143.0	59.0
143.5	60.0
144.0	62.0
144.5	64.0
145.0	66.0
145.5	68.0
146.0	69.0
146.5	71.0
147.0	73.0
147.5	75.0
148.0	77.0
148.5	79.0
149.0	80.0
149.5	82.0
150.0	84.0
150.5	86.0
151.0	88.0
151.5	90.0
152.0	92.0
152.5	94.0
153.0	96.0
153.5	98.0
154.0	99.0
154.5	101.0
155.0	104.0
155.5	105.0
156.0	107.0
156.5	109.0
157.0	111.0
157.5	113.0
158.0	115.0
158.5	117.0
159.0	119.0
159.5	121.0
160.0	123.0
160.5	125.0
161.0	127.0
161.5	129.0
162.0	130.0
162.5	132.0
163.0	135.0
163.5	136.0
164.0	138.0
164.5	140.0
165.0	142.0
165.5	144.0
166.0	146.0
166.5	147.0
167.0	149.0
167.5	151.0
168.0	152.0
168.5	154.0
169.0	156.0
169.5	158.0
170.0	159.0
170.5	161.0
171.0	163.0
171.5	165.0
172.0	166.0
172.5	168.0
173.0	169.0
173.5	171.0
174.0	172.0
174.5	174.0
175.0	175.0
175.5	177.0
176.0	178.0
176.5	180.0
177.0	181.0
177.5	183.0
178.0	184.0
178.5	185.0
179.0	187.0
179.5	188.0
180.0	189.0
180.5	190.0
181.0	192.0
181.5	193.0
182.0	194.0
182.5	195.0
183.0	196.0
183.5	197.0
184.0	198.0
184.5	199.0
185.0	200.0
185.5	201.0
186.0	202.0
186.5	203.0
187.0	204.0
187.5	205.0
188.0	206.0
188.5	206.0
189.0	207.0
189.5	208.0
190.0	208.0
190.5	209.0
191.0	210.0
191.5	210.0
192.0	211.0
192.5	211.0
193.0	212.0
193.5	212.0
194.0	212.0
194.5	213.0
195.0	213.0
195.5	213.0
196.0	214.0
196.5	214.0
197.0	214.0
197.5	214.0
198.0	214.0
198.5	215.0
199.0	215.0
199.5	215.0
200.0	215.0
200.5	215.0
201.0	215.0
201.5	215.0
202.0	215.0
202.5	214.0
203.0	214.0
203.5	214.0
204.0	214.0
204.5	213.0
205.0	213.0
205.5	212.0
206.0	212.0
206.5	212.0
207.0	211.0
207.5	211.0
208.0	210.0
208.5	210.0
209.0	209.0
209.5	208.0
210.0	208.0
210.5	207.0
211.0	206.0
211.5	205.0
212.0	205.0
212.5	204.0
213.0	203.0
213.5	202.0
214.0	201.0
214.5	200.0
215.0	199.0
215.5	198.0
216.0	197.0
216.5	196.0
217.0	195.0
217.5	194.0
218.0	193.0
218.5	192.0
219.0	190.0
219.5	189.0
220.0	188.0
220.5	186.0
221.0	185.0
221.5	184.0
222.0	183.0
222.5	181.0
223.0	180.0
223.5	178.0
224.0	177.0
224.5	175.0
225.0	174.0
225.5	172.0
226.0	171.0
226.5	169.0
227.0	168.0
227.5	166.0
228.0	165.0
228.5	163.0
229.0	161.0
229.5	160.0
230.0	158.0
230.5	156.0
231.0	154.0
231.5	153.0
232.0	151.0
232.5	149.0
233.0	147.0
233.5	146.0
234.0	144.0
234.5	142.0
235.0	140.0
235.5	138.0
236.0	136.0
236.5	135.0
237.0	133.0
237.5	131.0
238.0	129.0
238.5	127.0
239.0	125.0
239.5	123.0
240.0	122.0
240.5	119.0
241.0	117.0
241.5	116.0
242.0	114.0
242.5	112.0
243.0	110.0
243.5	108.0
244.0	106.0
244.5	104.0
245.0	102.0
245.5	100.0
246.0	99.0
246.5	97.0
247.0	94.0
247.5	93.0
248.0	91.0
248.5	89.0
249.0	87.0
249.5	85.0
250.0	83.0
250.5	81.0
251.0	79.0
251.5	78.0
252.0	76.0
252.5	74.0
253.0	72.0
253.5	70.0
254.0	69.0
254.5	67.0
255.0	65.0
255.5	63.0
256.0	61.0
256.5	59.0
257.0	58.0
257.5	56.0
258.0	54.0
258.5	53.0
259.0	51.0
259.5	49.0
260.0	48.0
260.5	46.0
261.0	45.0
261.5	43.0
262.0	41.0
262.5	40.0
263.0	38.0
263.5	37.0
264.0	36.0
264.5	34.0
265.0	33.0
265.5	31.0
266.0	30.0
266.5	28.0
267.0	27.0
267.5	26.0
268.0	25.0
268.5	23.0
269.0	22.0
269.5	21.0
270.0	20.0
270.5	19.0
271.0	18.0
271.5	16.0
272.0	15.0
272.5	14.0
273.0	14.0
273.5	12.0
274.0	12.0
274.5	11.0
275.0	10.0
275.5	9.0
276.0	8.0
276.5	7.0
277.0	6.0
277.5	6.0
278.0	5.0
278.5	4.0
279.0	4.0
279.5	3.0
280.0	3.0
280.5	2.0
281.0	2.0
281.5	1.0
282.0	1.0
282.5	0.0
283.0	0.0
283.5	0.0
284.0	0.0
284.5	0.0
285.0	0.0
285.5	0.0
286.0	0.0
286.5	0.0
287.0	0.0
287.5	0.0
288.0	0.0
288.5	0.0
289.0	0.0
289.5	0.0
290.0	0.0
290.5	0.0
291.0	0.0
291.5	0.0
292.0	0.0
292.5	0.0
293.0	0.0
293.5	0.0
294.0	0.0
294.5	0.0
295.0	0.0
295.5	0.0
296.0	0.0
296.5	0.0
297.0	0.0
297.5	0.0
298.0	1.0
298.5	1.0
299.0	2.0
299.5	2.0
300.0	3.0
300.5	3.0
301.0	4.0
301.5	5.0
302.0	6.0
302.5	6.0
303.0	7.0
303.5	8.0
304.0	8.0
304.5	10.0
305.0	10.0
305.5	11.0
306.0	12.0
306.5	13.0
307.0	14.0
307.5	15.0
308.0	16.0
308.5	17.0
309.0	18.0
309.5	19.0
310.0	20.0
310.5	22.0
311.0	23.0
311.5	24.0
312.0	25.0
312.5	27.0
313.0	28.0
313.5	29.0
314.0	30.0
314.5	32.0
315.0	34.0
315.5	35.0
316.0	36.0
316.5	38.0
317.0	39.0
317.5	41.0
318.0	42.0
318.5	44.0
319.0	45.0
319.5	47.0
320.0	49.0
320.5	50.0
321.0	52.0
321.5	54.0
322.0	55.0
322.5	57.0
323.0	59.0
323.5	60.0
324.0	62.0
324.5	64.0
325.0	66.0
325.5	68.0
326.0	69.0
326.5	71.0
327.0	73.0
327.5	75.0
328.0	77.0
328.5	78.0
329.0	80.0
329.5	82.0
330.0	84.0
330.5	86.0
331.0	88.0
331.5	90.0
332.0	92.0
332.5	94.0
333.0	96.0
333.5	97.0
334.0	99.0
334.5	101.0
335.0	103.0
335.5	105.0
336.0	107.0
336.5	109.0
337.0	111.0
337.5	113.0
338.0	115.0
338.5	117.0
339.0	119.0
339.5	121.0
340.0	122.0
340.5	124.0
341.0	127.0
341.5	128.0
342.0	130.0
342.5	132.0
343.0	134.0
343.5	136.0
344.0	138.0
344.5	139.0
345.0	141.0
345.5	143.0
346.0	145.0
346.5	147.0
347.0	148.0
347.5	150.0
348.0	152.0
348.5	154.0
349.0	156.0
349.5	157.0
350.0	159.0
350.5	161.0
351.0	163.0
351.5	164.0
352.0	165.0
352.5	167.0
353.0	169.0
353.5	170.0
354.0	172.0
354.5	173.0
355.0	175.0
355.5	176.0
356.0	178.0
356.5	179.0
357.0	181.0
357.5	182.0
358.0	183.0
358.5	185.0
359.0	186.0
359.5	187.0
