0.0	197.0
0.5	198.0
1.0	199.0
1.5	199.0
2.0	200.0
2.5	201.0
3.0	202.0
3.5	203.0
4.0	204.0
4.5	204.0
5.0	205.0
5.5	206.0
6.0	207.0
6.5	207.0
7.0	208.0
7.5	208.0
8.0	209.0
8.5	209.0
9.0	210.0
9.5	210.0
10.0	211.0
10.5	211.0
11.0	211.0
11.5	212.0
12.0	212.0
12.5	212.0
13.0	212.0
13.5	213.0
14.0	213.0
14.5	213.0
15.0	213.0
15.5	213.0
16.0	213.0
16.5	213.0
17.0	213.0
17.5	213.0
18.0	213.0
18.5	213.0
19.0	212.0
19.5	212.0
20.0	212.0
20.5	212.0
21.0	211.0
21.5	211.0
22.0	210.0
22.5	210.0
23.0	210.0
23.5	209.0
24.0	209.0
24.5	208.0
25.0	208.0
25.5	207.0
26.0	206.0
26.5	206.0
27.0	205.0
27.5	204.0
28.0	203.0
28.5	202.0
29.0	202.0
29.5	201.0
30.0	200.0
30.5	199.0
31.0	198.0
31.5	197.0
32.0	196.0
32.5	195.0
33.0	194.0
33.5	193.0
34.0	192.0
34.5	191.0
35.0	189.0
35.5	188.0
36.0	187.0
36.5	186.0
37.0	185.0
37.5	183.0
38.0	182.0
38.5	181.0
39.0	179.0
39.5	178.0
40.0	177.0
40.5	175.0
41.0	173.0
41.5	172.0
42.0	171.0
42.5	169.0
43.0	168.0
43.5	166.0
44.0	165.0
44.5	163.0
45.0	161.0
45.5	160.0
46.0	158.0
46.5	156.0
47.0	155.0
47.5	153.0
48.0	151.0
48.5	150.0
49.0	148.0
49.5	146.0
50.0	144.0
50.5	143.0
51.0	141.0
51.5	139.0
52.0	138.0
52.5	136.0
53.0	134.0
53.5	132.0
54.0	130.0
54.5	128.0
55.0	126.0
55.5	125.0
56.0	123.0
56.5	121.0
57.0	119.0
57.5	117.0
58.0	115.0
58.5	113.0
59.0	111.0
59.5	109.0
60.0	108.0
60.5	106.0
61.0	104.0
61.5	102.0
62.0	100.0
62.5	98.0
63.0	96.0
63.5	94.0
64.0	92.0
64.5	91.0
65.0	89.0
65.5	87.0
66.0	85.0
66.5	83.0
67.0	81.0
67.5	80.0
68.0	78.0
68.5	76.0
69.0	74.0
69.5	72.0
70.0	71.0
70.5	69.0
71.0	67.0
71.5	65.0
72.0	64.0
72.5	62.0
73.0	60.0
73.5	58.0
74.0	57.0
74.5	55.0
75.0	53.0
75.5	52.0
76.0	50.0
76.5	49.0
77.0	47.0
77.5	45.0
78.0	44.0
78.5	42.0
79.0	41.0
79.5	39.0
80.0	38.0
80.5	37.0
81.0	35.0
81.5	34.0
82.0	33.0
82.5	31.0
83.0	29.0
83.5	28.0
84.0	27.0
84.5	26.0
85.0	24.0
85.5	23.0
86.0	22.0
86.5	21.0
87.0	20.0
87.5	19.0
88.0	18.0
88.5	16.0
89.0	15.0
89.5	14.0
90.0	14.0
90.5	13.0
91.0	12.0
91.5	11.0
92.0	10.0
92.5	9.0
93.0	8.0
93.5	7.0
94.0	7.0
94.5	6.0
95.0	6.0
95.5	5.0
96.0	4.0
96.5	4.0
97.0	3.0
97.5	2.0
98.0	2.0
98.5	2.0
99.0	1.0
99.5	1.0
100.0	0.0
100.5	0.0
101.0	0.0
101.5	0.0
102.0	0.0
102.5	0.0
103.0	0.0
103.5	0.0
104.0	0.0
104.5	0.0
105.0	0.0
105.5	0.0
106.0	0.0
106.5	0.0
107.0	0.0
107.5	0.0
108.0	0.0
108.5	0.0
109.0	0.0
109.5	0.0
110.0	0.0
110.5	0.0
111.0	0.0
111.5	0.0
112.0	0.0
112.5	0.0
113.0	0.0
113.5	0.0
114.0	0.0
114.5	1.0
115.0	1.0
115.5	2.0
116.0	2.0
116.5	3.0
117.0	3.0
117.5	4.0
118.0	4.0
118.5	5.0
119.0	6.0
119.5	6.0
120.0	7.0
120.5	8.0
121.0	8.0
121.5	9.0
122.0	10.0
122.5	11.0
123.0	12.0
123.5	13.0
124.0	14.0
124.5	15.0
125.0	16.0
125.5	17.0
126.0	18.0
126.5	19.0
127.0	20.0
127.5	21.0
128.0	22.0
128.5	24.0
129.0	25.0
129.5	26.0
130.0	27.0
130.5	28.0
131.0	30.0
131.5	31.0
132.0	33.0
132.5	34.0
133.0	35.0
133.5	37.0
134.0	38.0
134.5	40.0
135.0	41.0
135.5	43.0
136.0	44.0
136.5	46.0
137.0	48.0
137.5	49.0
138.0	51.0
138.5	52.0
139.0	54.0
139.5	56.0
140.0	57.0
140.5	59.0
141.0	61.0
141.5	62.0
142.0	64.0
142.5	66.0
143.0	68.0
143.5	69.0
144.0	71.0
144.5	73.0
145.0	75.0
145.5	76.0
146.0	78.0
146.5	80.0
147.0	82.0
147.5	84.0
148.0	86.0
148.5	87.0
149.0	90.0
149.5	91.0
150.0	93.0
150.5	95.0
151.0	97.0
151.5	99.0
152.0	101.0
152.5	102.0
153.0	105.0
153.5	106.0
154.0	108.0
154.5	110.0
155.0	112.0
155.5	114.0
156.0	116.0
156.5	117.0
157.0	119.0
157.5	121.0
158.0	123.0
158.5	125.0
159.0	127.0
159.5	129.0
160.0	130.0
160.5	132.0
161.0	134.0
161.5	136.0
162.0	138.0
162.5	139.0
163.0	141.0
163.5	143.0
164.0	144.0
164.5	146.0
165.0	148.0
165.5	150.0
166.0	151.0
166.5	153.0
167.0	155.0
167.5	156.0
168.0	158.0
168.5	160.0
169.0	161.0
169.5	163.0
170.0	164.0
170.5	166.0
171.0	167.0
171.5	169.0
172.0	170.0
172.5	172.0
173.0	173.0
173.5	174.0
174.0	176.0
174.5	177.0
175.0	178.0
175.5	180.0
176.0	181.0
176.5	182.0
177.0	183.0
177.5	185.0
178.0	186.0
178.5	187.0
179.0	188.0
179.5	189.0
180.0	190.0
180.5	191.0
181.0	192.0
181.5	193.0
182.0	194.0
182.5	195.0
183.0	196.0
183.5	197.0
184.0	198.0
184.5	198.0
185.0	199.0
185.5	200.0
186.0	201.0
186.5	201.0
187.0	202.0
187.5	203.0
188.0	203.0
188.5	204.0
189.0	204.0
189.5	205.0
190.0	205.0
190.5	206.0
191.0	206.0
191.5	206.0
192.0	207.0
192.5	207.0
193.0	207.0
193.5	208.0
194.0	208.0
194.5	208.0
195.0	208.0
195.5	208.0
196.0	208.0
196.5	208.0
197.0	208.0
197.5	208.0
198.0	208.0
198.5	208.0
199.0	208.0
199.5	208.0
200.0	208.0
200.5	207.0
201.0	207.0
201.5	207.0
202.0	207.0
202.5	206.0
203.0	206.0
203.5	206.0
204.0	205.0
204.5	204.0
205.0	204.0
205.5	203.0
206.0	203.0
206.5	202.0
207.0	202.0
207.5	201.0
208.0	200.0
208.5	199.0
209.0	199.0
209.5	198.0
210.0	197.0
210.5	196.0
211.0	195.0
211.5	194.0
212.0	193.0
212.5	192.0
213.0	191.0
213.5	190.0
214.0	189.0
214.5	188.0
215.0	187.0
215.5	186.0
216.0	185.0
216.5	184.0
217.0	182.0
217.5	181.0
218.0	180.0
218.5	179.0
219.0	177.0
219.5	176.0
220.0	175.0
220.5	173.0
221.0	172.0
221.5	170.0
222.0	169.0
222.5	168.0
223.0	166.0
223.5	165.0
224.0	163.0
224.5	162.0
225.0	160.0
225.5	158.0
226.0	157.0
226.5	155.0
227.0	153.0
227.5	152.0
228.0	150.0
228.5	148.0
229.0	147.0
229.5	145.0
230.0	143.0
230.5	142.0
231.0	140.0
231.5	138.0
232.0	136.0
232.5	135.0
233.0	133.0
233.5	131.0
234.0	129.0
234.5	128.0
235.0	125.0
235.5	124.0
236.0	122.0
236.5	120.0
237.0	118.0
237.5	117.0
238.0	115.0
238.5	113.0
239.0	111.0
239.5	109.0
240.0	107.0
240.5	105.0
241.0	103.0
241.5	101.0
242.0	100.0
242.5	98.0
243.0	96.0
243.5	94.0
244.0	92.0
244.5	90.0
245.0	88.0
245.5	87.0
246.0	85.0
246.5	83.0
247.0	81.0
247.5	79.0
248.0	78.0
248.5	76.0
249.0	74.0
249.5	72.0
250.0	70.0
250.5	69.0
251.0	67.0
251.5	65.0
252.0	64.0
252.5	62.0
253.0	60.0
253.5	58.0
254.0	57.0
254.5	55.0
255.0	53.0
255.5	52.0
256.0	50.0
256.5	49.0
257.0	47.0
257.5	45.0
258.0	44.0
258.5	42.0
259.0	41.0
259.5	40.0
260.0	38.0
260.5	37.0
261.0	35.0
261.5	34.0
262.0	33.0
262.5	31.0
263.0	30.0
263.5	28.0
264.0	27.0
264.5	26.0
265.0	24.0
265.5	23.0
266.0	22.0
266.5	21.0
267.0	20.0
267.5	19.0
268.0	18.0
268.5	17.0
269.0	16.0
269.5	15.0
270.0	14.0
270.5	13.0
271.0	12.0
271.5	11.0
272.0	10.0
272.5	9.0
273.0	8.0
273.5	8.0
274.0	7.0
274.5	6.0
275.0	6.0
275.5	5.0
276.0	4.0
276.5	4.0
277.0	3.0
277.5	3.0
278.0	2.0
278.5	2.0
279.0	1.0
279.5	1.0
280.0	0.0
280.5	0.0
281.0	0.0
281.5	0.0
282.0	0.0
282.5	0.0
283.0	0.0
283.5	0.0
284.0	0.0
284.5	0.0
285.0	0.0
285.5	0.0
286.0	0.0
286.5	0.0
287.0	0.0
287.5	0.0
288.0	0.0
288.5	0.0
289.0	0.0
289.5	0.0
290.0	0.0
290.5	0.0
291.0	0.0
291.5	0.0
292.0	0.0
292.5	0.0
293.0	0.0
293.5	0.0
294.0	0.0
294.5	1.0
295.0	1.0
295.5	2.0
296.0	2.0
296.5	3.0
297.0	3.0
297.5	4.0
298.0	4.0
298.5	5.0
299.0	5.0
299.5	6.0
300.0	7.0
300.5	8.0
301.0	8.0
301.5	9.0
302.0	10.0
302.5	11.0
303.0	12.0
303.5	13.0
304.0	14.0
304.5	15.0
305.0	15.0
305.5	16.0
306.0	18.0
306.5	19.0
307.0	20.0
307.5	21.0
308.0	22.0
308.5	23.0
309.0	24.0
309.5	26.0
310.0	27.0
310.5	28.0
311.0	30.0
311.5	31.0
312.0	32.0
312.5	33.0
313.0	35.0
313.5	36.0
314.0	38.0
314.5	39.0
315.0	41.0
315.5	42.0
316.0	44.0
316.5	45.0
317.0	47.0
317.5	48.0
318.0	50.0
318.5	51.0
319.0	53.0
319.5	54.0
320.0	56.0
320.5	58.0
321.0	59.0
321.5	61.0
322.0	63.0
322.5	65.0
323.0	67.0
323.5	68.0
324.0	70.0
324.5	72.0
325.0	74.0
325.5	75.0
326.0	77.0
326.5	79.0
327.0	81.0
327.5	83.0
328.0	84.0
328.5	86.0
329.0	88.0
329.5	90.0
330.0	92.0
330.5	94.0
331.0	95.0
331.5	97.0
332.0	99.0
332.5	101.0
333.0	103.0
333.5	105.0
334.0	107.0
334.5	109.0
335.0	110.0
335.5	112.0
336.0	114.0
336.5	116.0
337.0	118.0
337.5	120.0
338.0	121.0
338.5	123.0
339.0	125.0
339.5	127.0
340.0	128.0
340.5	130.0
341.0	132.0
341.5	134.0
342.0	136.0
342.5	138.0
343.0	139.0
343.5	141.0
344.0	143.0
344.5	144.0
345.0	146.0
345.5	148.0
346.0	150.0
346.5	151.0
347.0	153.0
347.5	155.0
348.0	156.0
348.5	158.0
349.0	159.0
349.5	161.0
350.0	162.0
350.5	164.0
351.0	165.0
351.5	167.0
352.0	168.0
352.5	170.0
353.0	171.0
353.5	173.0
354.0	174.0
354.5	175.0
355.0	177.0
355.5	178.0
356.0	179.0
356.5	181.0
357.0	182.0
357.5	183.0
358.0	184.0
358.5	185.0
359.0	186.0
359.5	187.0
