19274
19275
19275
19275
19275
19276
19275
19277
19273
19275
19275
19275
19275
19276
19276
19274
19277
19274
19274
19275
19275
19276
19273
19275
19274
19276
19275
19275
19274
19276
19274
19275
19273
19276
19275
19275
19274
19274
19275
19274
19274
19274
19276
19274
19275
19275
19274
19274
19275
19275
19273
19277
19271
19273
19275
19273
19274
19274
19275
19274
19275
19274
19274
19274
19273
19275
19275
19274
19273
19275
19274
19274
19273
19276
19274
19274
19275
19273
19275
19273
19275
19274
19273
19275
19273
19274
19273
19274
19275
19273
19275
19273
19274
19273
19275
19273
19275
19274
19273