1927.8
1927.8
1927.7
1927.9
1927.6
1927.7
1927.9
1927.8
1927.7
1927.8
1927.7
1927.6
1927.9
1927.7
1927.8
1927.8
1927.8
1928.0
1927.8
1927.8
1927.8
1927.8
1927.7
1927.8
1927.8
1927.8
1927.8
1927.7
1927.8
1927.8
1927.8
1927.7
1927.8
1927.7
1927.9
1927.8
1927.8
1927.7
1927.9
1927.8
1927.7
1927.8
1927.7
1927.7
1927.8
1927.8
1927.7
1927.8
1927.8
1927.7
1927.8
1927.8
1927.7
1927.8
1927.8
1927.8
1927.6
1927.9
1927.6
1927.9
1927.6
1927.8
1927.7
1927.8
1927.7
1927.8
1927.7
1927.7
1927.7
1927.9
1927.7
1927.8
1927.6
1927.7
1927.7
1927.7
1927.8
1927.6
1927.7
1927.8
1927.6
1927.7
1927.8
1927.8
1927.6
1927.7
1927.7
1927.8
1927.6
1927.8
1927.6
1927.7
1927.7
1927.7
1927.6
1927.7
1927.7
1927.6
1927.7
1927.6
1927.8
1927.6
1927.7
1927.6
1927.6
1927.7
1927.7
1927.7
1927.7
1927.7
1927.6
1927.8
1927.6
1927.7
1927.7
1927.7
1927.6
1927.6
1927.6
1927.7
1927.5
1927.7
1927.6
1927.6
1927.6
1927.7
1927.6
1927.6
1927.6
1927.6
1927.6
1927.7
1927.6
1927.7
1927.6
1927.7
1927.6
1927.6
1927.5
1927.7
1927.5
1927.7
1927.5
1927.6
1927.6
1927.7
1927.6
1927.5
1927.6
1927.7
1927.5
1927.6
1927.6
1927.6
1927.6
1927.6
1927.6
1927.7
1927.5
1927.7
1927.6
1927.6
1927.5
1927.6
1927.5
1927.7
1927.6
1927.5
1927.6
1927.6
1927.6
1927.5
1927.6
1927.6
1927.5
1927.6
1927.6
1927.5
1927.5
1927.5
1927.6
1927.5
1927.6
1927.6
1927.5
1927.5
1927.5
1927.5
1927.6
1927.5
1927.5
1927.7
1927.5
1927.5
1927.5
1927.5
1927.5
1927.6
1927.5
1927.5
1927.5
1927.4
1927.5
1927.5
1927.5
1927.5
1927.6
1927.5
1927.7
1927.3
1927.5
1927.5
1927.5
1927.5
1927.6
1927.6
1927.4
1927.7
1927.4
1927.4
1927.5
1927.5
1927.6
1927.3
1927.5
1927.4
1927.6
1927.5
1927.5
1927.4
1927.6
1927.4
1927.5
1927.3
1927.6
1927.5
1927.5
1927.4
1927.4
1927.5
1927.4
1927.4
1927.4
1927.6
1927.4
1927.5
1927.5
1927.4
1927.4
1927.5
1927.5
1927.3
1927.7
1927.1
1927.3
1927.5
1927.3
1927.4
1927.4
1927.5
1927.4
1927.5
1927.4
1927.4
1927.4
1927.3
1927.5
1927.5
1927.4
1927.3
1927.5
1927.4
1927.4
1927.3
1927.6
1927.4
1927.4
1927.5
1927.3
1927.5
1927.3
1927.5
1927.4
1927.3
1927.5
1927.3
1927.4
1927.3
1927.4
1927.5
1927.3
1927.5
1927.3
1927.4
1927.3
1927.5
1927.3
1927.5
1927.4
1927.3
