0
0
0
0
0
0
0
0
0
0
15
7
29
18
17
17
23
12
15
10
15
9
16
10
19
14
16
8
8
12
10
13
12
10
7
10
13
9
9
8
5
11
7
14
9
10
12
5
8
16
9
5
8
5
5
8
10
2
5
10
9
9
4
5
3
4
5
3
5
10
7
4
8
6
7
9
6
3
4
7
4
10
6
5
11
4
4
7
9
11
10
3
10
8
7
6
9
3
8
2
3
3
9
6
9
9
9
5
10
10
5
8
7
5
6
3
10
9
9
12
11
5
11
5
9
7
5
6
13
7
8
7
4
8
6
13
4
7
5
5
4
6
5
11
7
10
11
9
5
5
7
6
5
7
9
7
11
5
8
5
10
2
2
3
0
1
3
18
18
13
8
8
3
4
1
2
3
3
3
2
5
1
1
2
0
3
5
0
6
9
3
7
10
12
42
107
193
366
518
400
270
85
23
11
6
5
5
6
4
6
0
1
1
2
1
2
3
1
3
2
0
4
1
4
12
33
23
18
14
23
18
17
18
5
5
10
11
30
64
152
191
240
215
167
122
68
42
24
36
67
144
311
638
791
742
494
256
166
84
40
13
5
1
7
6
10
12
10
19
10
6
5
3
1
4
1
2
3
5
1
7
2
3
3
3
10
5
12
1
14
4
2
7
10
28
62
146
205
169
120
90
47
53
41
34
31
56
54
39
38
18
9
7
1
1
2
9
12
15
13
12
6
2
1
1
2
0
1
1
0
3
0
1
0
2
0
0
1
0
0
1
0
0
2
0
3
1
3
0
1
1
1
4
0
2
0
3
2
5
2
10
6
13
6
1
4
0
0
1
0
2
0
2
3
2
17
41
79
101
106
75
39
9
2
0
1
0
1
0
1
3
3
0
1
5
2
5
1
0
0
0
0
0
0
0
0
1
2
4
1
1
0
1
0
1
0
0
0
1
0
0
0
0
1
1
1
0
0
0
1
2
1
1
0
0
0
0
0
0
1
0
0
0
0
1
0
0
0
1
0
0
0
0
0
0
1
0
0
0
1
0
0
0
0
0
1
0
0
1
0
0
0
0
0
1
2
1
2
4
2
5
1
1
1
0
0
0
0
0
0
0
1
0
1
1
0
0
1
0
0
1
0
0
0
0
0
0
1
1
0
0
1
0
0
0
0
0
1
0
0
0
1
1
0
0
0
0
0
0
0
0
0
0
1
0
0
1
0
0
0
1
0
0
0
0
0
0
0
0
1
0
0
0
0
0
0
0
0
0
0
1
0
0
0
0
0
0
0
0
0
0
0
0
0
0
0
0
0
0
0
0
1
1
0
0
0
1
0
0
0
0
0
0
0
0
0
0
0
0
0
0
0
0
0
0
0
0
0
0
0
0
0
0
0
0
1
0
0
0
0
0
0
0
1
0
1
1
0
0
0
1
0
0
0
1
0
0
1
0
0
0
0
1
0
0
1
0
0
0
0
0
0
0
0
0
0
0
0
0
0
0
0
1
0
0
0
1
1
0
1
0
2
0
0
0
0
0
0
0
1
1
0
1
0
0
0
0
0
0
0
1
2
0
0
1
1
0
1
1
1
2
1
2
0
3
0
1
0
1
0
2
2
3
2
2
0
0
0
2
0
1
0
1
1
2
0
1
0
1
1
1
3
3
1
1
0
2
0
1
1
1
1
2
0
0
0
1
0
0
1
1
0
0
1
0
0
0
0
1
0
1
0
0
0
1
0
0
0
3
0
0
0
0
0
0
0
0
1
0
1
0
2
1
1
0
0
0
2
0
0
2
1
0
0
1
1
1
1
0
0
1
0
0
1
0
0
0
0
1
1
0
2
0
1
0
0
2
0
0
0
0
0
0
0
0
1
1
2
0
0
0
0
2
1
0
0
2
1
1
1
0
0
0
1
0
4
0
1
0
0
2
0
1
1
1
5
7
18
26
55
76
102
150
138
114
73
47
23
10
9
2
1
0
0
0
0
0
0
0
0
0
0
0
0
0
0
0
0
0
0
0
0
0
0
0
0
0
0
0
0
0
0
1
0
0
0
0
0
0
0
0
0
0
0
0
0
0
0
0
0
0
0
0
0
0
0
0
0
0
0
0
0
0
0
0
0
0
0
0
0
0
0
0
0
0
0
0
0
0
0
0
0
0
0
0
0
0
0
0
0
0
0
0
0
0
0
0
0
0
0
0
0
0
0
0
0
0
0
0
0
0
0
0
0
0
0
0
0
0
0
0
0
0
0
0
0
0
0
0
0
0
0
0
0
0
0
0
0
0
0
0
0
0
0
0
0
0
0
0
0
0
0
0
0
