0
0
0
0
0
0
0
0
0
0
38
32
40
30
32
23
28
25
21
30
18
22
30
25
20
15
16
14
13
16
13
18
15
23
14
23
11
14
9
15
20
14
26
11
12
17
14
18
8
19
15
14
21
20
14
17
18
15
12
21
5
23
17
19
11
9
8
14
11
10
12
6
18
10
8
14
6
11
13
16
13
12
19
12
17
15
12
18
18
8
12
14
8
8
6
12
9
8
11
10
11
15
8
14
13
15
17
21
15
12
9
8
9
15
11
12
13
14
14
14
11
12
7
9
16
6
14
21
17
16
11
13
11
15
9
9
15
14
15
8
7
9
14
9
9
10
7
8
22
13
9
6
16
6
13
12
11
14
9
8
6
8
8
1
3
6
4
8
5
5
8
5
3
3
3
5
1
2
2
2
5
7
3
3
4
1
4
4
1
4
5
1
8
17
41
71
166
285
330
245
113
35
15
6
5
5
5
5
4
4
5
2
3
4
0
2
4
7
0
4
3
3
4
10
19
31
20
23
19
26
16
12
8
10
5
6
16
33
91
149
197
203
200
160
131
69
39
34
58
89
189
393
725
911
778
436
233
134
72
35
15
7
4
2
12
7
19
13
16
17
8
5
6
2
5
6
6
2
7
3
2
5
4
4
2
6
9
8
11
5
5
6
10
20
43
103
209
260
202
139
84
58
52
45
55
68
90
77
53
31
16
9
6
2
7
6
17
14
18
10
10
8
2
4
1
0
1
1
0
0
1
0
1
0
4
1
0
1
1
1
3
0
0
0
0
3
2
1
3
2
2
3
1
1
0
3
4
6
3
7
18
24
13
16
9
10
3
1
0
1
2
2
2
2
15
26
74
133
167
157
79
35
25
3
2
0
1
0
1
2
3
4
5
5
5
5
3
4
0
0
1
0
0
0
1
0
2
3
0
2
2
2
1
1
0
2
0
0
2
2
0
0
0
0
2
0
1
0
2
0
0
2
1
0
0
0
0
1
1
0
0
0
0
0
0
1
0
0
2
0
1
0
0
1
1
1
0
0
1
0
3
1
0
0
0
0
0
1
0
0
0
0
0
0
0
3
0
4
5
6
1
2
1
1
1
1
0
0
0
0
0
0
0
0
0
0
0
1
0
0
0
0
0
0
0
0
0
0
0
0
0
0
0
0
0
0
0
0
0
0
1
0
0
0
0
1
3
1
2
0
0
0
0
1
0
0
1
1
0
0
0
0
0
0
1
1
0
0
0
0
0
0
1
0
0
0
0
0
0
1
1
1
0
0
1
3
0
1
0
0
1
1
0
0
0
0
1
1
0
0
0
1
0
0
0
1
0
0
0
0
0
0
0
0
0
0
0
1
0
0
0
1
0
0
0
0
0
0
0
0
0
0
0
1
1
0
0
0
1
0
0
1
0
1
1
2
1
2
2
1
2
2
0
1
0
0
0
0
0
0
0
1
0
2
0
1
1
0
0
0
1
1
0
0
0
0
0
0
1
1
1
0
1
0
0
0
0
0
1
1
0
0
0
0
0
0
0
0
1
0
1
2
0
0
0
0
0
0
1
1
1
2
1
1
2
0
0
2
3
0
1
1
0
2
2
0
1
0
1
1
2
1
1
1
0
1
5
1
3
2
2
3
0
0
3
0
1
0
2
2
4
1
1
2
0
2
0
2
1
0
1
2
1
1
2
0
1
2
1
2
2
1
0
0
1
2
2
2
2
2
1
1
2
3
3
3
1
0
2
0
0
1
1
2
1
0
1
2
1
2
2
0
1
0
1
2
3
1
0
0
1
1
0
0
1
0
0
0
0
0
1
0
1
2
1
0
1
1
1
2
1
1
0
2
2
1
1
1
2
0
0
0
0
0
0
2
1
1
0
3
0
1
1
1
0
2
2
0
1
0
0
2
1
0
2
0
0
1
0
0
2
0
2
3
4
6
16
30
67
119
162
195
242
245
175
118
65
32
11
1
3
0
0
0
0
0
0
0
0
0
0
0
0
0
0
0
0
0
0
0
0
0
0
0
0
0
0
0
0
0
0
0
0
0
0
0
0
0
0
0
0
0
0
0
0
0
0
0
0
0
0
0
0
0
0
0
0
0
0
0
0
0
0
0
0
0
0
0
0
0
0
0
0
0
0
0
0
0
0
0
0
0
0
0
0
0
0
0
0
0
0
0
0
0
0
0
0
0
0
0
0
0
0
0
0
0
0
0
0
0
0
0
0
0
0
0
0
0
0
0
0
0
0
0
0
0
0
0
0
0
0
0
0
0
0
0
0
0
0
0
0
0
0
0
0
0
0
0
0
0
0
0
0
0
