0
0
0
0
0
0
0
0
0
0
32
36
33
29
31
32
26
24
18
24
23
25
27
27
20
26
20
19
18
28
22
30
17
27
17
21
14
24
16
20
15
19
9
21
13
15
21
20
12
19
12
16
16
16
16
16
8
16
11
11
11
17
8
12
11
12
15
10
15
12
10
14
6
19
10
10
15
9
16
16
11
13
6
15
13
14
11
12
14
13
17
15
13
15
10
10
10
16
17
17
12
10
17
10
12
9
17
13
11
13
14
12
10
9
12
15
18
10
19
9
12
6
11
12
14
12
9
6
4
10
18
13
10
15
12
9
14
14
10
8
14
10
8
12
14
9
7
15
14
21
12
13
10
14
12
13
10
9
13
9
6
6
6
2
5
5
7
15
16
7
7
5
4
2
3
10
5
9
6
1
9
5
2
5
4
2
6
5
9
5
3
6
11
27
49
107
229
402
509
425
216
54
16
5
6
3
1
5
6
2
2
2
5
1
0
3
4
4
3
1
3
1
3
12
17
32
26
29
17
25
12
23
11
13
13
10
16
44
94
202
253
306
253
201
155
84
52
36
58
90
223
526
861
1136
987
581
297
184
106
55
17
9
8
8
6
11
11
17
14
14
6
5
3
7
0
2
1
3
5
4
5
3
1
2
6
14
10
12
18
12
8
9
14
15
42
98
217
283
261
176
91
65
62
53
74
69
69
79
72
46
21
6
4
3
6
7
16
22
14
12
13
3
5
3
3
1
0
0
1
0
0
1
1
1
2
1
0
1
1
1
0
0
1
1
1
2
1
1
1
2
0
0
4
1
0
6
1
3
4
15
12
11
13
15
8
9
0
3
1
0
3
0
4
7
16
44
79
112
179
185
124
69
17
7
0
4
0
1
2
0
3
3
4
4
5
7
0
0
3
1
0
1
1
0
0
1
0
0
4
7
3
2
1
0
2
0
0
0
0
0
0
1
0
0
0
1
1
1
1
0
1
1
1
1
1
0
1
0
0
0
0
1
1
1
1
0
1
0
0
0
0
1
0
1
0
0
0
3
1
0
2
1
0
0
2
0
0
0
0
0
0
0
1
0
0
1
3
4
6
7
2
1
3
1
1
0
0
0
0
0
0
0
0
0
0
0
1
0
0
0
0
0
0
0
0
0
2
0
1
0
0
0
0
0
0
0
0
1
0
0
0
0
0
0
2
3
2
2
0
0
1
0
2
1
0
0
0
1
1
0
0
0
0
0
0
0
0
0
0
1
1
1
0
0
0
1
0
0
0
0
0
0
0
0
0
0
0
0
0
0
0
0
0
0
0
0
0
1
0
0
1
0
0
0
0
0
0
0
0
0
1
0
0
1
1
0
0
1
0
0
0
0
0
0
0
0
0
0
0
0
1
0
0
0
0
1
1
0
0
1
0
0
1
1
0
0
1
0
2
1
3
0
0
0
0
1
0
0
0
1
0
0
0
0
0
1
0
0
0
1
0
1
0
0
0
0
0
0
0
0
2
2
0
2
0
0
1
0
2
0
0
1
1
0
1
0
1
1
0
1
0
0
0
1
1
0
1
0
1
4
1
1
3
0
0
0
2
2
0
2
0
1
1
1
1
0
0
2
0
0
3
2
0
5
4
4
1
2
4
1
1
5
2
2
0
2
1
2
1
1
2
3
1
3
0
1
3
2
3
0
0
2
1
4
1
4
0
2
2
0
3
0
3
2
3
1
1
0
1
1
0
1
0
2
0
0
1
0
2
0
0
0
0
3
1
1
1
0
0
0
0
2
1
1
1
1
0
1
0
0
0
1
1
1
3
0
0
0
0
1
1
2
0
0
0
2
1
0
1
1
0
0
2
0
3
2
0
2
2
0
1
1
2
4
0
1
0
1
1
1
2
2
3
0
2
1
1
0
0
4
3
0
2
0
0
0
1
1
0
1
2
2
0
1
4
7
14
40
57
105
176
229
246
263
210
136
68
31
18
3
2
0
0
0
0
0
0
0
0
0
0
0
0
0
0
0
0
0
0
0
0
0
0
0
0
0
0
0
0
0
0
0
0
0
0
0
0
0
0
0
0
0
0
0
0
0
0
0
0
0
0
0
0
0
0
0
0
0
0
0
0
0
0
0
0
0
0
0
0
0
0
0
0
0
0
0
0
0
0
0
0
0
0
0
0
0
0
0
0
0
0
0
0
0
0
0
0
0
0
0
0
0
0
0
0
0
0
0
0
0
0
0
0
0
0
0
0
0
0
0
0
0
0
0
0
0
0
0
0
0
0
0
0
0
0
0
0
0
0
0
0
0
0
0
0
0
0
0
0
0
0
0
0
0
