0
0
0
0
0
0
0
0
0
0
7
18
17
13
7
17
8
5
5
8
7
11
5
11
10
10
10
4
8
9
3
7
5
6
7
7
3
10
7
7
8
10
5
2
6
3
4
6
4
6
5
6
5
3
5
8
6
8
8
9
6
2
4
6
5
4
3
6
3
1
5
6
5
2
3
6
3
6
7
2
5
2
2
2
8
6
4
1
2
5
7
5
4
4
1
3
5
6
2
3
4
7
3
6
2
5
2
4
2
5
5
2
4
4
2
6
3
4
2
2
3
8
3
4
8
5
4
7
5
2
4
3
5
4
6
5
3
4
6
3
7
5
3
5
5
5
10
4
4
5
6
1
7
4
1
3
8
2
1
3
5
5
7
3
1
1
2
13
18
24
14
3
0
4
2
1
1
3
1
1
1
1
3
3
3
2
0
5
5
4
5
7
12
16
26
82
183
338
463
474
279
97
23
4
4
4
2
7
7
5
3
4
2
1
2
3
1
1
2
0
1
2
2
3
6
20
25
17
14
18
14
15
9
4
10
9
4
15
45
71
158
182
176
118
100
54
38
23
21
34
101
197
392
567
574
340
173
122
58
31
12
4
8
5
6
7
5
6
14
7
6
4
4
2
2
2
3
1
1
0
3
2
2
2
4
1
6
7
7
5
3
2
4
3
13
45
66
114
114
67
47
37
27
23
25
29
24
31
32
29
15
4
3
1
2
3
6
6
14
6
9
2
3
3
0
1
0
0
0
0
0
1
1
0
0
0
0
0
0
0
1
0
0
0
0
0
1
2
1
1
0
1
1
0
1
0
0
0
3
6
5
4
5
3
5
3
0
1
0
0
1
0
0
1
2
7
17
46
71
61
40
22
16
2
2
0
0
0
0
0
0
1
1
1
0
2
1
0
0
0
0
0
0
0
0
0
0
1
1
0
0
0
2
2
0
0
0
0
0
0
0
0
0
0
0
0
1
0
0
1
0
0
0
0
0
0
1
0
0
0
0
0
1
0
0
0
0
0
0
0
0
0
0
0
0
0
0
0
0
0
1
1
0
0
0
0
0
0
0
0
0
1
0
0
0
1
2
0
1
1
0
0
1
0
0
0
0
0
0
0
0
0
0
0
0
0
0
0
0
0
0
0
0
0
0
0
0
0
0
0
0
0
0
0
0
0
0
1
0
1
0
0
0
0
0
0
1
1
0
0
0
0
0
0
0
0
0
0
0
0
0
0
0
0
0
0
0
0
0
0
0
0
1
0
0
0
0
0
0
0
0
0
0
0
0
0
0
0
0
0
0
0
0
0
0
0
0
0
0
0
0
0
0
0
0
0
0
0
1
0
0
0
0
0
0
0
0
0
0
0
0
0
0
0
0
0
0
0
0
0
0
0
0
0
0
0
0
0
0
0
0
0
0
0
0
0
0
1
1
1
0
1
0
0
0
0
0
0
1
0
0
0
1
0
0
0
1
0
0
0
0
0
0
0
0
0
0
0
0
0
0
0
0
0
0
0
0
0
1
0
1
0
0
0
0
0
0
0
1
0
0
0
0
0
0
0
1
0
0
0
1
1
1
1
0
0
0
2
0
0
0
0
1
1
1
1
0
1
0
1
0
2
0
0
0
1
4
0
1
1
0
0
0
1
1
1
0
0
0
1
1
1
1
0
0
0
0
0
0
0
0
0
0
1
1
0
0
0
1
0
1
1
1
0
0
0
0
0
0
1
2
0
0
0
0
0
0
0
1
0
0
1
1
0
0
0
0
1
1
0
1
1
0
0
0
0
2
1
0
0
0
0
0
0
0
0
0
1
0
1
1
1
1
0
0
0
0
0
0
0
0
0
0
0
0
0
1
0
0
0
1
0
1
0
1
0
1
0
0
1
2
1
0
1
0
0
0
1
0
0
0
1
0
0
0
0
0
0
0
0
0
1
0
0
1
1
2
4
20
32
38
81
71
79
57
51
36
21
3
2
1
0
0
0
0
0
0
0
0
0
0
0
0
0
0
0
0
0
0
0
0
0
0
0
0
0
0
0
0
0
0
0
0
0
0
0
0
0
0
0
0
0
0
0
0
0
0
0
0
0
0
0
0
0
0
0
0
0
0
0
0
0
0
0
0
0
0
0
0
0
0
0
0
0
0
0
0
0
0
0
0
0
0
0
0
0
0
0
0
0
0
0
0
0
0
0
0
0
0
0
0
0
0
0
0
0
0
0
0
0
0
0
0
0
0
0
0
0
0
0
0
0
0
0
0
0
0
0
0
0
0
0
0
0
0
0
0
0
0
0
0
0
0
0
0
0
0
0
0
0
0
0
0
0
