0
0
0
0
0
0
0
0
0
0
6
14
12
4
4
9
9
5
7
7
4
7
6
3
5
6
4
3
6
7
2
7
5
4
4
5
3
4
4
1
5
3
2
2
9
5
2
1
2
4
5
3
3
2
5
2
4
3
2
4
3
5
1
1
3
5
3
1
4
1
2
1
0
4
0
1
0
3
1
4
1
3
1
3
1
0
7
8
23
42
41
17
7
3
1
4
3
5
7
15
8
2
6
2
1
1
2
3
2
4
2
4
3
4
2
4
5
1
3
4
0
4
1
2
5
1
6
3
3
0
1
2
4
2
0
4
2
6
3
1
4
2
2
5
2
6
3
2
1
5
2
2
1
5
5
4
3
3
1
1
0
0
3
1
2
2
5
20
30
41
9
8
1
3
0
1
2
0
0
4
1
0
2
1
3
2
3
2
1
2
3
6
6
15
35
102
157
340
446
409
241
88
14
6
3
4
2
6
7
4
2
4
1
1
0
2
2
0
3
2
0
1
2
3
11
15
26
11
14
13
11
10
9
7
6
6
13
17
34
71
128
127
107
104
71
40
28
17
14
32
61
158
311
489
421
278
148
84
47
26
12
6
4
3
4
1
8
8
3
9
5
2
0
1
2
1
0
2
1
1
1
2
0
0
1
1
0
5
8
3
2
6
4
4
7
33
51
81
80
57
29
36
18
21
14
18
17
20
21
28
9
6
2
1
2
0
3
3
9
8
3
2
2
0
1
0
0
1
0
1
0
0
0
0
0
0
0
0
0
0
0
0
1
0
0
0
1
0
0
1
0
0
0
0
0
0
0
1
2
2
5
1
1
3
4
1
1
0
0
0
0
0
0
2
2
5
18
24
33
34
34
20
5
3
0
0
0
0
0
1
1
0
2
0
4
0
2
1
0
0
0
0
0
0
0
0
1
0
0
2
0
0
0
0
0
0
0
1
0
0
0
0
0
0
0
0
0
0
0
1
0
0
0
0
0
1
0
0
0
1
0
0
0
0
1
0
1
1
0
0
0
0
0
0
0
0
0
0
0
0
0
0
1
0
1
0
0
0
0
0
0
0
1
0
1
1
0
1
1
0
1
0
1
0
0
0
0
0
0
0
0
0
0
0
0
0
0
0
0
0
0
0
0
0
0
0
0
0
0
0
0
0
0
0
0
0
0
0
0
0
0
0
0
1
0
0
0
0
0
0
0
0
0
0
0
0
0
0
0
0
0
0
0
0
0
0
0
0
0
0
0
0
0
0
0
0
0
0
0
0
0
0
0
0
0
1
0
0
0
0
0
0
1
1
0
0
0
0
0
0
0
0
0
0
0
0
0
0
0
0
0
0
0
0
0
0
0
0
0
0
0
0
0
0
0
0
0
0
1
0
1
0
0
0
0
0
0
0
0
0
0
0
0
0
0
0
1
2
0
0
0
0
0
0
0
0
0
0
0
0
0
0
1
0
0
0
0
0
0
0
0
0
0
0
0
0
0
0
0
0
0
0
0
0
0
0
0
0
0
0
0
0
0
0
0
0
0
0
0
0
0
0
0
0
0
0
0
0
0
0
0
0
0
0
0
0
0
0
1
0
0
0
0
0
0
1
0
1
0
0
0
0
0
0
0
0
0
0
0
1
0
1
0
1
0
1
0
0
1
0
1
0
0
0
0
1
0
1
1
1
0
0
1
0
0
0
0
0
0
0
0
0
0
0
0
0
0
1
0
0
0
0
0
0
0
0
0
0
0
1
0
1
0
0
0
0
0
1
0
0
0
0
0
0
1
0
0
0
0
0
0
0
0
0
0
0
0
0
0
0
0
0
0
0
0
1
0
0
0
0
0
0
1
0
0
0
0
1
0
1
0
0
0
0
0
0
0
0
0
0
0
1
0
0
0
0
0
0
1
0
0
0
0
0
0
0
1
0
0
0
0
0
0
0
1
0
5
4
6
19
28
36
50
47
39
23
25
11
3
3
0
0
0
0
0
0
0
0
0
0
0
0
0
0
0
0
0
0
0
0
0
0
0
0
0
0
0
0
0
0
0
0
0
0
0
0
0
0
0
0
0
0
0
0
0
0
0
0
0
0
0
0
0
0
0
0
0
0
0
0
0
0
0
0
0
0
0
0
0
0
0
0
0
0
0
0
0
0
0
0
0
0
0
0
0
0
0
0
0
0
0
0
0
0
0
0
0
0
0
0
0
0
0
0
0
0
0
0
0
0
0
0
0
0
0
0
0
0
0
0
0
0
0
0
0
0
0
0
0
0
0
0
0
0
0
0
0
0
0
0
0
0
0
0
0
0
0
0
0
0
0
0
0
0
