0
0
0
0
0
0
0
0
0
0
16
24
29
11
5
4
2
1
2
7
6
8
6
6
8
7
2
4
8
10
14
14
9
25
82
155
87
44
30
54
68
45
27
17
24
26
20
19
24
63
173
188
93
58
52
48
38
13
10
5
10
15
25
25
12
16
9
17
9
13
15
14
12
9
10
26
18
18
13
10
16
18
25
19
22
18
26
144
607
1256
1353
703
177
39
14
22
20
58
135
227
171
66
26
63
135
197
151
79
32
38
53
58
85
120
137
107
78
39
22
17
14
15
22
13
15
18
25
16
19
20
35
25
34
21
22
7
10
15
11
11
6
2
7
5
6
8
15
27
51
86
66
42
20
8
9
15
7
11
13
7
11
9
7
6
3
9
8
8
7
5
4
5
3
5
10
7
15
29
34
51
59
33
18
7
7
4
3
5
6
5
2
3
5
3
2
2
3
5
2
2
3
2
10
4
4
3
3
2
5
10
6
7
5
6
2
5
6
8
11
2
3
3
1
2
1
3
3
2
2
1
0
2
5
4
2
2
1
2
1
4
2
4
1
1
4
2
2
6
2
2
1
1
2
2
2
2
3
0
4
2
2
2
1
1
1
3
1
2
0
5
0
2
2
0
3
2
5
0
0
0
2
1
2
3
1
0
2
2
2
3
2
2
0
5
1
1
1
0
1
2
1
0
2
0
3
0
0
1
1
0
1
0
2
3
1
0
0
0
0
0
1
0
1
1
1
0
0
0
0
0
0
0
0
0
0
1
0
0
4
0
0
1
0
0
0
0
2
1
0
0
1
0
1
0
0
1
1
0
0
0
1
1
0
0
0
0
1
0
0
0
0
1
0
0
0
0
1
0
1
0
0
0
0
0
0
0
0
0
0
0
0
0
0
0
0
0
0
0
0
0
1
1
0
0
0
0
0
1
0
0
0
0
0
0
0
0
0
0
0
0
0
0
0
0
0
0
0
0
0
0
0
0
0
0
0
0
0
0
0
1
0
0
0
0
0
0
0
0
0
0
0
0
0
0
0
0
0
0
0
0
0
0
0
0
0
0
0
0
0
0
0
0
0
0
0
0
0
0
0
0
0
0
0
0
0
0
0
0
0
0
0
0
0
0
0
0
0
0
0
0
0
0
0
0
0
0
0
0
0
0
0
0
0
0
0
0
0
0
0
0
0
0
0
0
0
0
0
0
0
0
0
0
0
0
0
0
0
0
0
0
0
0
1
0
0
0
0
0
0
0
0
0
0
0
0
0
0
0
0
0
0
0
0
0
0
0
0
0
0
0
0
0
0
0
0
0
0
0
0
0
0
0
0
0
0
0
1
0
0
0
0
0
0
0
0
0
0
0
0
0
0
0
0
0
0
0
0
0
0
0
0
0
0
0
0
0
0
0
0
0
0
0
0
0
0
0
0
0
0
0
0
0
0
0
0
0
0
0
0
0
0
0
0
0
0
0
0
0
0
0
0
0
0
0
0
0
0
0
0
0
0
0
0
0
0
0
0
0
0
0
0
0
0
0
0
0
0
0
0
0
0
0
0
0
0
0
0
0
0
0
0
0
0
0
0
0
0
0
0
0
0
0
0
0
0
0
0
0
0
0
0
0
0
0
0
0
0
0
0
0
0
0
0
0
0
0
0
0
0
0
0
0
0
0
0
0
0
0
0
0
0
0
0
0
0
0
0
0
0
0
0
0
0
0
0
0
0
0
0
0
0
0
0
0
0
0
0
0
0
0
0
0
0
0
0
0
0
0
0
0
0
0
0
0
0
0
0
0
0
0
0
0
0
0
0
0
0
0
0
0
0
0
0
0
0
0
0
0
0
0
0
0
0
0
0
0
0
0
0
0
0
0
0
0
0
0
0
0
0
0
0
0
0
0
0
0
0
0
0
0
0
0
0
0
0
0
0
0
0
0
0
0
0
0
0
0
0
0
0
0
0
0
0
0
0
0
0
0
0
0
0
0
0
0
0
0
0
0
0
0
0
0
0
0
0
0
0
0
0
0
0
0
0
0
0
0
0
0
0
0
0
0
0
0
0
0
0
0
0
0
0
0
0
0
0
0
0
0
0
0
0
0
0
0
0
0
0
0
0
0
0
0
0
0
0
0
0
0
0
0
0
0
0
0
0
0
0
0
0
0
0
0
0
0
0
0
0
0
0
0
0
0
0
0
0
0
0
0
0
0
0
0
0
0
0
0
0
0
0
0
0
0
0
0
0
0
0
0
0
0
0
0
0
0
0
0
0
0
0
0
0
0
0
0
0
0
0
0
0
0
0
0
0
0
0
0
0
0
0
0
0
0
0
0
