0
0
0
0
0
0
0
0
0
0
3
2
2
2
2
2
3
3
3
12
10
5
5
6
7
6
3
11
8
14
19
15
17
80
142
108
31
25
42
70
49
22
12
39
19
12
8
14
57
154
135
55
40
50
49
32
15
14
3
10
11
19
19
13
9
13
11
24
10
6
9
11
8
12
14
14
7
8
13
11
14
21
22
16
13
25
90
483
1131
1199
564
167
22
4
9
23
49
135
184
148
60
26
38
127
171
118
54
28
36
37
58
76
96
114
97
57
37
13
12
9
11
15
10
18
14
19
20
16
16
27
20
25
15
19
15
15
17
15
7
10
4
7
3
7
5
13
23
44
80
86
50
26
13
6
12
10
10
6
5
4
3
2
5
4
7
10
7
3
5
5
5
3
6
13
7
6
15
26
54
42
27
14
15
6
9
9
3
6
5
2
1
2
2
1
1
2
3
0
2
3
4
5
8
4
2
4
2
2
5
3
6
4
6
4
5
2
2
5
4
0
5
3
0
3
2
1
4
4
3
1
2
1
1
2
2
1
1
1
2
3
1
2
4
1
1
2
3
0
2
0
1
1
0
2
4
1
3
1
3
4
1
1
0
0
2
3
1
1
4
1
1
2
1
1
1
3
3
2
2
1
1
1
1
0
1
0
1
0
0
2
1
1
0
0
2
2
1
2
0
1
1
0
0
1
1
1
0
1
0
1
1
1
0
0
0
0
0
0
0
0
0
0
2
0
0
0
0
1
0
0
0
0
2
1
0
0
0
0
1
0
0
0
0
1
1
1
0
1
0
0
0
0
0
1
0
0
0
0
0
0
0
1
0
0
0
0
0
0
0
0
0
0
0
0
0
0
0
0
0
0
0
0
0
0
0
0
0
0
0
0
0
0
0
1
0
0
0
0
0
0
0
0
0
0
0
0
0
0
0
0
0
0
0
0
0
0
0
0
0
0
0
0
0
0
0
0
0
0
0
0
0
0
0
0
0
0
0
0
0
0
0
0
0
0
0
0
0
0
1
0
0
0
0
0
0
0
0
0
0
0
0
0
0
0
0
0
0
0
0
0
0
0
0
0
0
0
0
0
0
0
0
0
0
0
0
0
0
0
0
0
0
0
0
0
0
0
0
0
0
0
0
0
0
0
0
0
0
0
0
0
0
0
0
0
0
0
0
0
0
0
0
0
0
0
0
0
0
0
0
0
0
0
0
0
0
0
0
0
0
0
0
0
0
0
0
0
0
0
0
0
0
0
0
0
0
0
0
0
0
0
0
0
0
0
0
0
0
0
0
0
0
0
0
0
0
0
0
0
0
0
0
0
0
0
0
0
1
0
0
0
0
0
0
0
0
0
0
0
0
0
0
0
0
0
0
0
0
0
0
0
0
0
0
0
0
0
0
0
0
0
0
0
0
0
0
0
0
0
0
0
0
0
0
0
0
0
0
0
0
0
0
0
0
0
0
0
0
0
0
0
0
0
1
0
0
0
0
0
0
0
0
0
0
0
0
0
0
0
0
0
0
0
0
0
0
0
0
0
0
0
0
0
0
0
0
0
0
0
0
0
0
0
0
0
0
0
0
0
0
0
0
0
0
0
0
0
0
0
0
0
0
0
0
0
0
0
0
0
0
0
0
0
0
0
0
0
0
0
0
0
0
0
0
0
0
0
0
0
0
0
0
0
0
0
0
0
0
0
0
0
0
0
0
0
0
0
0
0
0
0
0
0
0
0
0
0
0
0
0
0
0
0
0
0
0
0
0
0
0
0
0
0
0
0
0
0
0
0
0
0
0
0
0
0
0
0
0
0
0
0
0
0
0
0
0
0
0
0
0
0
0
0
0
0
0
0
0
0
0
0
0
0
0
0
0
0
0
0
0
0
0
0
0
0
1
0
0
0
0
0
0
0
0
0
0
0
0
0
0
0
0
0
0
0
0
0
0
0
0
0
0
0
0
0
0
0
0
0
0
0
0
0
0
0
0
0
0
0
0
0
0
0
0
0
0
0
0
0
0
0
0
0
0
0
0
0
0
0
0
0
0
0
0
0
0
0
0
0
0
0
0
0
0
0
0
0
0
0
0
0
0
0
0
0
0
0
0
0
0
0
0
0
0
0
0
0
0
0
0
0
0
0
0
0
0
0
0
0
0
0
0
0
0
0
0
0
0
0
0
0
0
0
0
0
0
0
0
0
0
0
0
0
0
0
0
0
0
0
0
0
0
0
0
0
0
0
0
0
0
0
0
0
0
0
0
0
0
0
0
0
0
0
0
0
0
0
0
0
0
0
0
0
0
0
0
0
0
0
0
0
0
0
0
0
