0
0
0
0
0
0
0
0
0
0
3
1
1
0
3
3
0
1
4
7
3
4
4
6
2
0
2
2
7
3
2
4
12
44
97
65
27
14
35
43
38
12
11
6
3
4
2
2
8
27
14
14
26
31
17
10
8
7
2
11
3
8
15
17
9
9
7
15
10
10
7
5
7
11
11
12
9
7
11
5
12
16
13
8
14
18
99
403
978
1189
598
154
22
7
7
14
55
122
171
139
44
11
52
161
232
186
71
27
24
25
35
37
52
72
67
66
40
20
13
6
8
11
13
9
8
18
10
14
13
18
22
25
18
16
13
13
10
8
5
4
7
2
7
3
9
6
22
39
82
76
37
17
6
3
8
6
5
2
5
6
6
8
4
4
5
5
4
7
4
4
4
5
6
4
3
6
9
26
46
56
22
11
12
6
3
8
8
5
2
2
0
3
3
3
4
2
3
1
4
0
3
3
1
0
5
1
3
0
11
4
6
3
2
0
0
4
2
6
2
2
3
2
0
4
2
1
3
2
1
2
2
2
0
0
0
0
1
2
0
1
3
1
2
1
0
0
3
2
1
1
1
2
2
1
0
0
1
4
0
0
2
5
2
2
4
0
1
0
1
1
2
4
4
1
2
3
1
1
2
3
0
0
1
0
0
2
1
2
1
0
0
1
0
0
2
0
2
3
0
0
0
1
0
0
0
0
0
2
0
0
0
2
0
0
1
0
0
1
2
0
2
2
1
0
0
0
2
0
0
0
1
0
0
0
0
1
2
1
0
1
0
1
1
0
0
0
0
0
0
1
0
0
0
0
0
0
0
0
0
0
0
1
0
1
0
0
0
0
1
0
0
0
0
0
0
0
0
0
0
0
0
1
0
0
0
0
0
0
0
0
0
0
0
0
0
0
0
0
0
0
0
0
0
1
0
0
0
0
0
0
0
0
0
0
0
0
0
0
0
0
0
0
0
0
0
0
0
0
0
0
0
0
0
0
0
0
0
0
0
0
0
0
0
0
0
0
0
0
0
0
0
0
0
0
0
0
0
0
0
0
0
0
0
0
0
0
0
0
0
0
0
0
0
0
0
0
0
0
0
0
0
0
0
0
0
0
0
0
0
0
0
0
0
0
0
0
0
0
0
0
0
0
0
0
0
0
0
0
0
0
0
0
0
0
0
0
0
0
0
0
0
0
0
0
0
0
0
0
0
0
0
0
0
0
0
0
0
0
0
0
0
0
0
0
0
0
0
0
0
0
0
0
0
0
0
0
0
0
0
0
0
0
0
0
0
0
0
0
0
0
0
0
0
0
0
0
0
0
0
0
0
0
0
0
0
0
0
0
0
0
0
0
0
0
0
0
0
0
0
0
0
0
0
0
0
0
0
0
0
0
0
0
0
0
0
0
0
0
0
0
0
0
0
0
0
0
0
0
0
0
0
0
0
0
0
0
0
0
0
0
0
0
0
0
0
0
0
0
0
0
0
0
0
0
0
0
1
0
0
0
0
0
0
0
0
0
0
0
0
0
0
0
0
0
0
0
0
0
0
0
0
0
0
0
0
0
0
0
0
0
0
0
0
0
0
0
0
0
0
0
0
0
0
0
0
0
0
0
0
0
0
0
0
0
0
0
0
0
0
0
0
0
0
0
0
0
0
0
0
0
0
0
0
0
0
0
0
0
0
0
0
0
0
0
0
0
0
0
0
0
0
0
0
0
0
0
0
0
0
0
0
0
0
0
0
0
0
0
0
0
0
0
0
0
0
0
0
0
0
0
0
0
0
0
0
0
0
0
0
0
0
0
0
0
0
0
0
0
0
0
0
0
0
0
0
0
0
0
0
0
0
0
0
0
0
0
0
0
0
0
0
0
0
0
0
0
0
0
0
0
0
0
0
0
0
0
0
0
0
0
0
0
0
0
0
0
0
0
0
0
0
0
0
0
0
0
0
0
0
0
0
0
0
0
0
0
0
0
0
0
0
0
0
0
0
0
0
0
0
0
0
0
0
0
0
0
0
0
0
0
0
0
0
0
0
0
0
0
0
0
0
0
0
0
0
0
0
0
0
0
0
0
0
0
0
0
0
0
0
0
0
0
0
0
0
0
0
0
0
0
0
0
0
0
0
0
0
0
0
0
0
0
0
0
0
0
0
0
0
0
0
0
0
0
0
0
0
0
0
0
0
0
0
0
0
0
0
0
0
0
0
0
0
0
0
0
0
0
0
0
0
0
0
0
0
0
0
0
0
0
0
0
0
0
0
0
0
0
0
0
0
0
0
0
0
0
0
0
0
0
0
0
0
0
0
0
0
0
0
0
0
0
0
0
