0
0
0
0
0
0
0
0
0
0
0
0
0
1
1
0
0
0
0
2
2
1
2
2
2
3
0
0
2
0
5
2
2
18
33
30
3
5
11
18
13
2
1
11
8
7
6
8
17
36
41
16
2
4
9
9
0
1
1
1
1
1
3
2
1
0
2
2
0
2
1
0
2
2
2
1
2
5
3
1
4
6
7
2
6
1
2
7
16
13
8
1
4
3
1
2
1
3
4
3
3
4
1
3
4
3
2
4
4
7
12
14
21
29
20
8
9
2
3
4
6
5
2
1
6
7
5
6
6
7
9
8
3
3
8
1
8
5
4
3
2
2
0
1
2
1
6
7
13
14
10
6
0
5
0
1
2
1
0
2
2
2
2
1
2
4
2
0
1
2
2
3
1
2
1
3
2
8
8
7
9
7
3
2
2
1
3
2
0
0
1
2
4
1
1
1
0
2
1
1
3
0
2
3
1
2
1
0
0
2
4
1
3
0
1
3
0
0
1
1
0
3
1
3
0
1
1
2
2
2
1
1
0
0
2
1
1
1
2
0
0
0
2
0
1
1
0
0
0
0
1
1
0
0
0
3
2
2
0
1
0
0
1
3
1
0
1
0
0
1
0
2
0
1
2
1
1
0
1
0
0
0
1
1
0
1
1
0
1
0
2
0
1
0
2
1
0
1
3
0
2
0
0
1
1
0
0
0
0
1
1
0
0
0
2
0
0
0
0
0
0
0
0
0
0
2
0
1
0
0
0
0
0
0
0
0
0
0
0
0
0
0
0
1
1
0
0
1
0
1
0
0
0
0
0
0
0
1
0
0
1
0
0
0
1
0
0
0
1
0
0
0
0
0
0
0
0
0
0
0
0
0
0
0
0
0
0
0
0
0
0
0
0
0
0
0
0
0
0
0
0
0
0
0
0
0
0
0
0
0
0
0
0
0
0
0
0
0
0
0
0
0
0
0
0
0
0
0
0
0
0
0
0
0
0
0
0
0
0
0
0
0
0
0
0
0
0
0
0
0
0
0
0
0
0
0
0
0
0
0
0
0
0
0
0
0
0
0
0
0
0
1
0
0
0
0
0
0
0
0
0
0
0
0
0
0
0
0
0
0
0
0
0
0
0
0
0
0
0
0
0
0
0
0
0
0
0
0
0
0
0
0
0
0
0
0
0
0
0
0
0
0
0
0
0
0
0
0
0
0
0
0
0
0
0
0
0
0
0
0
0
0
0
0
0
0
0
0
0
0
0
0
0
0
0
0
0
0
0
0
0
0
0
0
0
0
0
0
0
0
0
0
0
0
0
0
0
0
0
0
0
0
0
0
0
0
0
0
0
0
0
0
0
0
0
0
0
0
0
0
0
0
0
0
0
0
0
0
0
0
0
0
0
0
0
0
0
0
0
0
0
0
0
0
0
0
0
0
0
0
0
0
0
0
0
0
0
0
0
0
0
0
0
0
0
0
0
0
0
0
0
0
0
0
0
0
0
0
0
0
0
0
0
0
0
0
0
0
0
0
0
0
0
0
0
0
0
0
0
0
0
0
0
0
0
0
0
0
0
0
0
0
0
0
0
0
0
0
0
0
0
0
0
0
0
0
0
0
0
0
0
0
0
0
0
0
0
0
0
0
0
0
0
0
0
0
0
0
0
0
0
0
0
0
0
0
0
0
0
0
0
0
0
0
0
0
0
0
0
0
0
0
0
0
0
0
0
0
0
0
0
0
0
0
0
0
0
0
0
0
0
0
0
0
0
0
0
0
0
0
0
0
0
0
0
0
0
0
0
0
0
0
0
0
0
0
0
0
0
0
0
0
0
0
0
0
0
0
0
0
0
0
0
0
0
0
0
0
0
0
0
0
0
0
0
0
0
0
0
0
0
0
0
0
0
0
0
0
0
0
0
0
0
0
0
0
0
0
0
0
0
0
0
0
0
0
0
0
0
0
0
0
0
0
0
0
0
0
0
0
0
0
0
0
0
0
0
0
0
0
0
0
0
0
0
0
0
0
0
0
0
0
0
0
0
0
0
0
0
0
0
0
0
0
0
0
0
0
0
0
0
0
0
0
0
0
0
0
0
0
0
0
0
0
0
0
0
0
0
0
0
0
0
0
0
0
0
0
0
0
0
0
0
0
0
0
0
0
0
0
0
0
0
0
0
0
0
0
0
0
0
0
0
0
0
0
0
0
0
0
0
0
0
0
0
0
0
0
0
0
0
0
0
0
0
0
0
0
0
0
0
0
0
0
0
0
0
0
0
0
0
0
0
0
0
0
0
0
0
0
0
0
0
0
0
0
0
0
0
0
0
0
0
0
