0
0
0
0
0
0
0
0
0
0
1
1
0
0
1
2
0
1
3
5
7
3
3
3
3
0
2
1
1
0
4
5
6
22
53
67
29
11
14
38
45
13
10
4
6
3
3
4
6
17
18
11
4
7
6
9
0
2
5
1
2
6
5
3
7
2
5
2
2
3
4
0
1
5
7
4
4
6
2
5
15
22
18
12
8
4
8
5
20
26
32
16
6
4
2
4
10
7
7
8
5
22
33
118
264
239
109
39
19
27
29
44
65
91
70
64
38
23
13
11
16
7
17
6
6
11
12
8
10
8
19
21
11
7
4
8
2
2
4
1
7
2
5
7
2
5
5
11
24
20
13
14
4
2
4
6
4
2
4
2
1
2
3
3
1
6
5
4
4
1
5
3
3
3
6
4
8
12
19
15
9
4
0
2
4
3
0
3
2
1
3
0
2
3
2
3
1
3
2
5
2
5
4
3
1
1
2
1
3
1
2
3
2
2
4
4
1
2
0
1
1
3
1
1
1
3
2
1
1
1
3
2
2
1
0
2
4
3
2
0
2
1
0
3
1
2
2
0
3
3
0
1
3
0
4
1
2
2
2
1
0
1
1
1
0
3
1
0
2
0
0
1
0
2
0
1
3
0
2
0
0
0
1
0
0
1
0
0
0
2
1
0
0
0
2
0
1
1
3
0
1
1
0
0
0
2
0
1
0
0
1
0
0
0
1
0
0
0
0
0
0
0
0
0
1
0
0
0
0
0
0
0
0
0
0
0
0
0
0
0
0
1
0
0
1
0
0
0
0
0
0
0
0
1
0
0
0
0
0
0
0
0
0
0
0
0
0
0
0
0
0
0
0
0
0
0
0
0
0
0
0
0
0
0
0
0
0
0
0
0
0
0
0
0
0
0
0
0
0
0
0
0
0
0
0
0
0
0
0
0
0
0
0
0
0
0
0
0
0
0
0
0
0
0
0
0
0
0
0
0
0
0
0
0
0
0
0
0
0
0
0
0
0
0
0
0
0
0
0
0
0
0
0
0
0
0
0
0
0
0
0
0
0
0
0
0
0
0
0
0
0
0
0
0
0
0
0
0
0
0
0
0
0
0
0
0
0
0
0
0
0
0
0
0
0
0
0
0
0
0
0
0
0
0
0
0
0
0
0
0
0
0
0
0
0
0
0
0
0
0
0
0
0
0
0
0
0
0
0
0
0
0
0
0
0
0
0
0
0
0
0
0
0
0
0
0
0
0
0
0
0
0
0
0
0
0
0
0
0
0
0
0
0
0
0
0
0
0
0
0
0
0
0
0
0
0
0
0
0
0
0
0
0
0
0
0
0
0
0
0
0
0
0
0
0
0
0
0
0
0
0
0
0
0
0
0
0
0
0
0
0
0
0
0
0
0
0
0
0
0
0
0
0
0
0
0
0
0
0
0
0
0
0
0
0
0
0
0
0
0
0
0
0
0
0
0
0
0
0
0
0
0
0
0
0
0
0
0
0
0
0
0
0
0
0
0
0
0
0
0
0
0
0
0
0
0
0
0
0
0
0
0
0
0
0
0
0
0
0
0
0
0
0
0
0
0
0
0
0
0
0
0
0
0
0
0
0
0
0
0
0
0
0
0
0
0
0
0
0
0
0
0
0
0
0
0
0
0
0
0
0
0
0
0
0
0
0
0
0
0
0
0
0
0
0
0
0
0
0
0
0
0
0
0
0
0
0
0
0
0
0
0
0
0
0
0
0
0
0
0
0
0
0
0
0
0
0
0
0
0
0
0
0
0
0
0
1
0
0
0
0
0
0
0
0
0
0
0
0
0
0
0
0
0
0
0
0
0
0
0
0
0
0
0
0
0
0
0
0
0
0
0
0
0
0
0
0
0
0
0
0
0
0
0
0
0
0
0
0
0
0
0
0
0
0
0
0
0
0
0
0
0
0
0
0
0
0
0
0
0
0
0
0
0
0
0
0
0
0
0
0
0
0
0
0
0
0
0
0
0
0
0
0
0
0
0
0
0
0
0
0
0
0
0
0
0
0
0
0
0
0
0
0
0
0
0
0
0
0
0
0
0
0
0
0
0
0
0
0
0
0
0
0
0
0
0
0
0
0
0
0
0
0
0
0
0
0
0
0
0
0
0
0
0
0
0
0
0
0
0
0
0
0
0
0
0
0
0
0
0
0
0
0
0
0
0
0
0
0
0
0
0
0
0
0
0
0
0
0
0
0
0
0
0
0
0
0
0
0
0
0
0
0
0
0
0
0
0
0
0
0
0
0
0
0
0
0
0
0
0
0
0
0
0
0
0
0
0
0
0
0
0
0
0
