0
0
0
0
0
0
0
0
0
0
2
0
0
0
0
1
1
3
2
5
7
2
1
0
3
1
1
0
3
4
2
3
5
22
34
36
16
5
8
18
16
3
1
6
2
4
1
7
13
57
59
23
4
9
14
6
4
2
2
1
3
2
1
3
1
3
1
3
2
1
0
1
5
2
1
2
5
2
3
1
4
16
11
4
3
2
1
6
21
22
17
6
4
1
1
3
3
4
8
6
4
4
4
1
3
1
4
5
5
10
16
22
31
40
40
19
4
6
6
0
3
8
4
4
6
4
7
10
4
10
14
11
8
10
6
1
11
4
3
2
2
3
0
2
4
1
6
6
10
16
11
4
5
5
2
3
2
3
3
3
1
1
1
1
2
2
3
3
1
6
2
1
9
6
4
2
3
7
12
8
14
6
2
2
3
3
1
4
2
0
1
1
3
3
1
2
2
0
2
2
1
0
2
2
3
3
1
1
1
1
4
5
1
2
3
2
0
1
2
0
5
3
1
1
0
1
0
3
1
1
2
1
0
3
4
4
5
6
0
2
2
2
3
2
0
1
1
2
2
0
0
0
1
1
3
0
1
1
0
3
0
1
1
2
2
2
2
0
2
3
0
0
1
1
4
1
0
0
1
2
3
0
1
1
0
0
1
1
0
0
0
0
3
0
0
0
0
0
1
0
0
0
0
0
0
0
0
1
1
0
2
0
0
1
0
0
0
0
0
0
1
0
0
0
0
0
1
0
0
1
0
0
0
0
1
1
0
0
1
0
0
0
0
0
1
0
0
0
0
0
0
0
0
0
0
0
0
0
0
0
0
1
0
0
0
0
0
0
0
0
0
0
0
0
0
0
0
0
0
0
0
0
0
0
0
0
0
0
0
0
0
0
0
0
0
0
0
0
0
0
0
0
0
0
0
0
0
0
0
0
0
0
0
0
0
0
1
0
0
0
0
0
0
0
0
0
0
0
0
0
0
0
0
0
0
0
0
0
0
0
0
0
0
0
0
0
0
0
0
0
0
0
0
0
0
0
0
0
0
0
0
0
0
0
0
0
0
0
0
0
0
0
0
0
0
0
0
0
0
0
0
0
0
0
0
0
0
0
0
0
0
0
0
0
0
0
0
0
0
0
0
0
0
0
0
0
0
0
0
0
0
0
0
0
0
0
0
0
0
0
0
0
0
0
0
0
0
0
0
0
0
0
0
0
0
0
0
0
0
0
0
0
0
0
0
0
0
0
0
0
0
0
0
0
0
0
0
0
0
0
0
0
0
0
0
0
0
0
0
0
0
0
0
0
0
0
0
0
0
0
0
0
0
0
0
0
0
0
0
0
0
0
0
0
0
0
0
0
0
0
0
0
0
0
0
0
0
0
0
0
0
0
0
0
0
0
0
0
0
0
0
0
0
0
0
0
0
0
0
0
0
0
0
0
0
0
0
0
0
0
0
0
0
0
0
0
0
0
0
0
0
0
0
0
0
0
0
0
0
0
0
0
0
0
0
0
0
0
0
0
0
0
0
0
0
0
0
0
0
0
0
0
0
0
0
0
0
0
0
0
0
0
0
0
0
0
0
0
0
0
0
0
0
0
0
0
0
0
0
0
0
0
0
0
0
0
0
0
0
0
0
0
0
0
0
0
0
0
0
0
0
0
0
0
0
0
0
0
0
0
0
0
0
0
0
0
0
0
0
0
0
0
0
0
0
0
0
0
0
0
0
0
0
0
0
0
0
0
0
0
0
0
0
0
0
0
0
0
0
0
0
0
0
0
0
0
0
0
0
0
0
0
0
0
0
0
0
0
0
0
0
0
0
0
0
0
0
0
0
0
0
0
0
0
0
0
0
0
0
0
0
0
0
0
0
0
0
0
0
0
0
0
0
0
0
0
0
0
0
0
0
0
0
0
0
0
0
0
0
0
0
0
0
0
0
0
0
0
0
0
0
0
0
0
0
0
0
0
0
0
0
0
0
0
0
0
0
0
0
0
0
0
0
0
0
0
0
0
0
0
0
0
0
0
0
0
0
0
0
0
0
0
0
0
0
0
0
0
0
0
0
0
0
0
0
0
0
0
0
0
0
0
0
0
0
0
0
0
0
0
0
0
0
0
0
0
0
0
0
0
0
0
0
0
0
0
0
0
0
0
0
0
0
0
0
0
0
0
0
0
0
0
0
0
0
0
0
0
0
0
0
0
0
0
0
0
0
0
0
0
0
0
0
0
0
0
0
0
0
0
0
0
0
0
0
0
0
0
0
0
0
0
0
0
0
0
0
0
0
0
0
0
0
0
0
0
0
0
0
0
0
0
0
0
