-4000	191
-3995	203
-3990	206
-3985	206
-3980	205
-3975	203
-3970	202
-3965	202
-3960	203
-3955	203
-3950	201
-3945	197
-3940	191
-3935	185
-3930	179
-3925	173
-3920	170
-3915	169
-3910	169
-3905	169
-3900	169
-3895	169
-3890	169
-3885	167
-3880	167
-3875	167
-3870	169
-3865	171
-3860	173
-3855	173
-3850	172
-3845	170
-3840	169
-3835	167
-3830	167
-3825	170
-3820	173
-3815	179
-3810	182
-3805	185
-3800	186
-3795	187
-3790	187
-3785	188
-3780	189
-3775	191
-3770	194
-3765	194
-3760	191
-3755	189
-3750	185
-3745	181
-3740	177
-3735	175
-3730	173
-3725	173
-3720	173
-3715	173
-3710	171
-3705	170
-3700	169
-3695	167
-3690	167
-3685	169
-3680	171
-3675	171
-3670	171
-3665	169
-3660	167
-3655	165
-3650	165
-3645	166
-3640	170
-3635	175
-3630	183
-3625	190
-3620	195
-3615	199
-3610	202
-3605	203
-3600	203
-3595	203
-3590	203
-3585	202
-3580	199
-3575	195
-3570	189
-3565	181
-3560	175
-3555	171
-3550	169
-3545	169
-3540	171
-3535	173
-3530	175
-3525	175
-3520	175
-3515	173
-3510	171
-3505	169
-3500	169
-3495	169
-3490	169
-3485	170
-3480	171
-3475	171
-3470	173
-3465	177
-3460	181
-3455	187
-3450	194
-3445	201
-3440	206
-3435	210
-3430	211
-3425	211
-3420	209
-3415	206
-3410	203
-3405	199
-3400	198
-3395	195
-3390	191
-3385	187
-3380	182
-3375	177
-3370	175
-3365	173
-3360	173
-3355	175
-3350	179
-3345	180
-3340	181
-3335	181
-3330	179
-3325	177
-3320	175
-3315	175
-3310	174
-3305	175
-3300	175
-3295	175
-3290	175
-3285	177
-3280	178
-3275	181
-3270	185
-3265	191
-3260	198
-3255	204
-3250	209
-3245	211
-3240	211
-3235	211
-3230	207
-3225	205
-3220	202
-3215	199
-3210	195
-3205	191
-3200	186
-3195	181
-3190	175
-3185	171
-3180	169
-3175	167
-3170	170
-3165	174
-3160	177
-3155	179
-3150	180
-3145	179
-3140	175
-3135	173
-3130	171
-3125	171
-3120	171
-3115	175
-3110	179
-3105	183
-3100	189
-3095	195
-3090	202
-3085	210
-3080	218
-3075	225
-3070	233
-3065	237
-3060	239
-3055	239
-3050	235
-3045	229
-3040	222
-3035	214
-3030	207
-3025	199
-3020	191
-3015	185
-3010	179
-3005	173
-3000	167
-2995	165
-2990	165
-2985	166
-2980	169
-2975	173
-2970	175
-2965	175
-2960	174
-2955	171
-2950	170
-2945	169
-2940	169
-2935	171
-2930	175
-2925	181
-2920	185
-2915	189
-2910	191
-2905	195
-2900	197
-2895	199
-2890	202
-2885	203
-2880	205
-2875	203
-2870	200
-2865	195
-2860	189
-2855	183
-2850	177
-2845	173
-2840	171
-2835	171
-2830	171
-2825	171
-2820	171
-2815	171
-2810	171
-2805	171
-2800	173
-2795	173
-2790	175
-2785	175
-2780	175
-2775	172
-2770	170
-2765	169
-2760	169
-2755	173
-2750	181
-2745	191
-2740	202
-2735	214
-2730	223
-2725	231
-2720	239
-2715	243
-2710	245
-2705	247
-2700	247
-2695	245
-2690	241
-2685	233
-2680	223
-2675	211
-2670	199
-2665	189
-2660	181
-2655	175
-2650	175
-2645	175
-2640	178
-2635	179
-2630	179
-2625	179
-2620	179
-2615	178
-2610	177
-2605	177
-2600	175
-2595	175
-2590	174
-2585	174
-2580	175
-2575	180
-2570	187
-2565	195
-2560	205
-2555	215
-2550	223
-2545	229
-2540	231
-2535	231
-2530	230
-2525	227
-2520	222
-2515	218
-2510	214
-2505	209
-2500	203
-2495	195
-2490	188
-2485	181
-2480	175
-2475	171
-2470	169
-2465	169
-2460	169
-2455	171
-2450	171
-2445	169
-2440	169
-2435	167
-2430	167
-2425	167
-2420	169
-2415	171
-2410	175
-2405	177
-2400	179
-2395	183
-2390	187
-2385	191
-2380	199
-2375	207
-2370	218
-2365	227
-2360	234
-2355	239
-2350	241
-2345	239
-2340	237
-2335	233
-2330	227
-2325	221
-2320	214
-2315	205
-2310	195
-2305	185
-2300	177
-2295	171
-2290	171
-2285	173
-2280	179
-2275	185
-2270	191
-2265	195
-2260	195
-2255	193
-2250	189
-2245	183
-2240	179
-2235	175
-2230	175
-2225	175
-2220	179
-2215	186
-2210	193
-2205	203
-2200	213
-2195	222
-2190	231
-2185	239
-2180	243
-2175	245
-2170	244
-2165	239
-2160	231
-2155	221
-2150	210
-2145	199
-2140	191
-2135	185
-2130	179
-2125	175
-2120	171
-2115	170
-2110	169
-2105	169
-2100	170
-2095	173
-2090	175
-2085	177
-2080	177
-2075	175
-2070	173
-2065	171
-2060	169
-2055	167
-2050	169
-2045	171
-2040	175
-2035	179
-2030	185
-2025	190
-2020	196
-2015	203
-2010	211
-2005	221
-2000	229
-1995	237
-1990	243
-1985	245
-1980	243
-1975	239
-1970	231
-1965	222
-1960	212
-1955	203
-1950	194
-1945	186
-1940	181
-1935	177
-1930	179
-1925	183
-1920	189
-1915	196
-1910	203
-1905	207
-1900	210
-1895	207
-1890	201
-1885	191
-1880	183
-1875	179
-1870	181
-1865	191
-1860	211
-1855	235
-1850	259
-1845	279
-1840	299
-1835	315
-1830	327
-1825	335
-1820	342
-1815	344
-1810	343
-1805	338
-1800	329
-1795	315
-1790	297
-1785	277
-1780	255
-1775	234
-1770	217
-1765	205
-1760	197
-1755	195
-1750	195
-1745	197
-1740	199
-1735	199
-1730	199
-1725	199
-1720	198
-1715	195
-1710	191
-1705	185
-1700	181
-1695	179
-1690	179
-1685	180
-1680	185
-1675	189
-1670	194
-1665	196
-1660	197
-1655	195
-1650	191
-1645	190
-1640	187
-1635	187
-1630	189
-1625	190
-1620	191
-1615	191
-1610	190
-1605	187
-1600	183
-1595	181
-1590	179
-1585	179
-1580	183
-1575	188
-1570	195
-1565	200
-1560	207
-1555	212
-1550	215
-1545	218
-1540	219
-1535	219
-1530	217
-1525	214
-1520	211
-1515	213
-1510	221
-1505	238
-1500	262
-1495	289
-1490	317
-1485	343
-1480	367
-1475	385
-1470	399
-1465	409
-1460	414
-1455	415
-1450	411
-1445	404
-1440	393
-1435	379
-1430	359
-1425	335
-1420	305
-1415	273
-1410	243
-1405	217
-1400	205
-1395	207
-1390	223
-1385	242
-1380	255
-1375	265
-1370	267
-1365	264
-1360	254
-1355	239
-1350	223
-1345	211
-1340	204
-1335	203
-1330	214
-1325	235
-1320	264
-1315	291
-1310	315
-1305	335
-1300	351
-1295	362
-1290	367
-1285	369
-1280	365
-1275	357
-1270	344
-1265	329
-1260	311
-1255	291
-1250	273
-1245	255
-1240	238
-1235	223
-1230	215
-1225	211
-1220	211
-1215	215
-1210	220
-1205	227
-1200	231
-1195	235
-1190	235
-1185	231
-1180	223
-1175	211
-1170	199
-1165	190
-1160	194
-1155	206
-1150	223
-1145	248
-1140	275
-1135	301
-1130	328
-1125	351
-1120	374
-1115	393
-1110	407
-1105	419
-1100	425
-1095	427
-1090	423
-1085	415
-1080	401
-1075	381
-1070	357
-1065	332
-1060	303
-1055	273
-1050	249
-1045	238
-1040	243
-1035	258
-1030	278
-1025	297
-1020	311
-1015	319
-1010	319
-1005	313
-1000	299
-995	278
-990	258
-985	247
-980	261
-975	294
-970	342
-965	386
-960	427
-955	458
-950	486
-945	506
-940	521
-935	531
-930	536
-925	537
-920	533
-915	525
-910	509
-905	490
-900	463
-895	431
-890	395
-885	354
-880	313
-875	280
-870	262
-865	262
-860	273
-855	287
-850	301
-845	307
-840	309
-835	305
-830	295
-825	281
-820	263
-815	245
-810	235
-805	239
-800	262
-795	293
-790	327
-785	361
-780	390
-775	414
-770	433
-765	447
-760	459
-755	464
-750	467
-745	466
-740	461
-735	454
-730	443
-725	428
-720	407
-715	383
-710	358
-705	330
-700	306
-695	291
-690	289
-685	297
-680	314
-675	331
-670	344
-665	353
-660	355
-655	351
-650	341
-645	325
-640	303
-635	281
-630	268
-625	281
-620	323
-615	377
-610	429
-605	477
-600	518
-595	550
-590	579
-585	599
-580	615
-575	625
-570	631
-565	631
-560	627
-555	617
-550	601
-545	581
-540	555
-535	521
-530	479
-525	435
-520	387
-515	357
-510	357
-505	381
-500	413
-495	439
-490	459
-485	469
-480	469
-475	459
-470	439
-465	409
-460	375
-455	346
-450	341
-445	372
-440	427
-435	483
-430	532
-425	573
-420	605
-415	631
-410	651
-405	666
-400	675
-395	681
-390	681
-385	675
-380	665
-375	650
-370	629
-365	603
-360	569
-355	528
-350	478
-345	425
-340	379
-335	359
-330	375
-325	411
-320	447
-315	477
-310	497
-305	505
-300	505
-295	494
-290	473
-285	445
-280	414
-275	398
-270	415
-265	463
-260	520
-255	573
-250	617
-245	654
-240	686
-235	710
-230	730
-225	745
-220	754
-215	759
-210	759
-205	754
-200	743
-195	727
-190	705
-185	676
-180	639
-175	591
-170	535
-165	474
-160	420
-155	409
-150	442
-145	483
-140	519
-135	541
-130	553
-125	554
-120	543
-115	521
-110	487
-105	451
-100	431
-95	461
-90	525
-85	589
-80	647
-75	691
-70	731
-65	759
-60	783
-55	799
-50	811
-45	818
-40	820
-35	818
-30	811
-25	799
-20	781
-15	759
-10	729
-5	693
0	649
5	598
10	536
15	477
20	441
25	446
30	478
35	510
40	534
45	547
50	548
55	539
60	519
65	487
70	445
75	407
80	403
85	447
90	511
95	574
100	626
105	667
110	699
115	724
120	743
125	757
130	765
135	767
140	765
145	759
150	747
155	732
160	710
165	684
170	650
175	611
180	563
185	508
190	450
195	403
200	386
205	402
210	430
215	455
220	469
225	474
230	469
235	452
240	425
245	389
250	353
255	339
260	366
265	421
270	479
275	529
280	573
285	607
290	634
295	655
300	671
305	681
310	685
315	685
320	679
325	669
330	655
335	633
340	606
345	575
350	537
355	493
360	438
365	389
370	350
375	343
380	363
385	395
390	421
395	437
400	445
405	444
410	431
415	411
420	380
425	343
430	316
435	319
440	359
445	413
450	469
455	511
460	551
465	581
470	604
475	621
480	633
485	639
490	643
495	641
500	633
505	620
510	602
515	579
520	549
525	516
530	474
535	429
540	379
545	333
550	299
555	287
560	297
565	315
570	332
575	343
580	347
585	341
590	327
595	303
600	275
605	249
610	233
615	241
620	271
625	313
630	351
635	385
640	414
645	435
650	451
655	463
660	471
665	474
670	474
675	471
680	462
685	450
690	434
695	414
700	387
705	358
710	326
715	294
720	263
725	239
730	231
735	237
740	253
745	270
750	285
755	297
760	303
765	302
770	294
775	279
780	260
785	243
790	241
795	260
800	299
805	345
810	391
815	431
820	465
825	493
830	515
835	532
840	543
845	551
850	554
855	551
860	546
865	535
870	518
875	495
880	465
885	429
890	383
895	337
900	290
905	255
910	247
915	264
920	291
925	314
930	331
935	339
940	339
945	332
950	318
955	295
960	268
965	241
970	227
975	239
980	271
985	315
990	355
995	390
1000	419
1005	439
1010	453
1015	462
1020	463
1025	461
1030	453
1035	439
1040	422
1045	401
1050	373
1055	342
1060	305
1065	266
1070	229
1075	199
1080	185
1085	186
1090	196
1095	209
1100	218
1105	223
1110	225
1115	223
1120	218
1125	211
1130	203
1135	195
1140	190
1145	187
1150	189
1155	199
1160	215
1165	238
1170	263
1175	291
1180	316
1185	339
1190	357
1195	371
1200	381
1205	387
1210	389
1215	387
1220	381
1225	371
1230	357
1235	338
1240	313
1245	285
1250	253
1255	223
1260	206
1265	203
1270	217
1275	237
1280	255
1285	271
1290	281
1295	283
1300	279
1305	268
1310	253
1315	237
1320	223
1325	220
1330	231
1335	255
1340	291
1345	324
1350	355
1355	381
1360	404
1365	421
1370	435
1375	442
1380	445
1385	442
1390	434
1395	421
1400	403
1405	381
1410	354
1415	325
1420	291
1425	254
1430	221
1435	196
1440	186
1445	189
1450	201
1455	213
1460	223
1465	227
1470	227
1475	221
1480	211
1485	199
1490	187
1495	179
1500	175
1505	177
1510	182
1515	187
1520	193
1525	197
1530	199
1535	198
1540	197
1545	191
1550	189
1555	185
1560	179
1565	173
1570	167
1575	165
1580	163
1585	163
1590	166
1595	170
1600	173
1605	174
1610	175
1615	175
1620	174
1625	175
1630	177
1635	181
1640	187
1645	191
1650	191
1655	191
1660	189
1665	183
1670	177
1675	173
1680	175
1685	183
1690	201
1695	223
1700	247
1705	273
1710	295
1715	317
1720	334
1725	348
1730	359
1735	366
1740	369
1745	367
1750	363
1755	353
1760	338
1765	319
1770	298
1775	275
1780	251
1785	229
1790	209
1795	195
1800	189
1805	191
1810	197
1815	204
1820	211
1825	215
1830	217
1835	213
1840	205
1845	194
1850	183
1855	174
1860	170
1865	173
1870	185
1875	199
1880	215
1885	230
1890	242
1895	249
1900	254
1905	255
1910	255
1915	253
1920	249
1925	243
1930	233
1935	222
1940	211
1945	199
1950	187
1955	175
1960	167
1965	161
1970	157
1975	153
1980	149
1985	145
1990	141
1995	139
2000	138
2005	139
2010	141
2015	147
2020	155
2025	157
2030	159
2035	159
2040	158
2045	159
2050	165
2055	175
2060	187
2065	199
2070	211
2075	222
2080	231
2085	239
2090	245
2095	250
2100	253
2105	253
2110	251
2115	245
2120	233
2125	221
2130	205
2135	191
2140	179
2145	169
2150	165
2155	163
2160	165
2165	169
2170	173
2175	177
2180	175
2185	177
2190	175
2195	174
2200	171
2205	167
2210	165
2215	163
2220	166
2225	173
2230	186
2235	201
2240	218
2245	233
2250	246
2255	255
2260	261
2265	263
2270	262
2275	255
2280	251
2285	243
2290	235
2295	223
2300	211
2305	195
2310	181
2315	167
2320	158
2325	151
2330	150
2335	151
2340	153
2345	155
2350	155
2355	155
2360	154
2365	151
2370	151
2375	150
2380	151
2385	151
2390	151
2395	151
2400	151
2405	151
2410	154
2415	158
2420	164
2425	171
2430	179
2435	185
2440	189
2445	191
2450	191
2455	191
2460	189
2465	187
2470	185
2475	182
2480	177
2485	171
2490	165
2495	158
2500	153
2505	151
2510	151
2515	155
2520	159
2525	165
2530	167
2535	167
2540	165
2545	159
2550	156
2555	153
2560	153
2565	155
2570	158
2575	165
2580	173
2585	183
2590	195
2595	207
2600	221
2605	233
2610	244
2615	251
2620	255
2625	255
2630	252
2635	245
2640	235
2645	223
2650	212
2655	201
2660	189
2665	177
2670	167
2675	159
2680	153
2685	151
2690	151
2695	155
2700	159
2705	163
2710	163
2715	161
2720	158
2725	153
2730	147
2735	143
2740	143
2745	147
2750	151
2755	157
2760	164
2765	170
2770	175
2775	181
2780	185
2785	189
2790	193
2795	196
2800	197
2805	195
2810	191
2815	185
2820	179
2825	173
2830	167
2835	163
2840	159
2845	158
2850	155
2855	153
2860	150
2865	148
2870	147
2875	147
2880	150
2885	153
2890	155
2895	156
2900	155
2905	153
2910	151
2915	147
2920	146
2925	147
2930	151
2935	155
2940	161
2945	167
2950	174
2955	181
2960	187
2965	195
2970	203
2975	210
2980	217
2985	220
2990	221
2995	219
3000	214
3005	207
3010	199
3015	191
3020	183
3025	175
3030	167
3035	161
3040	155
3045	150
3050	147
3055	147
3060	149
3065	151
3070	155
3075	157
3080	157
3085	154
3090	151
3095	147
3100	145
3105	147
3110	150
3115	157
3120	165
3125	171
3130	177
3135	183
3140	187
3145	190
3150	193
3155	195
3160	197
3165	196
3170	193
3175	187
3180	179
3185	171
3190	163
3195	157
3200	153
3205	151
3210	149
3215	148
3220	147
3225	147
3230	147
3235	147
3240	147
3245	149
3250	151
3255	153
3260	152
3265	151
3270	147
3275	145
3280	142
3285	143
3290	145
3295	149
3300	155
3305	161
3310	167
3315	171
3320	175
3325	179
3330	183
3335	187
3340	191
3345	194
3350	194
3355	191
3360	187
3365	181
3370	175
3375	167
3380	163
3385	159
3390	156
3395	154
3400	151
3405	150
3410	149
3415	147
3420	147
3425	148
3430	150
3435	151
3440	149
3445	147
3450	143
3455	141
3460	141
3465	141
3470	145
3475	153
3480	163
3485	173
3490	183
3495	191
3500	198
3505	203
3510	207
3515	211
3520	213
3525	213
3530	211
3535	207
3540	199
3545	190
3550	180
3555	169
3560	161
3565	155
3570	151
3575	149
3580	147
3585	146
3590	146
3595	146
3600	147
3605	148
3610	151
3615	153
3620	154
3625	153
3630	151
3635	147
3640	143
3645	142
3650	142
3655	143
3660	149
3665	155
3670	159
3675	164
3680	167
3685	169
3690	171
3695	171
3700	173
3705	173
3710	173
3715	171
3720	167
3725	161
3730	155
3735	150
3740	146
3745	143
3750	143
3755	145
3760	146
3765	146
3770	145
3775	143
3780	143
3785	142
3790	142
3795	143
3800	143
3805	143
3810	143
3815	143
3820	143
3825	143
3830	145
3835	151
3840	158
3845	165
3850	173
3855	179
3860	183
3865	187
3870	189
3875	189
3880	190
3885	190
3890	189
3895	187
3900	182
3905	175
3910	167
3915	158
3920	151
3925	145
3930	143
3935	143
3940	143
3945	145
3950	146
3955	146
3960	146
3965	145
3970	146
3975	147
3980	147
3985	147
3990	146
3995	143
