-2200	144
-2199	153
-2198	159
-2197	152
-2196	158
-2195	165
-2194	161
-2193	157
-2192	164
-2191	165
-2190	158
-2189	158
-2188	165
-2187	165
-2186	160
-2185	165
-2184	173
-2183	170
-2182	166
-2181	174
-2180	181
-2179	178
-2178	181
-2177	194
-2176	198
-2175	196
-2174	202
-2173	215
-2172	215
-2171	215
-2170	226
-2169	236
-2168	234
-2167	238
-2166	250
-2165	257
-2164	258
-2163	261
-2162	269
-2161	279
-2160	285
-2159	286
-2158	288
-2157	294
-2156	303
-2155	310
-2154	313
-2153	314
-2152	318
-2151	326
-2150	333
-2149	336
-2148	337
-2147	340
-2146	346
-2145	353
-2144	357
-2143	358
-2142	359
-2141	364
-2140	369
-2139	374
-2138	374
-2137	375
-2136	377
-2135	384
-2134	386
-2133	388
-2132	388
-2131	391
-2130	395
-2129	398
-2128	400
-2127	399
-2126	400
-2125	404
-2124	407
-2123	408
-2122	408
-2121	409
-2120	411
-2119	413
-2118	414
-2117	414
-2116	414
-2115	415
-2114	417
-2113	417
-2112	417
-2111	417
-2110	418
-2109	418
-2108	420
-2107	419
-2106	418
-2105	418
-2104	419
-2103	419
-2102	417
-2101	416
-2100	415
-2099	417
-2098	417
-2097	415
-2096	413
-2095	412
-2094	411
-2093	412
-2092	411
-2091	408
-2090	406
-2089	405
-2088	406
-2087	404
-2086	400
-2085	397
-2084	396
-2083	397
-2082	395
-2081	391
-2080	388
-2079	386
-2078	387
-2077	385
-2076	381
-2075	376
-2074	376
-2073	375
-2072	374
-2071	369
-2070	365
-2069	363
-2068	362
-2067	360
-2066	355
-2065	350
-2064	347
-2063	347
-2062	345
-2061	340
-2060	333
-2059	329
-2058	329
-2057	327
-2056	321
-2055	313
-2054	309
-2053	309
-2052	307
-2051	300
-2050	292
-2049	286
-2048	286
-2047	284
-2046	277
-2045	268
-2044	262
-2043	261
-2042	259
-2041	252
-2040	241
-2039	238
-2038	238
-2037	229
-2036	220
-2035	220
-2034	217
-2033	204
-2032	199
-2031	200
-2030	192
-2029	180
-2028	180
-2027	179
-2026	169
-2025	159
-2024	162
-2023	158
-2022	145
-2021	141
-2020	144
-2019	135
-2018	125
-2017	126
-2016	128
-2015	117
-2014	111
-2013	115
-2012	114
-2011	104
-2010	104
-2009	109
-2008	103
-2007	97
-2006	105
-2005	103
-2004	95
-2003	103
-2002	104
-2001	97
-2000	103
-1999	107
-1998	101
-1997	101
-1996	109
-1995	109
-1994	103
-1993	108
-1992	116
-1991	113
-1990	108
-1989	116
-1988	121
-1987	116
-1986	115
-1985	124
-1984	125
-1983	119
-1982	123
-1981	131
-1980	127
-1979	123
-1978	130
-1977	134
-1976	128
-1975	128
-1974	137
-1973	136
-1972	130
-1971	133
-1970	140
-1969	137
-1968	132
-1967	139
-1966	142
-1965	135
-1964	135
-1963	143
-1962	142
-1961	134
-1960	140
-1959	146
-1958	141
-1957	137
-1956	145
-1955	147
-1954	140
-1953	141
-1952	149
-1951	146
-1950	140
-1949	146
-1948	152
-1947	147
-1946	144
-1945	153
-1944	155
-1943	148
-1942	150
-1941	160
-1940	157
-1939	152
-1938	159
-1937	164
-1936	160
-1935	159
-1934	168
-1933	170
-1932	164
-1931	169
-1930	177
-1929	174
-1928	170
-1927	179
-1926	184
-1925	179
-1924	180
-1923	189
-1922	190
-1921	185
-1920	190
-1919	198
-1918	195
-1917	192
-1916	201
-1915	206
-1914	200
-1913	201
-1912	209
-1911	211
-1910	205
-1909	210
-1908	218
-1907	215
-1906	210
-1905	217
-1904	223
-1903	218
-1902	217
-1901	225
-1900	225
-1899	219
-1898	222
-1897	229
-1896	226
-1895	221
-1894	227
-1893	232
-1892	225
-1891	222
-1890	229
-1889	230
-1888	223
-1887	224
-1886	230
-1885	226
-1884	218
-1883	224
-1882	227
-1881	220
-1880	216
-1879	222
-1878	222
-1877	212
-1876	212
-1875	218
-1874	213
-1873	206
-1872	210
-1871	213
-1870	205
-1869	199
-1868	206
-1867	205
-1866	196
-1865	195
-1864	200
-1863	195
-1862	186
-1861	189
-1860	192
-1859	183
-1858	177
-1857	181
-1856	179
-1855	167
-1854	166
-1853	171
-1852	164
-1851	154
-1850	156
-1849	157
-1848	147
-1847	141
-1846	146
-1845	143
-1844	133
-1843	132
-1842	135
-1841	130
-1840	123
-1839	127
-1838	131
-1837	123
-1836	121
-1835	130
-1834	129
-1833	123
-1832	126
-1831	138
-1830	136
-1829	138
-1828	148
-1827	159
-1826	159
-1825	161
-1824	175
-1823	184
-1822	182
-1821	190
-1820	204
-1819	210
-1818	211
-1817	221
-1816	234
-1815	238
-1814	238
-1813	251
-1812	262
-1811	267
-1810	269
-1809	276
-1808	286
-1807	296
-1806	300
-1805	302
-1804	307
-1803	316
-1802	326
-1801	332
-1800	334
-1799	338
-1798	343
-1797	353
-1796	357
-1795	361
-1794	363
-1793	369
-1792	375
-1791	381
-1790	383
-1789	386
-1788	390
-1787	395
-1786	401
-1785	403
-1784	405
-1783	408
-1782	412
-1781	418
-1780	420
-1779	422
-1778	425
-1777	429
-1776	433
-1775	435
-1774	437
-1773	439
-1772	442
-1771	445
-1770	448
-1769	449
-1768	451
-1767	454
-1766	457
-1765	460
-1764	461
-1763	463
-1762	464
-1761	468
-1760	469
-1759	472
-1758	472
-1757	473
-1756	475
-1755	478
-1754	479
-1753	479
-1752	480
-1751	482
-1750	484
-1749	485
-1748	485
-1747	485
-1746	487
-1745	488
-1744	489
-1743	488
-1742	488
-1741	488
-1740	490
-1739	490
-1738	490
-1737	489
-1736	489
-1735	489
-1734	489
-1733	489
-1732	487
-1731	487
-1730	487
-1729	487
-1728	485
-1727	483
-1726	483
-1725	482
-1724	481
-1723	480
-1722	477
-1721	476
-1720	474
-1719	474
-1718	472
-1717	469
-1716	466
-1715	466
-1714	464
-1713	462
-1712	459
-1711	455
-1710	453
-1709	451
-1708	449
-1707	444
-1706	441
-1705	438
-1704	437
-1703	433
-1702	429
-1701	423
-1700	421
-1699	417
-1698	414
-1697	409
-1696	402
-1695	398
-1694	396
-1693	392
-1692	386
-1691	378
-1690	374
-1689	370
-1688	368
-1687	360
-1686	353
-1685	346
-1684	343
-1683	339
-1682	332
-1681	322
-1680	317
-1679	314
-1678	311
-1677	302
-1676	292
-1675	285
-1674	284
-1673	280
-1672	270
-1671	259
-1670	255
-1669	256
-1668	248
-1667	233
-1666	227
-1665	226
-1664	218
-1663	205
-1662	204
-1661	202
-1660	189
-1659	181
-1658	183
-1657	177
-1656	164
-1655	162
-1654	165
-1653	157
-1652	149
-1651	153
-1650	155
-1649	147
-1648	144
-1647	155
-1646	155
-1645	149
-1644	155
-1643	166
-1642	165
-1641	164
-1640	175
-1639	184
-1638	181
-1637	187
-1636	199
-1635	204
-1634	202
-1633	211
-1632	222
-1631	224
-1630	224
-1629	235
-1628	242
-1627	242
-1626	245
-1625	257
-1624	262
-1623	263
-1622	263
-1621	269
-1620	278
-1619	284
-1618	285
-1617	285
-1616	289
-1615	297
-1614	302
-1613	304
-1612	302
-1611	305
-1610	311
-1609	317
-1608	318
-1607	317
-1606	317
-1605	322
-1604	327
-1603	329
-1602	327
-1601	326
-1600	330
-1599	334
-1598	336
-1597	333
-1596	332
-1595	334
-1594	338
-1593	339
-1592	337
-1591	335
-1590	336
-1589	339
-1588	341
-1587	339
-1586	335
-1585	335
-1584	339
-1583	340
-1582	337
-1581	334
-1580	333
-1579	335
-1578	336
-1577	335
-1576	331
-1575	328
-1574	329
-1573	332
-1572	330
-1571	325
-1570	322
-1569	322
-1568	325
-1567	323
-1566	318
-1565	314
-1564	315
-1563	316
-1562	314
-1561	309
-1560	305
-1559	304
-1558	306
-1557	305
-1556	299
-1555	293
-1554	293
-1553	295
-1552	294
-1551	288
-1550	282
-1549	280
-1548	283
-1547	281
-1546	276
-1545	268
-1544	267
-1543	269
-1542	269
-1541	264
-1540	256
-1539	253
-1538	257
-1537	254
-1536	246
-1535	242
-1534	246
-1533	242
-1532	232
-1531	233
-1530	236
-1529	227
-1528	220
-1527	223
-1526	222
-1525	212
-1524	210
-1523	214
-1522	207
-1521	198
-1520	201
-1519	202
-1518	193
-1517	187
-1516	191
-1515	187
-1514	178
-1513	176
-1512	181
-1511	173
-1510	165
-1509	167
-1508	168
-1507	158
-1506	152
-1505	157
-1504	154
-1503	144
-1502	144
-1501	148
-1500	141
-1499	133
-1498	137
-1497	138
-1496	130
-1495	126
-1494	133
-1493	132
-1492	123
-1491	125
-1490	132
-1489	130
-1488	126
-1487	134
-1486	138
-1485	133
-1484	135
-1483	147
-1482	150
-1481	146
-1480	154
-1479	165
-1478	164
-1477	164
-1476	174
-1475	184
-1474	180
-1473	184
-1472	196
-1471	198
-1470	195
-1469	203
-1468	213
-1467	214
-1466	212
-1465	223
-1464	232
-1463	231
-1462	234
-1461	246
-1460	252
-1459	251
-1458	259
-1457	270
-1456	276
-1455	280
-1454	280
-1453	288
-1452	299
-1451	307
-1450	310
-1449	313
-1448	319
-1447	328
-1446	336
-1445	341
-1444	344
-1443	349
-1442	357
-1441	366
-1440	370
-1439	374
-1438	377
-1437	385
-1436	391
-1435	398
-1434	401
-1433	404
-1432	411
-1431	418
-1430	423
-1429	426
-1428	429
-1427	435
-1426	440
-1425	445
-1424	448
-1423	453
-1422	455
-1421	461
-1420	465
-1419	470
-1418	472
-1417	476
-1416	480
-1415	485
-1414	488
-1413	490
-1412	492
-1411	496
-1410	499
-1409	502
-1408	505
-1407	507
-1406	509
-1405	513
-1404	515
-1403	518
-1402	519
-1401	522
-1400	524
-1399	526
-1398	527
-1397	528
-1396	530
-1395	532
-1394	534
-1393	536
-1392	536
-1391	538
-1390	539
-1389	541
-1388	541
-1387	542
-1386	541
-1385	543
-1384	544
-1383	545
-1382	545
-1381	546
-1380	546
-1379	547
-1378	547
-1377	546
-1376	547
-1375	547
-1374	547
-1373	548
-1372	547
-1371	546
-1370	546
-1369	546
-1368	545
-1367	545
-1366	544
-1365	544
-1364	543
-1363	542
-1362	541
-1361	540
-1360	538
-1359	537
-1358	537
-1357	535
-1356	533
-1355	531
-1354	530
-1353	528
-1352	526
-1351	523
-1350	521
-1349	518
-1348	517
-1347	514
-1346	510
-1345	507
-1344	504
-1343	501
-1342	499
-1341	495
-1340	491
-1339	487
-1338	484
-1337	480
-1336	475
-1335	469
-1334	466
-1333	462
-1332	458
-1331	451
-1330	444
-1329	439
-1328	435
-1327	429
-1326	424
-1325	416
-1324	410
-1323	404
-1322	398
-1321	389
-1320	380
-1319	373
-1318	368
-1317	361
-1316	352
-1315	339
-1314	331
-1313	326
-1312	320
-1311	306
-1310	296
-1309	287
-1308	284
-1307	276
-1306	263
-1305	252
-1304	250
-1303	248
-1302	237
-1301	229
-1300	233
-1299	230
-1298	222
-1297	225
-1296	233
-1295	231
-1294	230
-1293	241
-1292	250
-1291	251
-1290	257
-1289	270
-1288	281
-1287	287
-1286	290
-1285	299
-1284	309
-1283	323
-1282	330
-1281	335
-1280	340
-1279	351
-1278	360
-1277	368
-1276	372
-1275	378
-1274	385
-1273	394
-1272	400
-1271	406
-1270	409
-1269	415
-1268	421
-1267	429
-1266	433
-1265	437
-1264	441
-1263	448
-1262	453
-1261	458
-1260	461
-1259	466
-1258	470
-1257	476
-1256	480
-1255	484
-1254	486
-1253	490
-1252	494
-1251	498
-1250	501
-1249	503
-1248	507
-1247	511
-1246	514
-1245	517
-1244	519
-1243	522
-1242	524
-1241	527
-1240	529
-1239	532
-1238	532
-1237	535
-1236	538
-1235	540
-1234	541
-1233	543
-1232	544
-1231	546
-1230	547
-1229	549
-1228	548
-1227	549
-1226	552
-1225	553
-1224	553
-1223	554
-1222	554
-1221	555
-1220	555
-1219	556
-1218	555
-1217	555
-1216	555
-1215	555
-1214	556
-1213	555
-1212	554
-1211	553
-1210	554
-1209	553
-1208	552
-1207	551
-1206	549
-1205	549
-1204	549
-1203	547
-1202	545
-1201	544
-1200	543
-1199	540
-1198	538
-1197	536
-1196	532
-1195	531
-1194	531
-1193	529
-1192	527
-1191	525
-1190	523
-1189	521
-1188	518
-1187	516
-1186	512
-1185	511
-1184	509
-1183	505
-1182	501
-1181	498
-1180	496
-1179	493
-1178	491
-1177	486
-1176	483
-1175	479
-1174	476
-1173	472
-1172	468
-1171	463
-1170	459
-1169	456
-1168	452
-1167	447
-1166	442
-1165	437
-1164	433
-1163	429
-1162	424
-1161	417
-1160	410
-1159	406
-1158	403
-1157	397
-1156	389
-1155	382
-1154	378
-1153	373
-1152	367
-1151	357
-1150	350
-1149	345
-1148	342
-1147	334
-1146	323
-1145	314
-1144	308
-1143	306
-1142	299
-1141	287
-1140	277
-1139	271
-1138	268
-1137	260
-1136	248
-1135	237
-1134	238
-1133	230
-1132	214
-1131	210
-1130	211
-1129	200
-1128	190
-1127	191
-1126	190
-1125	178
-1124	173
-1123	179
-1122	175
-1121	168
-1120	168
-1119	180
-1118	173
-1117	173
-1116	184
-1115	190
-1114	187
-1113	193
-1112	205
-1111	209
-1110	204
-1109	217
-1108	230
-1107	233
-1106	235
-1105	247
-1104	256
-1103	260
-1102	262
-1101	270
-1100	279
-1099	290
-1098	294
-1097	297
-1096	299
-1095	311
-1094	318
-1093	324
-1092	328
-1091	333
-1090	340
-1089	348
-1088	354
-1087	358
-1086	360
-1085	366
-1084	373
-1083	380
-1082	383
-1081	386
-1080	388
-1079	395
-1078	400
-1077	405
-1076	406
-1075	410
-1074	414
-1073	418
-1072	421
-1071	421
-1070	423
-1069	427
-1068	430
-1067	434
-1066	435
-1065	437
-1064	440
-1063	444
-1062	448
-1061	451
-1060	452
-1059	456
-1058	460
-1057	464
-1056	466
-1055	468
-1054	471
-1053	475
-1052	478
-1051	481
-1050	483
-1049	486
-1048	489
-1047	493
-1046	495
-1045	497
-1044	499
-1043	503
-1042	506
-1041	508
-1040	510
-1039	512
-1038	515
-1037	518
-1036	519
-1035	520
-1034	522
-1033	525
-1032	527
-1031	529
-1030	531
-1029	531
-1028	534
-1027	535
-1026	536
-1025	538
-1024	538
-1023	540
-1022	542
-1021	543
-1020	544
-1019	544
-1018	545
-1017	545
-1016	546
-1015	547
-1014	547
-1013	548
-1012	548
-1011	549
-1010	549
-1009	548
-1008	547
-1007	548
-1006	548
-1005	548
-1004	547
-1003	546
-1002	545
-1001	545
-1000	544
-999	542
-998	541
-997	540
-996	539
-995	537
-994	537
-993	535
-992	532
-991	531
-990	530
-989	527
-988	524
-987	523
-986	520
-985	518
-984	516
-983	512
-982	510
-981	509
-980	505
-979	502
-978	500
-977	495
-976	491
-975	488
-974	485
-973	479
-972	478
-971	473
-970	468
-969	464
-968	460
-967	452
-966	449
-965	443
-964	435
-963	430
-962	425
-961	417
-960	410
-959	405
-958	396
-957	387
-956	383
-955	370
-954	361
-953	357
-952	346
-951	334
-950	331
-949	318
-948	307
-947	302
-946	292
-945	278
-944	278
-943	269
-942	258
-941	260
-940	257
-939	249
-938	257
-937	256
-936	256
-935	266
-934	272
-933	274
-932	287
-931	302
-930	307
-929	322
-928	336
-927	346
-926	353
-925	369
-924	377
-923	389
-922	401
-921	413
-920	421
-919	433
-918	442
-917	451
-916	460
-915	471
-914	477
-913	487
-912	495
-911	502
-910	510
-909	519
-908	525
-907	533
-906	539
-905	546
-904	552
-903	559
-902	564
-901	570
-900	576
-899	582
-898	586
-897	592
-896	597
-895	602
-894	606
-893	611
-892	615
-891	620
-890	624
-889	628
-888	631
-887	635
-886	638
-885	642
-884	645
-883	649
-882	651
-881	654
-880	657
-879	659
-878	662
-877	664
-876	666
-875	668
-874	670
-873	672
-872	674
-871	676
-870	677
-869	679
-868	681
-867	682
-866	683
-865	685
-864	686
-863	688
-862	689
-861	690
-860	691
-859	692
-858	693
-857	694
-856	695
-855	695
-854	696
-853	696
-852	697
-851	697
-850	697
-849	698
-848	698
-847	698
-846	698
-845	698
-844	698
-843	698
-842	698
-841	697
-840	697
-839	696
-838	696
-837	695
-836	695
-835	694
-834	693
-833	692
-832	691
-831	690
-830	689
-829	687
-828	686
-827	684
-826	683
-825	681
-824	679
-823	677
-822	675
-821	673
-820	671
-819	668
-818	666
-817	663
-816	660
-815	657
-814	655
-813	651
-812	648
-811	644
-810	641
-809	637
-808	634
-807	629
-806	626
-805	621
-804	617
-803	612
-802	608
-801	603
-800	598
-799	593
-798	588
-797	582
-796	578
-795	571
-794	565
-793	559
-792	554
-791	546
-790	542
-789	535
-788	528
-787	521
-786	515
-785	506
-784	500
-783	492
-782	485
-781	476
-780	469
-779	459
-778	450
-777	442
-776	432
-775	421
-774	414
-773	403
-772	391
-771	383
-770	372
-769	358
-768	352
-767	340
-766	328
-765	322
-764	312
-763	297
-762	296
-761	290
-760	278
-759	280
-758	280
-757	273
-756	278
-755	284
-754	282
-753	290
-752	301
-751	305
-750	312
-749	327
-748	333
-747	342
-746	355
-745	365
-744	371
-743	386
-742	394
-741	401
-740	411
-739	423
-738	429
-737	438
-736	447
-735	454
-734	460
-733	470
-732	475
-731	483
-730	490
-729	497
-728	501
-727	508
-726	514
-725	519
-724	525
-723	531
-722	535
-721	540
-720	545
-719	549
-718	553
-717	557
-716	561
-715	565
-714	569
-713	572
-712	574
-711	578
-710	581
-709	584
-708	587
-707	590
-706	592
-705	595
-704	597
-703	599
-702	601
-701	603
-700	604
-699	607
-698	609
-697	610
-696	612
-695	614
-694	615
-693	616
-692	617
-691	618
-690	618
-689	620
-688	621
-687	621
-686	622
-685	623
-684	623
-683	624
-682	624
-681	624
-680	625
-679	625
-678	625
-677	625
-676	625
-675	625
-674	625
-673	625
-672	625
-671	625
-670	625
-669	625
-668	624
-667	625
-666	624
-665	624
-664	623
-663	622
-662	622
-661	622
-660	621
-659	620
-658	620
-657	619
-656	618
-655	617
-654	617
-653	615
-652	615
-651	613
-650	612
-649	610
-648	609
-647	607
-646	606
-645	605
-644	603
-643	600
-642	599
-641	597
-640	595
-639	593
-638	591
-637	588
-636	586
-635	584
-634	581
-633	578
-632	576
-631	572
-630	570
-629	567
-628	564
-627	560
-626	557
-625	553
-624	549
-623	545
-622	542
-621	537
-620	534
-619	529
-618	523
-617	519
-616	515
-615	508
-614	503
-613	499
-612	493
-611	486
-610	482
-609	474
-608	468
-607	463
-606	455
-605	447
-604	442
-603	433
-602	425
-601	419
-600	411
-599	401
-598	396
-597	387
-596	377
-595	370
-594	363
-593	350
-592	345
-591	338
-590	326
-589	321
-588	317
-587	304
-586	301
-585	298
-584	287
-583	284
-582	287
-581	279
-580	278
-579	285
-578	281
-577	283
-576	293
-575	296
-574	298
-573	311
-572	318
-571	324
-570	336
-569	347
-568	353
-567	366
-566	377
-565	385
-564	394
-563	409
-562	417
-561	427
-560	438
-559	448
-558	455
-557	467
-556	474
-555	485
-554	493
-553	502
-552	509
-551	519
-550	526
-549	534
-548	541
-547	550
-546	556
-545	564
-544	571
-543	578
-542	584
-541	591
-540	596
-539	603
-538	609
-537	615
-536	620
-535	626
-534	631
-533	636
-532	640
-531	646
-530	650
-529	655
-528	659
-527	664
-526	667
-525	672
-524	675
-523	679
-522	682
-521	687
-520	689
-519	693
-518	697
-517	700
-516	702
-515	706
-514	708
-513	711
-512	714
-511	716
-510	719
-509	721
-508	723
-507	726
-506	727
-505	730
-504	731
-503	733
-502	735
-501	737
-500	738
-499	740
-498	741
-497	742
-496	743
-495	744
-494	745
-493	746
-492	747
-491	748
-490	748
-489	749
-488	749
-487	750
-486	750
-485	750
-484	750
-483	751
-482	751
-481	751
-480	750
-479	750
-478	750
-477	750
-476	749
-475	749
-474	748
-473	748
-472	747
-471	747
-470	746
-469	745
-468	744
-467	743
-466	742
-465	741
-464	739
-463	738
-462	737
-461	735
-460	734
-459	732
-458	730
-457	728
-456	726
-455	723
-454	722
-453	719
-452	717
-451	714
-450	712
-449	709
-448	706
-447	702
-446	699
-445	696
-444	693
-443	689
-442	685
-441	681
-440	677
-439	672
-438	668
-437	663
-436	659
-435	653
-434	648
-433	643
-432	637
-431	630
-430	625
-429	618
-428	613
-427	604
-426	596
-425	589
-424	582
-423	572
-422	565
-421	556
-420	547
-419	536
-418	527
-417	515
-416	505
-415	494
-414	483
-413	471
-412	462
-411	447
-410	435
-409	427
-408	416
-407	405
-406	401
-405	392
-404	387
-403	387
-402	386
-401	386
-400	392
-399	399
-398	403
-397	413
-396	423
-395	434
-394	445
-393	458
-392	467
-391	480
-390	489
-389	501
-388	510
-387	523
-386	533
-385	543
-384	553
-383	563
-382	570
-381	581
-380	588
-379	598
-378	605
-377	614
-376	621
-375	629
-374	636
-373	643
-372	650
-371	657
-370	663
-369	670
-368	675
-367	681
-366	686
-365	692
-364	697
-363	704
-362	708
-361	713
-360	718
-359	723
-358	726
-357	731
-356	735
-355	740
-354	743
-353	747
-352	750
-351	755
-350	758
-349	761
-348	764
-347	768
-346	771
-345	774
-344	776
-343	779
-342	781
-341	784
-340	786
-339	789
-338	791
-337	793
-336	795
-335	797
-334	799
-333	800
-332	802
-331	804
-330	805
-329	806
-328	808
-327	809
-326	810
-325	811
-324	812
-323	813
-322	813
-321	814
-320	815
-319	815
-318	816
-317	816
-316	816
-315	816
-314	816
-313	816
-312	816
-311	817
-310	816
-309	816
-308	816
-307	815
-306	814
-305	814
-304	813
-303	812
-302	812
-301	811
-300	810
-299	809
-298	807
-297	806
-296	805
-295	803
-294	802
-293	801
-292	799
-291	797
-290	795
-289	793
-288	791
-287	789
-286	787
-285	784
-284	782
-283	779
-282	777
-281	774
-280	772
-279	770
-278	768
-277	765
-276	763
-275	760
-274	758
-273	756
-272	754
-271	751
-270	750
-269	747
-268	745
-267	742
-266	739
-265	736
-264	733
-263	729
-262	726
-261	722
-260	718
-259	713
-258	710
-257	705
-256	700
-255	695
-254	690
-253	685
-252	679
-251	671
-250	666
-249	660
-248	653
-247	646
-246	639
-245	631
-244	624
-243	614
-242	606
-241	596
-240	588
-239	577
-238	568
-237	558
-236	548
-235	535
-234	524
-233	512
-232	503
-231	489
-230	481
-229	468
-228	458
-227	447
-226	437
-225	433
-224	426
-223	421
-222	422
-221	421
-220	426
-219	430
-218	438
-217	448
-216	455
-215	469
-214	479
-213	492
-212	504
-211	517
-210	529
-209	542
-208	553
-207	565
-206	575
-205	587
-204	596
-203	608
-202	617
-201	627
-200	635
-199	644
-198	651
-197	660
-196	666
-195	675
-194	681
-193	688
-192	694
-191	700
-190	706
-189	712
-188	717
-187	723
-186	727
-185	733
-184	737
-183	742
-182	746
-181	751
-180	755
-179	760
-178	763
-177	768
-176	771
-175	776
-174	779
-173	783
-172	786
-171	790
-170	793
-169	796
-168	799
-167	803
-166	806
-165	809
-164	811
-163	815
-162	817
-161	820
-160	822
-159	825
-158	827
-157	829
-156	832
-155	834
-154	836
-153	838
-152	840
-151	842
-150	843
-149	845
-148	846
-147	848
-146	850
-145	851
-144	852
-143	854
-142	855
-141	856
-140	856
-139	858
-138	858
-137	859
-136	860
-135	861
-134	861
-133	862
-132	862
-131	862
-130	862
-129	862
-128	862
-127	862
-126	862
-125	862
-124	862
-123	861
-122	861
-121	861
-120	860
-119	860
-118	859
-117	858
-116	857
-115	856
-114	855
-113	854
-112	853
-111	851
-110	850
-109	848
-108	847
-107	845
-106	843
-105	841
-104	839
-103	837
-102	835
-101	833
-100	831
-99	828
-98	826
-97	823
-96	820
-95	817
-94	814
-93	811
-92	808
-91	804
-90	800
-89	796
-88	792
-87	788
-86	784
-85	780
-84	776
-83	771
-82	767
-81	762
-80	758
-79	753
-78	749
-77	744
-76	740
-75	734
-74	729
-73	723
-72	718
-71	711
-70	706
-69	699
-68	693
-67	685
-66	678
-65	670
-64	662
-63	652
-62	645
-61	635
-60	626
-59	615
-58	605
-57	595
-56	584
-55	573
-54	563
-53	552
-52	541
-51	528
-50	517
-49	508
-48	497
-47	489
-46	481
-45	477
-44	472
-43	471
-42	470
-41	474
-40	478
-39	487
-38	495
-37	505
-36	515
-35	530
-34	542
-33	556
-32	568
-31	582
-30	592
-29	604
-28	615
-27	628
-26	638
-25	649
-24	659
-23	670
-22	679
-21	689
-20	697
-19	707
-18	716
-17	724
-16	731
-15	740
-14	746
-13	753
-12	759
-11	767
-10	773
-9	780
-8	784
-7	790
-6	795
-5	801
-4	805
-3	811
-2	815
-1	819
0	823
1	827
2	831
3	835
4	838
5	842
6	845
7	848
8	851
9	854
10	856
11	859
12	861
13	864
14	866
15	869
16	871
17	873
18	874
19	877
20	878
21	880
22	881
23	883
24	884
25	886
26	887
27	889
28	890
29	891
30	892
31	893
32	894
33	895
34	896
35	897
36	897
37	898
38	899
39	899
40	899
41	900
42	900
43	900
44	900
45	900
46	900
47	900
48	900
49	899
50	899
51	899
52	898
53	898
54	897
55	897
56	896
57	895
58	894
59	893
60	892
61	891
62	889
63	888
64	887
65	885
66	883
67	882
68	880
69	878
70	876
71	874
72	872
73	869
74	867
75	865
76	862
77	859
78	856
79	853
80	851
81	847
82	844
83	840
84	837
85	833
86	829
87	825
88	821
89	817
90	813
91	808
92	803
93	797
94	792
95	787
96	782
97	775
98	770
99	763
100	758
101	750
102	743
103	735
104	728
105	719
106	712
107	702
108	694
109	683
110	675
111	664
112	655
113	644
114	635
115	623
116	613
117	600
118	591
119	579
120	569
121	558
122	550
123	540
124	531
125	522
126	514
127	507
128	500
129	495
130	489
131	484
132	478
133	474
134	470
135	469
136	468
137	469
138	472
139	476
140	482
141	490
142	498
143	507
144	518
145	528
146	538
147	549
148	560
149	572
150	582
151	594
152	604
153	616
154	623
155	633
156	642
157	653
158	661
159	670
160	678
161	687
162	693
163	701
164	707
165	715
166	722
167	729
168	735
169	741
170	747
171	752
172	757
173	763
174	767
175	772
176	776
177	781
178	784
179	789
180	792
181	796
182	800
183	804
184	807
185	810
186	813
187	816
188	819
189	821
190	824
191	827
192	828
193	831
194	833
195	835
196	836
197	838
198	840
199	841
200	843
201	844
202	845
203	847
204	848
205	849
206	850
207	851
208	852
209	853
210	853
211	854
212	854
213	855
214	855
215	856
216	856
217	856
218	856
219	856
220	856
221	856
222	856
223	856
224	856
225	855
226	855
227	854
228	854
229	854
230	853
231	852
232	852
233	850
234	850
235	849
236	848
237	847
238	846
239	844
240	843
241	842
242	840
243	839
244	837
245	835
246	833
247	831
248	829
249	827
250	825
251	823
252	821
253	817
254	815
255	812
256	810
257	807
258	804
259	801
260	797
261	793
262	790
263	786
264	783
265	778
266	775
267	770
268	767
269	761
270	757
271	752
272	747
273	742
274	737
275	731
276	725
277	719
278	713
279	707
280	701
281	693
282	687
283	679
284	673
285	664
286	656
287	648
288	640
289	630
290	623
291	611
292	602
293	591
294	581
295	570
296	559
297	547
298	537
299	524
300	513
301	497
302	486
303	473
304	461
305	450
306	439
307	429
308	423
309	412
310	409
311	404
312	402
313	407
314	407
315	414
316	421
317	428
318	438
319	447
320	455
321	467
322	474
323	485
324	493
325	503
326	512
327	521
328	530
329	540
330	547
331	557
332	563
333	574
334	581
335	589
336	596
337	605
338	611
339	619
340	625
341	634
342	640
343	646
344	652
345	659
346	664
347	670
348	675
349	682
350	686
351	691
352	696
353	701
354	705
355	710
356	713
357	718
358	722
359	726
360	730
361	734
362	737
363	740
364	743
365	747
366	749
367	752
368	755
369	758
370	760
371	763
372	765
373	768
374	770
375	772
376	774
377	776
378	777
379	779
380	780
381	782
382	784
383	785
384	786
385	788
386	789
387	790
388	790
389	792
390	792
391	793
392	793
393	794
394	794
395	794
396	795
397	795
398	796
399	796
400	796
401	796
402	795
403	795
404	795
405	795
406	794
407	794
408	793
409	793
410	792
411	791
412	790
413	789
414	788
415	787
416	786
417	785
418	784
419	783
420	782
421	779
422	778
423	776
424	775
425	773
426	771
427	769
428	768
429	765
430	763
431	761
432	759
433	756
434	753
435	751
436	748
437	745
438	742
439	739
440	735
441	732
442	728
443	725
444	721
445	717
446	713
447	709
448	705
449	699
450	695
451	690
452	685
453	680
454	675
455	669
456	664
457	657
458	652
459	645
460	638
461	630
462	624
463	616
464	609
465	600
466	593
467	583
468	575
469	564
470	555
471	546
472	537
473	524
474	516
475	502
476	493
477	480
478	468
479	458
480	445
481	434
482	425
483	412
484	406
485	394
486	388
487	383
488	375
489	376
490	373
491	376
492	381
493	384
494	392
495	402
496	407
497	420
498	428
499	441
500	451
501	462
502	473
503	483
504	493
505	505
506	512
507	523
508	531
509	541
510	549
511	557
512	565
513	573
514	579
515	587
516	593
517	600
518	606
519	611
520	617
521	622
522	625
523	630
524	633
525	637
526	640
527	643
528	646
529	649
530	651
531	655
532	657
533	661
534	664
535	667
536	671
537	674
538	677
539	680
540	683
541	686
542	689
543	692
544	694
545	697
546	700
547	702
548	704
549	708
550	710
551	712
552	714
553	716
554	718
555	720
556	721
557	723
558	724
559	726
560	727
561	729
562	730
563	731
564	732
565	733
566	734
567	735
568	736
569	737
570	737
571	737
572	738
573	738
574	738
575	739
576	738
577	739
578	738
579	738
580	738
581	737
582	737
583	737
584	736
585	735
586	734
587	733
588	733
589	731
590	730
591	729
592	728
593	727
594	725
595	724
596	722
597	720
598	719
599	717
600	715
601	713
602	711
603	709
604	708
605	705
606	703
607	701
608	699
609	696
610	694
611	691
612	689
613	685
614	683
615	680
616	677
617	675
618	671
619	668
620	665
621	661
622	658
623	654
624	651
625	647
626	644
627	639
628	635
629	631
630	627
631	621
632	617
633	612
634	607
635	602
636	596
637	591
638	586
639	579
640	574
641	567
642	561
643	554
644	547
645	540
646	533
647	525
648	519
649	509
650	503
651	494
652	486
653	477
654	467
655	459
656	451
657	438
658	432
659	420
660	411
661	400
662	387
663	379
664	367
665	355
666	349
667	334
668	331
669	317
670	310
671	307
672	295
673	295
674	291
675	286
676	292
677	286
678	292
679	297
680	295
681	310
682	312
683	320
684	328
685	330
686	341
687	349
688	354
689	368
690	371
691	381
692	391
693	396
694	406
695	413
696	418
697	428
698	431
699	440
700	445
701	451
702	458
703	462
704	469
705	475
706	478
707	485
708	489
709	494
710	499
711	503
712	507
713	511
714	513
715	518
716	521
717	525
718	528
719	531
720	534
721	537
722	539
723	542
724	543
725	546
726	548
727	550
728	552
729	554
730	555
731	558
732	559
733	562
734	563
735	565
736	567
737	568
738	570
739	572
740	573
741	575
742	576
743	577
744	579
745	580
746	581
747	582
748	583
749	584
750	584
751	586
752	587
753	587
754	588
755	588
756	589
757	590
758	590
759	591
760	590
761	591
762	592
763	591
764	591
765	591
766	591
767	592
768	591
769	591
770	591
771	590
772	590
773	589
774	589
775	589
776	588
777	587
778	586
779	585
780	585
781	583
782	582
783	582
784	580
785	578
786	577
787	575
788	575
789	573
790	571
791	569
792	567
793	566
794	563
795	561
796	560
797	556
798	554
799	552
800	549
801	548
802	545
803	542
804	539
805	535
806	533
807	529
808	526
809	523
810	519
811	516
812	512
813	508
814	505
815	500
816	497
817	492
818	488
819	484
820	478
821	474
822	469
823	463
824	459
825	451
826	446
827	441
828	433
829	428
830	421
831	414
832	409
833	398
834	394
835	384
836	377
837	371
838	359
839	353
840	345
841	331
842	330
843	316
844	310
845	303
846	290
847	289
848	277
849	271
850	270
851	257
852	261
853	255
854	254
855	256
856	252
857	263
858	259
859	271
860	278
861	281
862	295
863	300
864	309
865	324
866	327
867	341
868	350
869	359
870	372
871	378
872	388
873	399
874	405
875	417
876	424
877	433
878	442
879	449
880	457
881	465
882	471
883	480
884	485
885	493
886	499
887	504
888	511
889	518
890	522
891	528
892	533
893	540
894	544
895	549
896	554
897	558
898	562
899	567
900	570
901	576
902	579
903	583
904	586
905	590
906	592
907	596
908	598
909	602
910	604
911	607
912	610
913	612
914	614
915	616
916	618
917	620
918	621
919	623
920	625
921	626
922	627
923	628
924	629
925	630
926	631
927	632
928	633
929	633
930	634
931	635
932	635
933	636
934	637
935	637
936	638
937	639
938	639
939	640
940	640
941	641
942	641
943	642
944	642
945	642
946	642
947	642
948	642
949	642
950	641
951	641
952	641
953	640
954	640
955	639
956	639
957	638
958	637
959	636
960	635
961	634
962	633
963	631
964	630
965	629
966	627
967	626
968	624
969	622
970	620
971	618
972	617
973	614
974	611
975	609
976	606
977	604
978	601
979	598
980	595
981	591
982	589
983	584
984	582
985	577
986	573
987	570
988	566
989	561
990	558
991	553
992	549
993	545
994	540
995	535
996	530
997	524
998	518
999	512
1000	508
1001	502
1002	496
1003	490
1004	485
1005	478
1006	471
1007	465
1008	460
1009	452
1010	445
1011	438
1012	433
1013	423
1014	414
1015	408
1016	402
1017	392
1018	383
1019	377
1020	370
1021	357
1022	348
1023	343
1024	334
1025	320
1026	314
1027	309
1028	298
1029	284
1030	281
1031	276
1032	263
1033	254
1034	257
1035	249
1036	239
1037	244
1038	240
1039	234
1040	243
1041	242
1042	241
1043	253
1044	254
1045	257
1046	270
1047	277
1048	278
1049	288
1050	299
1051	309
1052	311
1053	320
1054	332
1055	339
1056	342
1057	351
1058	360
1059	367
1060	370
1061	380
1062	387
1063	393
1064	397
1065	406
1066	412
1067	417
1068	420
1069	428
1070	433
1071	437
1072	440
1073	446
1074	450
1075	453
1076	456
1077	462
1078	465
1079	467
1080	470
1081	475
1082	478
1083	480
1084	482
1085	486
1086	488
1087	489
1088	491
1089	495
1090	495
1091	496
1092	498
1093	500
1094	501
1095	502
1096	504
1097	505
1098	504
1099	505
1100	507
1101	508
1102	507
1103	507
1104	509
1105	508
1106	507
1107	508
1108	508
1109	507
1110	506
1111	506
1112	506
1113	505
1114	503
1115	503
1116	503
1117	502
1118	500
1119	500
1120	500
1121	498
1122	496
1123	496
1124	496
1125	493
1126	493
1127	491
1128	490
1129	488
1130	487
1131	487
1132	484
1133	481
1134	481
1135	479
1136	476
1137	473
1138	473
1139	471
1140	468
1141	465
1142	464
1143	462
1144	456
1145	455
1146	453
1147	450
1148	446
1149	443
1150	441
1151	437
1152	433
1153	430
1154	428
1155	423
1156	419
1157	417
1158	414
1159	408
1160	403
1161	401
1162	398
1163	391
1164	388
1165	385
1166	380
1167	373
1168	371
1169	368
1170	362
1171	355
1172	353
1173	350
1174	342
1175	334
1176	334
1177	330
1178	321
1179	315
1180	315
1181	309
1182	297
1183	293
1184	294
1185	284
1186	274
1187	271
1188	271
1189	259
1190	249
1191	250
1192	243
1193	231
1194	234
1195	223
1196	214
1197	216
1198	204
1199	195
1200	198
1201	185
1202	179
1203	181
1204	169
1205	164
1206	167
1207	154
1208	152
1209	155
1210	143
1211	144
1212	147
1213	136
1214	140
1215	144
1216	135
1217	141
1218	146
1219	139
1220	149
1221	155
1222	148
1223	160
1224	165
1225	161
1226	173
1227	179
1228	177
1229	190
1230	195
1231	194
1232	207
1233	214
1234	211
1235	225
1236	229
1237	230
1238	243
1239	248
1240	247
1241	261
1242	267
1243	267
1244	272
1245	284
1246	290
1247	289
1248	295
1249	306
1250	310
1251	311
1252	317
1253	327
1254	331
1255	332
1256	337
1257	347
1258	348
1259	349
1260	356
1261	364
1262	366
1263	368
1264	373
1265	380
1266	381
1267	383
1268	389
1269	394
1270	396
1271	398
1272	403
1273	407
1274	408
1275	411
1276	415
1277	418
1278	418
1279	421
1280	425
1281	428
1282	428
1283	431
1284	435
1285	436
1286	437
1287	441
1288	443
1289	444
1290	445
1291	448
1292	449
1293	448
1294	450
1295	453
1296	454
1297	453
1298	454
1299	456
1300	456
1301	456
1302	456
1303	458
1304	457
1305	456
1306	457
1307	458
1308	457
1309	456
1310	457
1311	457
1312	455
1313	454
1314	454
1315	455
1316	452
1317	452
1318	452
1319	452
1320	448
1321	448
1322	448
1323	447
1324	445
1325	445
1326	445
1327	443
1328	441
1329	441
1330	441
1331	438
1332	436
1333	436
1334	435
1335	432
1336	430
1337	430
1338	428
1339	424
1340	423
1341	422
1342	418
1343	414
1344	413
1345	411
1346	406
1347	402
1348	401
1349	397
1350	391
1351	388
1352	387
1353	382
1354	375
1355	372
1356	370
1357	363
1358	355
1359	353
1360	351
1361	342
1362	334
1363	332
1364	329
1365	316
1366	310
1367	309
1368	302
1369	288
1370	286
1371	283
1372	273
1373	260
1374	258
1375	254
1376	239
1377	235
1378	232
1379	215
1380	215
1381	208
1382	194
1383	195
1384	189
1385	176
1386	180
1387	173
1388	164
1389	171
1390	164
1391	160
1392	170
1393	166
1394	166
1395	178
1396	174
1397	179
1398	192
1399	191
1400	197
1401	211
1402	209
1403	218
1404	231
1405	231
1406	239
1407	253
1408	251
1409	260
1410	270
1411	273
1412	274
1413	285
1414	295
1415	298
1416	299
1417	310
1418	318
1419	320
1420	322
1421	330
1422	338
1423	340
1424	343
1425	351
1426	356
1427	357
1428	360
1429	368
1430	372
1431	374
1432	378
1433	385
1434	387
1435	388
1436	392
1437	399
1438	401
1439	402
1440	405
1441	411
1442	412
1443	412
1444	417
1445	420
1446	421
1447	423
1448	426
1449	429
1450	428
1451	430
1452	433
1453	434
1454	434
1455	437
1456	439
1457	439
1458	439
1459	440
1460	443
1461	443
1462	441
1463	444
1464	445
1465	444
1466	443
1467	445
1468	445
1469	443
1470	443
1471	444
1472	444
1473	441
1474	441
1475	442
1476	441
1477	438
1478	438
1479	439
1480	437
1481	434
1482	434
1483	433
1484	430
1485	428
1486	428
1487	426
1488	423
1489	420
1490	421
1491	418
1492	414
1493	410
1494	411
1495	408
1496	403
1497	401
1498	401
1499	394
1500	390
1501	388
1502	388
1503	382
1504	378
1505	377
1506	375
1507	368
1508	364
1509	363
1510	359
1511	351
1512	348
1513	348
1514	342
1515	334
1516	332
1517	331
1518	325
1519	316
1520	314
1521	312
1522	307
1523	300
1524	301
1525	298
1526	289
1527	284
1528	285
1529	280
1530	270
1531	268
1532	269
1533	259
1534	250
1535	252
1536	246
1537	235
1538	237
1539	226
1540	218
1541	219
1542	213
1543	204
1544	207
1545	196
1546	189
1547	192
1548	181
1549	175
1550	177
1551	164
1552	156
1553	158
1554	146
1555	150
1556	152
1557	138
1558	138
1559	139
1560	126
1561	129
1562	130
1563	115
1564	119
1565	124
1566	113
1567	117
1568	116
1569	109
1570	115
1571	115
1572	107
1573	116
1574	115
1575	108
1576	118
1577	116
1578	111
1579	121
1580	119
1581	114
1582	125
1583	122
1584	119
1585	130
1586	127
1587	124
1588	135
1589	132
1590	130
1591	140
1592	137
1593	135
1594	146
1595	141
1596	141
1597	151
1598	146
1599	147
1600	157
1601	151
1602	149
1603	163
1604	154
1605	159
1606	167
1607	160
1608	165
1609	171
1610	164
1611	171
1612	176
1613	169
1614	176
1615	180
1616	173
1617	182
1618	185
1619	179
1620	188
1621	190
1622	182
1623	193
1624	193
1625	188
1626	199
1627	196
1628	195
1629	207
1630	205
1631	204
1632	214
1633	211
1634	209
1635	221
1636	217
1637	217
1638	226
1639	223
1640	223
1641	234
1642	229
1643	230
1644	240
1645	236
1646	237
1647	246
1648	240
1649	245
1650	252
1651	246
1652	251
1653	258
1654	253
1655	255
1656	263
1657	261
1658	258
1659	266
1660	270
1661	266
1662	265
1663	272
1664	275
1665	271
1666	271
1667	278
1668	279
1669	274
1670	275
1671	283
1672	283
1673	278
1674	280
1675	287
1676	284
1677	280
1678	284
1679	289
1680	285
1681	280
1682	285
1683	288
1684	283
1685	280
1686	286
1687	287
1688	280
1689	279
1690	284
1691	282
1692	276
1693	277
1694	281
1695	277
1696	270
1697	272
1698	275
1699	269
1700	263
1701	267
1702	268
1703	260
1704	255
1705	261
1706	256
1707	247
1708	250
1709	249
1710	238
1711	241
1712	239
1713	229
1714	233
1715	229
1716	219
1717	224
1718	218
1719	208
1720	214
1721	207
1722	200
1723	205
1724	198
1725	192
1726	197
1727	188
1728	184
1729	189
1730	180
1731	177
1732	182
1733	170
1734	169
1735	172
1736	160
1737	159
1738	161
1739	148
1740	148
1741	149
1742	136
1743	137
1744	138
1745	125
1746	128
1747	128
1748	117
1749	121
1750	121
1751	111
1752	117
1753	118
1754	110
1755	118
1756	119
1757	113
1758	124
1759	126
1760	122
1761	135
1762	137
1763	135
1764	149
1765	152
1766	152
1767	167
1768	169
1769	171
1770	185
1771	187
1772	189
1773	204
1774	205
1775	208
1776	222
1777	224
1778	226
1779	240
1780	240
1781	244
1782	257
1783	260
1784	259
1785	269
1786	278
1787	280
1788	279
1789	289
1790	297
1791	299
1792	299
1793	308
1794	315
1795	315
1796	316
1797	324
1798	329
1799	329
1800	331
1801	339
1802	342
1803	342
1804	344
1805	351
1806	353
1807	353
1808	356
1809	362
1810	363
1811	362
1812	366
1813	370
1814	371
1815	370
1816	374
1817	378
1818	377
1819	377
1820	381
1821	384
1822	383
1823	383
1824	387
1825	389
1826	387
1827	388
1828	391
1829	392
1830	390
1831	391
1832	394
1833	394
1834	392
1835	394
1836	396
1837	395
1838	393
1839	395
1840	396
1841	395
1842	393
1843	395
1844	396
1845	393
1846	392
1847	393
1848	394
1849	390
1850	389
1851	391
1852	390
1853	386
1854	385
1855	386
1856	385
1857	380
1858	380
1859	381
1860	378
1861	373
1862	373
1863	373
1864	370
1865	365
1866	366
1867	365
1868	360
1869	355
1870	357
1871	354
1872	348
1873	344
1874	346
1875	342
1876	335
1877	332
1878	333
1879	328
1880	321
1881	319
1882	319
1883	313
1884	305
1885	305
1886	304
1887	295
1888	289
1889	289
1890	287
1891	276
1892	272
1893	273
1894	267
1895	255
1896	255
1897	253
1898	241
1899	241
1900	239
1901	225
1902	226
1903	222
1904	208
1905	210
1906	206
1907	193
1908	196
1909	189
1910	177
1911	181
1912	173
1913	162
1914	167
1915	159
1916	149
1917	153
1918	145
1919	136
1920	142
1921	133
1922	127
1923	133
1924	123
1925	120
1926	126
1927	116
1928	115
1929	120
1930	110
1931	112
1932	116
1933	106
1934	111
1935	113
1936	105
1937	112
1938	114
1939	106
1940	115
1941	115
1942	109
1943	119
1944	118
1945	114
1946	125
1947	123
1948	120
1949	132
1950	128
1951	127
1952	138
1953	134
1954	134
1955	145
1956	140
1957	142
1958	152
1959	146
1960	148
1961	158
1962	151
1963	154
1964	163
1965	155
1966	161
1967	167
1968	160
1969	165
1970	170
1971	163
1972	170
1973	174
1974	166
1975	173
1976	176
1977	168
1978	177
1979	177
1980	170
1981	178
1982	178
1983	171
1984	180
1985	177
1986	171
1987	180
1988	177
1989	171
1990	180
1991	176
1992	170
1993	179
1994	173
1995	169
1996	177
1997	171
1998	167
1999	176
2000	168
