2000	163
1999	273
1998	271
1997	274
1996	279
1995	277
1994	272
1993	277
1992	280
1991	276
1990	272
1989	276
1988	278
1987	271
1986	268
1985	272
1984	271
1983	263
1982	262
1981	265
1980	261
1979	252
1978	253
1977	252
1976	242
1975	245
1974	242
1973	231
1972	235
1971	229
1970	218
1969	222
1968	214
1967	205
1966	209
1965	199
1964	192
1963	194
1962	182
1961	176
1960	179
1959	166
1958	164
1957	165
1956	153
1955	153
1954	154
1953	143
1952	145
1951	147
1950	137
1949	142
1948	145
1947	138
1946	146
1945	149
1944	143
1943	155
1942	156
1941	154
1940	166
1939	168
1938	166
1937	180
1936	180
1935	181
1934	192
1933	192
1932	192
1931	204
1930	201
1929	204
1928	214
1927	210
1926	213
1925	222
1924	216
1923	221
1922	227
1921	220
1920	225
1919	229
1918	222
1917	228
1916	230
1915	222
1914	227
1913	228
1912	219
1911	224
1910	224
1909	214
1908	220
1907	216
1906	207
1905	212
1904	208
1903	199
1902	205
1901	201
1900	193
1899	199
1898	194
1897	188
1896	196
1895	191
1894	188
1893	198
1892	195
1891	194
1890	206
1889	206
1888	208
1887	223
1886	224
1885	230
1884	244
1883	249
1882	255
1881	273
1880	278
1879	284
1878	295
1877	311
1876	317
1875	323
1874	334
1873	348
1872	354
1871	361
1870	370
1869	382
1868	387
1867	394
1866	403
1865	413
1864	418
1863	424
1862	431
1861	439
1860	443
1859	449
1858	456
1857	463
1856	466
1855	471
1854	477
1853	482
1852	485
1851	489
1850	494
1849	499
1848	502
1847	506
1846	510
1845	514
1844	516
1843	520
1842	523
1841	526
1840	528
1839	530
1838	533
1837	534
1836	535
1835	538
1834	539
1833	540
1832	540
1831	542
1830	542
1829	542
1828	542
1827	542
1826	542
1825	541
1824	540
1823	540
1822	539
1821	537
1820	536
1819	535
1818	532
1817	530
1816	528
1815	526
1814	523
1813	519
1812	516
1811	513
1810	509
1809	505
1808	502
1807	497
1806	493
1805	488
1804	484
1803	478
1802	472
1801	466
1800	462
1799	455
1798	448
1797	442
1796	437
1795	428
1794	421
1793	414
1792	407
1791	396
1790	388
1789	381
1788	374
1787	361
1786	353
1785	346
1784	335
1783	322
1782	316
1781	308
1780	295
1779	281
1778	278
1777	268
1776	253
1775	247
1774	243
1773	226
1772	224
1771	219
1770	206
1769	206
1768	203
1767	192
1766	198
1765	195
1764	188
1763	197
1762	196
1761	194
1760	205
1759	205
1758	204
1757	217
1756	216
1755	217
1754	229
1753	230
1752	229
1751	241
1750	239
1749	239
1748	249
1747	246
1746	245
1745	254
1744	250
1743	249
1742	256
1741	253
1740	247
1739	254
1738	250
1737	245
1736	250
1735	244
1734	239
1733	244
1732	236
1731	231
1730	235
1729	226
1728	221
1727	224
1726	214
1725	209
1724	212
1723	200
1722	199
1721	200
1720	188
1719	188
1718	189
1717	178
1716	181
1715	182
1714	172
1713	177
1712	179
1711	171
1710	178
1709	182
1708	177
1707	187
1706	191
1705	188
1704	200
1703	206
1702	204
1701	218
1700	223
1699	222
1698	236
1697	242
1696	241
1695	255
1694	259
1693	260
1692	268
1691	280
1690	282
1689	283
1688	291
1687	300
1686	301
1685	302
1684	310
1683	317
1682	317
1681	319
1680	325
1679	331
1678	329
1677	331
1676	337
1675	340
1674	338
1673	340
1672	346
1671	346
1670	344
1669	346
1668	350
1667	349
1666	346
1665	349
1664	351
1663	349
1662	346
1661	348
1660	349
1659	345
1658	343
1657	345
1656	344
1655	338
1654	337
1653	338
1652	336
1651	329
1650	328
1649	329
1648	324
1647	317
1646	318
1645	317
1644	309
1643	304
1642	305
1641	302
1640	293
1639	289
1638	291
1637	285
1636	276
1635	274
1634	275
1633	267
1632	258
1631	258
1630	258
1629	249
1628	242
1627	245
1626	235
1625	230
1624	233
1623	221
1622	219
1621	220
1620	209
1619	207
1618	208
1617	196
1616	197
1615	196
1614	184
1613	187
1612	185
1611	174
1610	178
1609	174
1608	164
1607	170
1606	165
1605	157
1604	164
1603	157
1602	152
1601	159
1600	152
1599	150
1598	158
1597	150
1596	150
1595	158
1594	150
1593	153
1592	161
1591	155
1590	159
1589	167
1588	160
1587	167
1586	175
1585	171
1584	178
1583	186
1582	181
1581	188
1580	196
1579	191
1578	200
1577	207
1576	203
1575	212
1574	218
1573	213
1572	221
1571	227
1570	222
1569	230
1568	235
1567	229
1566	238
1565	241
1564	235
1563	243
1562	245
1561	239
1560	247
1559	247
1558	240
1557	248
1556	245
1555	239
1554	246
1553	242
1552	236
1551	242
1550	237
1549	229
1548	235
1547	228
1546	222
1545	226
1544	217
1543	212
1542	216
1541	206
1540	202
1539	205
1538	194
1537	192
1536	195
1535	185
1534	186
1533	190
1532	181
1531	187
1530	192
1529	187
1528	196
1527	205
1526	203
1525	217
1524	226
1523	229
1522	244
1521	257
1520	261
1519	274
1518	289
1517	301
1516	306
1515	319
1514	333
1513	345
1512	351
1511	364
1510	376
1509	387
1508	393
1507	405
1506	415
1505	425
1504	431
1503	441
1502	450
1501	458
1500	463
1499	473
1498	480
1497	488
1496	493
1495	501
1494	507
1493	514
1492	518
1491	526
1490	530
1489	535
1488	539
1487	545
1486	549
1485	553
1484	557
1483	561
1482	565
1481	568
1480	571
1479	575
1478	577
1477	580
1476	582
1475	585
1474	586
1473	588
1472	590
1471	592
1470	592
1469	594
1468	595
1467	596
1466	596
1465	596
1464	596
1463	596
1462	596
1461	595
1460	595
1459	594
1458	593
1457	592
1456	591
1455	589
1454	587
1453	585
1452	583
1451	581
1450	578
1449	576
1448	573
1447	569
1446	566
1445	563
1444	559
1443	555
1442	551
1441	546
1440	541
1439	536
1438	531
1437	526
1436	520
1435	513
1434	507
1433	501
1432	493
1431	485
1430	479
1429	471
1428	462
1427	453
1426	446
1425	436
1424	425
1423	417
1422	410
1421	398
1420	386
1419	378
1418	371
1417	358
1416	346
1415	340
1414	332
1413	318
1412	310
1411	307
1410	300
1409	289
1408	289
1407	292
1406	289
1405	285
1404	291
1403	297
1402	296
1401	298
1400	307
1399	315
1398	315
1397	319
1396	328
1395	335
1394	335
1393	340
1392	348
1391	353
1390	353
1389	358
1388	364
1387	366
1386	365
1385	370
1384	374
1383	374
1382	373
1381	376
1380	378
1379	376
1378	374
1377	376
1376	376
1375	372
1374	370
1373	371
1372	368
1371	362
1370	360
1369	359
1368	353
1367	346
1366	344
1365	341
1364	332
1363	325
1362	324
1361	317
1360	306
1359	300
1358	300
1357	291
1356	282
1355	280
1354	281
1353	275
1352	270
1351	276
1350	280
1349	280
1348	282
1347	295
1346	304
1345	310
1344	318
1343	334
1342	344
1341	354
1340	363
1339	378
1338	388
1337	399
1336	409
1335	422
1334	429
1333	439
1332	447
1331	458
1330	465
1329	474
1328	482
1327	490
1326	496
1325	503
1324	509
1323	517
1322	522
1321	529
1320	535
1319	541
1318	545
1317	551
1316	555
1315	561
1314	564
1313	569
1312	573
1311	577
1310	580
1309	584
1308	587
1307	590
1306	592
1305	596
1304	598
1303	600
1302	602
1301	604
1300	605
1299	607
1298	608
1297	609
1296	610
1295	610
1294	610
1293	611
1292	611
1291	610
1290	610
1289	610
1288	609
1287	607
1286	607
1285	605
1284	604
1283	602
1282	600
1281	598
1280	595
1279	593
1278	591
1277	588
1276	585
1275	581
1274	579
1273	574
1272	570
1271	566
1270	562
1269	557
1268	553
1267	548
1266	543
1265	536
1264	531
1263	525
1262	520
1261	511
1260	505
1259	497
1258	490
1257	479
1256	472
1255	464
1254	456
1253	444
1252	437
1251	428
1250	417
1249	404
1248	396
1247	386
1246	373
1245	360
1244	352
1243	342
1242	326
1241	313
1240	307
1239	293
1238	278
1237	270
1236	264
1235	249
1234	237
1233	236
1232	225
1231	216
1230	218
1229	208
1228	205
1227	211
1226	203
1225	206
1224	214
1223	209
1222	214
1221	223
1220	220
1219	226
1218	236
1217	234
1216	240
1215	250
1214	246
1213	253
1212	262
1211	260
1210	260
1209	270
1208	273
1207	270
1206	271
1205	278
1204	280
1203	275
1202	276
1201	283
1200	282
1199	276
1198	278
1197	282
1196	278
1195	272
1194	274
1193	276
1192	269
1191	263
1190	265
1189	265
1188	257
1187	251
1186	256
1185	249
1184	239
1183	243
1182	237
1181	229
1180	233
1179	227
1178	220
1177	225
1176	220
1175	215
1174	224
1173	220
1172	220
1171	231
1170	229
1169	233
1168	247
1167	249
1166	254
1165	272
1164	277
1163	283
1162	297
1161	313
1160	320
1159	329
1158	342
1157	357
1156	366
1155	374
1154	386
1153	400
1152	407
1151	416
1150	426
1149	438
1148	444
1147	454
1146	463
1145	473
1144	480
1143	488
1142	496
1141	504
1140	509
1139	517
1138	524
1137	531
1136	536
1135	543
1134	548
1133	554
1132	558
1131	564
1130	568
1129	574
1128	578
1127	583
1126	586
1125	590
1124	594
1123	598
1122	601
1121	604
1120	607
1119	611
1118	613
1117	615
1116	617
1115	620
1114	621
1113	623
1112	625
1111	626
1110	627
1109	628
1108	629
1107	630
1106	630
1105	630
1104	630
1103	630
1102	630
1101	629
1100	629
1099	628
1098	627
1097	625
1096	624
1095	621
1094	619
1093	617
1092	615
1091	612
1090	609
1089	605
1088	603
1087	600
1086	596
1085	591
1084	587
1083	581
1082	576
1081	571
1080	566
1079	559
1078	554
1077	547
1076	541
1075	533
1074	527
1073	518
1072	511
1071	502
1070	493
1069	485
1068	477
1067	464
1066	456
1065	445
1064	435
1063	423
1062	416
1061	406
1060	396
1059	385
1058	380
1057	372
1056	362
1055	355
1054	353
1053	348
1052	341
1051	340
1050	343
1049	343
1048	341
1047	347
1046	353
1045	357
1044	359
1043	368
1042	376
1041	380
1040	385
1039	394
1038	402
1037	407
1036	412
1035	420
1034	427
1033	431
1032	437
1031	444
1030	449
1029	453
1028	458
1027	463
1026	467
1025	470
1024	472
1023	477
1022	478
1021	480
1020	482
1019	484
1018	484
1017	483
1016	483
1015	482
1014	479
1013	477
1012	475
1011	472
1010	467
1009	462
1008	458
1007	452
1006	446
1005	440
1004	436
1003	428
1002	421
1001	416
1000	411
999	403
998	398
997	395
996	388
995	387
994	384
993	381
992	385
991	384
990	389
989	396
988	399
987	411
986	418
985	429
984	440
983	450
982	462
981	475
980	484
979	499
978	509
977	523
976	534
975	545
974	555
973	567
972	575
971	587
970	596
969	607
968	616
967	625
966	633
965	642
964	649
963	657
962	664
961	673
960	678
959	685
958	690
957	697
956	702
955	708
954	712
953	718
952	722
951	727
950	730
949	735
948	738
947	741
946	744
945	748
944	750
943	752
942	754
941	757
940	758
939	760
938	761
937	763
936	763
935	764
934	765
933	765
932	766
931	766
930	766
929	766
928	765
927	765
926	764
925	763
924	762
923	761
922	759
921	758
920	756
919	754
918	752
917	749
916	747
915	744
914	742
913	738
912	734
911	730
910	727
909	722
908	719
907	714
906	710
905	704
904	699
903	693
902	688
901	681
900	675
899	668
898	661
897	653
896	646
895	637
894	630
893	621
892	613
891	603
890	594
889	582
888	573
887	561
886	551
885	538
884	528
883	515
882	503
881	489
880	478
879	463
878	455
877	439
876	429
875	419
874	407
873	398
872	390
871	383
870	381
869	375
868	377
867	377
866	377
865	384
864	385
863	392
862	399
861	404
860	412
859	418
858	424
857	433
856	437
855	444
854	449
853	453
852	458
851	462
850	465
849	469
848	469
847	472
846	473
845	474
844	475
843	473
842	473
841	472
840	469
839	468
838	465
837	462
836	459
835	453
834	451
833	444
832	439
831	434
830	428
829	423
828	417
827	410
826	406
825	397
824	393
823	387
822	380
821	378
820	370
819	368
818	366
817	360
816	363
815	362
814	363
813	369
812	370
811	379
810	386
809	393
808	405
807	414
806	425
805	437
804	444
803	458
802	467
801	479
800	489
799	499
798	510
797	520
796	528
795	540
794	547
793	557
792	565
791	573
790	581
789	590
788	596
787	603
786	609
785	616
784	621
783	627
782	632
781	638
780	642
779	648
778	652
777	656
776	660
775	664
774	668
773	671
772	675
771	678
770	680
769	683
768	686
767	689
766	691
765	693
764	694
763	696
762	697
761	700
760	701
759	701
758	703
757	703
756	704
755	705
754	705
753	705
752	705
751	705
750	705
749	704
748	703
747	702
746	701
745	700
744	698
743	697
742	696
741	693
740	692
739	689
738	687
737	685
736	682
735	679
734	677
733	673
732	670
731	666
730	663
729	659
728	655
727	651
726	646
725	642
724	637
723	631
722	627
721	620
720	615
719	609
718	603
717	595
716	588
715	581
714	574
713	565
712	558
711	548
710	541
709	530
708	522
707	512
706	503
705	489
704	481
703	470
702	461
701	451
700	442
699	433
698	423
697	415
696	408
695	400
694	399
693	393
692	392
691	393
690	391
689	397
688	398
687	404
686	410
685	415
684	423
683	430
682	435
681	445
680	450
679	458
678	465
677	471
676	477
675	483
674	488
673	495
672	497
671	503
670	507
669	510
668	513
667	516
666	517
665	520
664	520
663	521
662	522
661	522
660	522
659	520
658	520
657	518
656	516
655	515
654	511
653	509
652	506
651	502
650	500
649	495
648	491
647	488
646	483
645	481
644	476
643	472
642	470
641	464
640	462
639	457
638	453
637	452
636	447
635	445
634	443
633	439
632	439
631	437
630	436
629	438
628	438
627	443
626	447
625	454
624	464
623	472
622	484
621	497
620	509
619	523
618	536
617	551
616	564
615	579
614	591
613	604
612	616
611	628
610	638
609	651
608	662
607	674
606	685
605	696
604	704
603	716
602	724
601	732
600	742
599	748
598	756
597	764
596	769
595	778
594	783
593	788
592	792
591	797
590	800
589	804
588	807
587	810
586	813
585	816
584	818
583	821
582	823
581	825
580	826
579	828
578	829
577	831
576	832
575	833
574	834
573	834
572	835
571	835
570	835
569	835
568	835
567	834
566	834
565	833
564	832
563	831
562	829
561	827
560	825
559	823
558	821
557	818
556	816
555	813
554	810
553	806
552	803
551	799
550	795
549	790
548	786
547	781
546	777
545	771
544	765
543	759
542	754
541	747
540	741
539	734
538	727
537	717
536	710
535	701
534	693
533	684
532	676
531	665
530	656
529	644
528	634
527	622
526	612
525	599
524	589
523	576
522	567
521	553
520	545
519	534
518	526
517	517
516	509
515	504
514	499
513	498
512	498
511	499
510	503
509	508
508	512
507	521
506	527
505	536
504	543
503	551
502	559
501	567
500	574
499	582
498	588
497	595
496	600
495	607
494	611
493	616
492	619
491	624
490	626
489	630
488	631
487	634
486	635
485	636
484	637
483	637
482	637
481	636
480	634
479	633
478	631
477	629
476	626
475	622
474	619
473	614
472	610
471	605
470	600
469	594
468	589
467	581
466	576
465	569
464	562
463	556
462	550
461	544
460	540
459	536
458	536
457	536
456	539
455	544
454	548
453	558
452	567
451	578
450	590
449	603
448	615
447	626
446	637
445	652
444	662
443	674
442	684
441	695
440	704
439	713
438	721
437	729
436	736
435	742
434	749
433	755
432	760
431	766
430	770
429	776
428	781
427	786
426	789
425	793
424	797
423	800
422	804
421	809
420	812
419	816
418	819
417	824
416	827
415	831
414	834
413	838
412	841
411	845
410	848
409	851
408	854
407	857
406	859
405	862
404	864
403	867
402	869
401	871
400	873
399	875
398	877
397	879
396	880
395	882
394	883
393	885
392	886
391	887
390	888
389	890
388	890
387	892
386	893
385	893
384	894
383	895
382	895
381	896
380	896
379	896
378	896
377	895
376	895
375	894
374	893
373	892
372	891
371	890
370	889
369	887
368	885
367	883
366	881
365	878
364	876
363	873
362	871
361	867
360	864
359	860
358	856
357	852
356	848
355	843
354	838
353	833
352	828
351	822
350	817
349	810
348	805
347	798
346	791
345	782
344	775
343	767
342	759
341	749
340	741
339	731
338	721
337	709
336	700
335	688
334	678
333	664
332	653
331	639
330	627
329	613
328	602
327	589
326	578
325	567
324	558
323	550
322	544
321	539
320	537
319	536
318	539
317	542
316	546
315	553
314	559
313	568
312	574
311	583
310	591
309	599
308	606
307	615
306	621
305	629
304	634
303	640
302	645
301	650
300	654
299	658
298	661
297	665
296	667
295	669
294	670
293	672
292	673
291	673
290	672
289	672
288	670
287	669
286	667
285	664
284	662
283	657
282	655
281	649
280	646
279	640
278	635
277	629
276	623
275	617
274	611
273	603
272	598
271	592
270	587
269	582
268	579
267	576
266	576
265	577
264	581
263	586
262	592
261	603
260	611
259	624
258	635
257	650
256	662
255	675
254	687
253	700
252	710
251	720
250	729
249	740
248	749
247	758
246	768
245	780
244	789
243	799
242	808
241	818
240	827
239	835
238	843
237	851
236	858
235	864
234	871
233	877
232	883
231	888
230	893
229	899
228	903
227	907
226	912
225	916
224	919
223	923
222	926
221	929
220	932
219	934
218	936
217	939
216	940
215	942
214	943
213	944
212	945
211	945
210	945
209	945
208	945
207	945
206	945
205	944
204	943
203	941
202	940
201	938
200	936
199	933
198	931
197	928
196	925
195	921
194	918
193	913
192	910
191	905
190	901
189	895
188	891
187	885
186	880
185	874
184	868
183	862
182	855
181	847
180	841
179	833
178	826
177	818
176	811
175	803
174	795
173	785
172	778
171	767
170	756
169	746
168	735
167	724
166	713
165	700
164	688
163	676
162	663
161	649
160	638
159	628
158	620
157	613
156	609
155	607
154	607
153	609
152	611
151	615
150	621
149	627
148	632
147	639
146	645
145	653
144	659
143	666
142	671
141	678
140	683
139	689
138	693
137	698
136	703
135	707
134	710
133	714
132	716
131	718
130	719
129	721
128	722
127	723
126	723
125	723
124	722
123	721
122	720
121	718
120	716
119	713
118	711
117	706
116	703
115	698
114	694
113	689
112	684
111	678
110	672
109	666
108	661
107	654
106	649
105	642
104	638
103	634
102	631
101	629
100	629
99	630
98	632
97	637
96	643
95	651
94	659
93	669
92	678
91	691
90	702
89	715
88	726
87	739
86	749
85	763
84	772
83	784
82	794
81	806
80	815
79	825
78	833
77	843
76	851
75	859
74	867
73	875
72	881
71	889
70	894
69	901
68	906
67	912
66	917
65	923
64	928
63	933
62	937
61	941
60	945
59	949
58	952
57	956
56	959
55	962
54	965
53	967
52	969
51	971
50	973
49	975
48	976
47	977
46	978
45	979
44	980
43	980
42	980
41	981
40	981
39	981
38	981
37	981
36	981
35	981
34	981
33	981
32	981
31	981
30	980
29	980
28	980
27	980
26	980
25	979
24	979
23	979
22	978
21	978
20	978
19	977
18	977
17	976
16	976
15	975
14	975
13	974
12	973
11	973
10	972
9	971
8	970
7	969
6	968
5	967
4	966
3	964
2	962
1	959
0	956
-1	953
-2	949
-3	945
-4	941
-5	936
-6	932
-7	926
-8	921
-9	915
-10	910
-11	903
-12	897
-13	890
-14	884
-15	875
-16	869
-17	861
-18	854
-19	845
-20	837
-21	828
-22	819
-23	809
-24	801
-25	790
-26	781
-27	769
-28	759
-29	748
-30	738
-31	726
-32	716
-33	704
-34	694
-35	683
-36	673
-37	663
-38	654
-39	645
-40	639
-41	633
-42	629
-43	627
-44	625
-45	627
-46	628
-47	632
-48	635
-49	640
-50	645
-51	652
-52	656
-53	662
-54	667
-55	674
-56	679
-57	684
-58	688
-59	693
-60	696
-61	700
-62	703
-63	706
-64	708
-65	710
-66	712
-67	712
-68	713
-69	712
-70	712
-71	711
-72	710
-73	708
-74	706
-75	703
-76	701
-77	696
-78	693
-79	688
-80	683
-81	677
-82	673
-83	666
-84	660
-85	654
-86	648
-87	641
-88	635
-89	628
-90	623
-91	618
-92	614
-93	611
-94	610
-95	611
-96	612
-97	617
-98	621
-99	628
-100	635
-101	646
-102	656
-103	668
-104	677
-105	689
-106	700
-107	713
-108	722
-109	734
-110	744
-111	756
-112	764
-113	775
-114	784
-115	794
-116	803
-117	812
-118	819
-119	829
-120	836
-121	844
-122	850
-123	857
-124	863
-125	869
-126	874
-127	881
-128	885
-129	890
-130	894
-131	899
-132	903
-133	907
-134	910
-135	914
-136	917
-137	920
-138	923
-139	926
-140	928
-141	930
-142	932
-143	933
-144	935
-145	937
-146	937
-147	938
-148	939
-149	940
-150	940
-151	940
-152	940
-153	941
-154	940
-155	940
-156	940
-157	939
-158	938
-159	937
-160	936
-161	935
-162	933
-163	931
-164	929
-165	927
-166	925
-167	922
-168	919
-169	916
-170	913
-171	909
-172	905
-173	900
-174	896
-175	891
-176	886
-177	880
-178	875
-179	868
-180	862
-181	855
-182	847
-183	839
-184	831
-185	821
-186	814
-187	803
-188	794
-189	783
-190	772
-191	760
-192	749
-193	736
-194	724
-195	711
-196	698
-197	684
-198	672
-199	656
-200	644
-201	630
-202	620
-203	608
-204	599
-205	590
-206	585
-207	581
-208	579
-209	579
-210	580
-211	582
-212	585
-213	590
-214	594
-215	599
-216	604
-217	609
-218	613
-219	619
-220	623
-221	627
-222	631
-223	635
-224	637
-225	641
-226	643
-227	647
-228	648
-229	651
-230	652
-231	653
-232	655
-233	655
-234	656
-235	656
-236	656
-237	655
-238	654
-239	652
-240	650
-241	647
-242	644
-243	640
-244	636
-245	631
-246	626
-247	619
-248	614
-249	609
-250	601
-251	594
-252	588
-253	579
-254	574
-255	567
-256	561
-257	556
-258	551
-259	547
-260	547
-261	546
-262	547
-263	551
-264	556
-265	562
-266	570
-267	581
-268	589
-269	600
-270	611
-271	624
-272	634
-273	646
-274	656
-275	669
-276	679
-277	689
-278	699
-279	711
-280	719
-281	730
-282	738
-283	747
-284	754
-285	764
-286	771
-287	779
-288	785
-289	793
-290	798
-291	805
-292	810
-293	817
-294	822
-295	827
-296	832
-297	837
-298	841
-299	846
-300	849
-301	853
-302	856
-303	860
-304	863
-305	867
-306	869
-307	872
-308	874
-309	876
-310	878
-311	880
-312	881
-313	883
-314	884
-315	885
-316	886
-317	887
-318	887
-319	888
-320	888
-321	888
-322	888
-323	887
-324	887
-325	886
-326	885
-327	884
-328	883
-329	882
-330	881
-331	878
-332	877
-333	875
-334	872
-335	869
-336	867
-337	863
-338	860
-339	857
-340	853
-341	849
-342	845
-343	839
-344	835
-345	829
-346	825
-347	819
-348	814
-349	809
-350	804
-351	799
-352	795
-353	790
-354	787
-355	783
-356	780
-357	777
-358	774
-359	771
-360	768
-361	765
-362	763
-363	761
-364	759
-365	757
-366	756
-367	754
-368	752
-369	752
-370	750
-371	749
-372	747
-373	746
-374	746
-375	744
-376	742
-377	741
-378	740
-379	739
-380	737
-381	734
-382	732
-383	730
-384	728
-385	723
-386	717
-387	708
-388	700
-389	688
-390	677
-391	664
-392	652
-393	638
-394	625
-395	611
-396	599
-397	586
-398	576
-399	565
-400	558
-401	552
-402	547
-403	544
-404	544
-405	544
-406	546
-407	551
-408	555
-409	560
-410	565
-411	571
-412	575
-413	582
-414	587
-415	592
-416	596
-417	601
-418	605
-419	609
-420	612
-421	615
-422	618
-423	621
-424	622
-425	624
-426	625
-427	626
-428	626
-429	627
-430	626
-431	626
-432	625
-433	624
-434	622
-435	620
-436	619
-437	615
-438	613
-439	609
-440	604
-441	599
-442	594
-443	588
-444	582
-445	575
-446	568
-447	559
-448	553
-449	545
-450	538
-451	530
-452	524
-453	516
-454	511
-455	506
-456	502
-457	501
-458	501
-459	503
-460	506
-461	513
-462	519
-463	530
-464	538
-465	549
-466	559
-467	573
-468	583
-469	595
-470	606
-471	620
-472	631
-473	642
-474	652
-475	664
-476	672
-477	684
-478	692
-479	702
-480	710
-481	719
-482	726
-483	734
-484	740
-485	747
-486	753
-487	760
-488	765
-489	772
-490	776
-491	782
-492	785
-493	790
-494	794
-495	798
-496	801
-497	805
-498	808
-499	811
-500	813
-501	816
-502	817
-503	820
-504	821
-505	823
-506	824
-507	825
-508	826
-509	827
-510	828
-511	828
-512	828
-513	828
-514	828
-515	828
-516	827
-517	826
-518	826
-519	824
-520	823
-521	821
-522	820
-523	818
-524	816
-525	813
-526	811
-527	808
-528	805
-529	802
-530	799
-531	795
-532	791
-533	787
-534	783
-535	777
-536	773
-537	768
-538	763
-539	755
-540	750
-541	744
-542	737
-543	729
-544	722
-545	714
-546	706
-547	697
-548	690
-549	681
-550	673
-551	664
-552	656
-553	648
-554	638
-555	628
-556	618
-557	606
-558	594
-559	580
-560	568
-561	555
-562	544
-563	530
-564	518
-565	507
-566	494
-567	483
-568	474
-569	464
-570	457
-571	452
-572	447
-573	445
-574	445
-575	445
-576	447
-577	452
-578	456
-579	460
-580	465
-581	471
-582	474
-583	480
-584	485
-585	489
-586	493
-587	497
-588	499
-589	501
-590	504
-591	505
-592	506
-593	507
-594	507
-595	506
-596	506
-597	503
-598	500
-599	499
-600	496
-601	491
-602	489
-603	483
-604	478
-605	473
-606	467
-607	459
-608	454
-609	447
-610	439
-611	432
-612	427
-613	419
-614	412
-615	408
-616	401
-617	395
-618	394
-619	387
-620	383
-621	384
-622	381
-623	379
-624	383
-625	385
-626	385
-627	392
-628	397
-629	400
-630	409
-631	418
-632	423
-633	433
-634	443
-635	452
-636	460
-637	472
-638	479
-639	491
-640	500
-641	509
-642	517
-643	528
-644	536
-645	544
-646	553
-647	562
-648	568
-649	576
-650	583
-651	590
-652	596
-653	603
-654	609
-655	616
-656	621
-657	626
-658	631
-659	637
-660	641
-661	646
-662	650
-663	655
-664	658
-665	663
-666	666
-667	669
-668	673
-669	676
-670	678
-671	681
-672	684
-673	686
-674	688
-675	690
-676	691
-677	693
-678	694
-679	695
-680	696
-681	697
-682	697
-683	698
-684	698
-685	698
-686	698
-687	698
-688	697
-689	697
-690	696
-691	695
-692	694
-693	693
-694	691
-695	689
-696	688
-697	685
-698	683
-699	681
-700	678
-701	675
-702	672
-703	669
-704	664
-705	661
-706	657
-707	653
-708	648
-709	644
-710	638
-711	633
-712	629
-713	622
-714	616
-715	610
-716	604
-717	596
-718	590
-719	582
-720	573
-721	566
-722	559
-723	549
-724	542
-725	532
-726	523
-727	513
-728	502
-729	491
-730	483
-731	471
-732	462
-733	450
-734	440
-735	429
-736	417
-737	410
-738	403
-739	391
-740	387
-741	384
-742	375
-743	376
-744	377
-745	375
-746	379
-747	385
-748	386
-749	390
-750	397
-751	397
-752	399
-753	405
-754	406
-755	407
-756	412
-757	413
-758	412
-759	417
-760	418
-761	417
-762	420
-763	422
-764	421
-765	423
-766	424
-767	423
-768	425
-769	428
-770	427
-771	429
-772	433
-773	434
-774	436
-775	441
-776	443
-777	445
-778	451
-779	455
-780	457
-781	463
-782	467
-783	470
-784	475
-785	479
-786	481
-787	485
-788	488
-789	490
-790	491
-791	493
-792	493
-793	493
-794	493
-795	493
-796	490
-797	489
-798	486
-799	482
-800	480
-801	475
-802	470
-803	466
-804	461
-805	453
-806	449
-807	442
-808	435
-809	430
-810	424
-811	416
-812	411
-813	407
-814	400
-815	398
-816	398
-817	393
-818	393
-819	397
-820	397
-821	401
-822	407
-823	413
-824	419
-825	429
-826	436
-827	446
-828	456
-829	468
-830	477
-831	491
-832	502
-833	514
-834	526
-835	540
-836	550
-837	563
-838	573
-839	586
-840	595
-841	606
-842	615
-843	626
-844	634
-845	644
-846	651
-847	660
-848	667
-849	675
-850	681
-851	688
-852	693
-853	700
-854	705
-855	711
-856	715
-857	720
-858	724
-859	729
-860	732
-861	736
-862	739
-863	742
-864	745
-865	747
-866	749
-867	752
-868	753
-869	755
-870	756
-871	757
-872	759
-873	759
-874	760
-875	760
-876	761
-877	761
-878	760
-879	760
-880	759
-881	758
-882	757
-883	756
-884	755
-885	753
-886	752
-887	749
-888	747
-889	745
-890	742
-891	740
-892	737
-893	733
-894	730
-895	726
-896	722
-897	717
-898	714
-899	708
-900	704
-901	699
-902	693
-903	687
-904	682
-905	675
-906	669
-907	662
-908	656
-909	647
-910	640
-911	631
-912	624
-913	614
-914	606
-915	595
-916	587
-917	576
-918	567
-919	553
-920	545
-921	531
-922	521
-923	508
-924	495
-925	482
-926	473
-927	457
-928	445
-929	434
-930	423
-931	409
-932	403
-933	392
-934	381
-935	377
-936	372
-937	367
-938	369
-939	369
-940	368
-941	374
-942	379
-943	381
-944	388
-945	395
-946	398
-947	405
-948	411
-949	414
-950	419
-951	425
-952	427
-953	429
-954	435
-955	437
-956	438
-957	442
-958	444
-959	444
-960	447
-961	448
-962	446
-963	446
-964	446
-965	443
-966	441
-967	439
-968	434
-969	430
-970	428
-971	421
-972	416
-973	412
-974	404
-975	396
-976	392
-977	385
-978	375
-979	372
-980	365
-981	355
-982	353
-983	350
-984	343
-985	344
-986	346
-987	343
-988	348
-989	357
-990	360
-991	369
-992	381
-993	390
-994	399
-995	413
-996	421
-997	432
-998	444
-999	455
-1000	463
-1001	475
-1002	485
-1003	495
-1004	502
-1005	511
-1006	520
-1007	529
-1008	536
-1009	543
-1010	549
-1011	556
-1012	560
-1013	567
-1014	571
-1015	575
-1016	579
-1017	584
-1018	587
-1019	591
-1020	593
-1021	596
-1022	599
-1023	602
-1024	604
-1025	607
-1026	609
-1027	611
-1028	612
-1029	614
-1030	615
-1031	616
-1032	617
-1033	619
-1034	619
-1035	620
-1036	620
-1037	621
-1038	620
-1039	621
-1040	620
-1041	620
-1042	619
-1043	619
-1044	618
-1045	617
-1046	616
-1047	614
-1048	613
-1049	611
-1050	610
-1051	607
-1052	606
-1053	604
-1054	602
-1055	599
-1056	596
-1057	593
-1058	590
-1059	588
-1060	584
-1061	580
-1062	577
-1063	573
-1064	569
-1065	565
-1066	561
-1067	556
-1068	552
-1069	547
-1070	543
-1071	537
-1072	531
-1073	525
-1074	521
-1075	514
-1076	508
-1077	500
-1078	495
-1079	487
-1080	482
-1081	475
-1082	467
-1083	459
-1084	452
-1085	444
-1086	435
-1087	426
-1088	417
-1089	410
-1090	402
-1091	392
-1092	382
-1093	371
-1094	364
-1095	356
-1096	347
-1097	332
-1098	323
-1099	316
-1100	311
-1101	301
-1102	289
-1103	279
-1104	275
-1105	272
-1106	267
-1107	257
-1108	251
-1109	253
-1110	255
-1111	248
-1112	247
-1113	256
-1114	258
-1115	256
-1116	256
-1117	262
-1118	270
-1119	277
-1120	278
-1121	279
-1122	284
-1123	293
-1124	300
-1125	302
-1126	303
-1127	306
-1128	313
-1129	320
-1130	323
-1131	323
-1132	323
-1133	328
-1134	333
-1135	336
-1136	334
-1137	332
-1138	336
-1139	339
-1140	340
-1141	338
-1142	334
-1143	335
-1144	336
-1145	336
-1146	332
-1147	327
-1148	326
-1149	328
-1150	328
-1151	323
-1152	319
-1153	318
-1154	320
-1155	321
-1156	317
-1157	312
-1158	311
-1159	313
-1160	314
-1161	311
-1162	305
-1163	303
-1164	305
-1165	307
-1166	305
-1167	299
-1168	296
-1169	298
-1170	300
-1171	297
-1172	291
-1173	287
-1174	288
-1175	289
-1176	287
-1177	280
-1178	274
-1179	272
-1180	276
-1181	276
-1182	271
-1183	268
-1184	270
-1185	278
-1186	283
-1187	285
-1188	287
-1189	296
-1190	308
-1191	320
-1192	330
-1193	338
-1194	348
-1195	361
-1196	375
-1197	387
-1198	396
-1199	406
-1200	418
-1201	430
-1202	440
-1203	450
-1204	457
-1205	467
-1206	476
-1207	487
-1208	493
-1209	501
-1210	507
-1211	516
-1212	522
-1213	531
-1214	536
-1215	543
-1216	548
-1217	554
-1218	558
-1219	564
-1220	568
-1221	573
-1222	577
-1223	582
-1224	585
-1225	588
-1226	592
-1227	596
-1228	599
-1229	602
-1230	605
-1231	608
-1232	611
-1233	614
-1234	616
-1235	617
-1236	620
-1237	621
-1238	623
-1239	624
-1240	625
-1241	626
-1242	627
-1243	627
-1244	627
-1245	627
-1246	626
-1247	625
-1248	625
-1249	623
-1250	622
-1251	620
-1252	619
-1253	617
-1254	615
-1255	611
-1256	609
-1257	605
-1258	603
-1259	598
-1260	595
-1261	591
-1262	586
-1263	581
-1264	577
-1265	571
-1266	566
-1267	559
-1268	555
-1269	548
-1270	542
-1271	534
-1272	527
-1273	518
-1274	512
-1275	503
-1276	496
-1277	485
-1278	478
-1279	467
-1280	459
-1281	448
-1282	437
-1283	425
-1284	417
-1285	407
-1286	397
-1287	383
-1288	373
-1289	364
-1290	356
-1291	345
-1292	334
-1293	325
-1294	322
-1295	317
-1296	311
-1297	304
-1298	301
-1299	305
-1300	307
-1301	308
-1302	306
-1303	309
-1304	317
-1305	324
-1306	328
-1307	330
-1308	333
-1309	342
-1310	349
-1311	355
-1312	356
-1313	360
-1314	365
-1315	372
-1316	375
-1317	377
-1318	378
-1319	382
-1320	386
-1321	388
-1322	387
-1323	387
-1324	388
-1325	390
-1326	391
-1327	388
-1328	385
-1329	385
-1330	384
-1331	383
-1332	378
-1333	373
-1334	370
-1335	367
-1336	364
-1337	357
-1338	349
-1339	344
-1340	342
-1341	337
-1342	329
-1343	318
-1344	315
-1345	314
-1346	311
-1347	304
-1348	298
-1349	297
-1350	301
-1351	303
-1352	301
-1353	301
-1354	304
-1355	313
-1356	321
-1357	328
-1358	332
-1359	342
-1360	354
-1361	367
-1362	377
-1363	389
-1364	398
-1365	411
-1366	423
-1367	434
-1368	443
-1369	452
-1370	463
-1371	475
-1372	484
-1373	493
-1374	499
-1375	508
-1376	517
-1377	524
-1378	531
-1379	538
-1380	544
-1381	551
-1382	556
-1383	561
-1384	565
-1385	570
-1386	575
-1387	579
-1388	582
-1389	585
-1390	588
-1391	591
-1392	593
-1393	595
-1394	596
-1395	598
-1396	599
-1397	600
-1398	600
-1399	600
-1400	600
-1401	600
-1402	600
-1403	600
-1404	599
-1405	597
-1406	596
-1407	594
-1408	593
-1409	590
-1410	588
-1411	585
-1412	583
-1413	580
-1414	577
-1415	573
-1416	570
-1417	567
-1418	565
-1419	561
-1420	557
-1421	554
-1422	550
-1423	546
-1424	543
-1425	538
-1426	534
-1427	529
-1428	525
-1429	520
-1430	515
-1431	509
-1432	503
-1433	499
-1434	493
-1435	487
-1436	481
-1437	474
-1438	468
-1439	461
-1440	454
-1441	444
-1442	438
-1443	431
-1444	426
-1445	417
-1446	407
-1447	399
-1448	393
-1449	385
-1450	376
-1451	364
-1452	356
-1453	351
-1454	344
-1455	331
-1456	321
-1457	313
-1458	309
-1459	301
-1460	289
-1461	276
-1462	270
-1463	266
-1464	260
-1465	247
-1466	236
-1467	234
-1468	229
-1469	214
-1470	209
-1471	210
-1472	200
-1473	189
-1474	191
-1475	190
-1476	180
-1477	176
-1478	181
-1479	179
-1480	170
-1481	171
-1482	177
-1483	172
-1484	167
-1485	174
-1486	177
-1487	169
-1488	169
-1489	177
-1490	175
-1491	169
-1492	173
-1493	179
-1494	173
-1495	169
-1496	175
-1497	177
-1498	169
-1499	170
-1500	177
-1501	173
-1502	165
-1503	169
-1504	173
-1505	166
-1506	161
-1507	167
-1508	168
-1509	158
-1510	157
-1511	163
-1512	159
-1513	150
-1514	153
-1515	156
-1516	150
-1517	145
-1518	151
-1519	152
-1520	143
-1521	142
-1522	149
-1523	147
-1524	139
-1525	144
-1526	149
-1527	143
-1528	141
-1529	149
-1530	151
-1531	145
-1532	148
-1533	157
-1534	155
-1535	152
-1536	161
-1537	169
-1538	165
-1539	166
-1540	177
-1541	182
-1542	179
-1543	185
-1544	196
-1545	199
-1546	196
-1547	205
-1548	215
-1549	213
-1550	212
-1551	222
-1552	227
-1553	222
-1554	223
-1555	233
-1556	233
-1557	229
-1558	235
-1559	242
-1560	240
-1561	236
-1562	245
-1563	250
-1564	245
-1565	246
-1566	253
-1567	255
-1568	250
-1569	255
-1570	262
-1571	263
-1572	260
-1573	262
-1574	268
-1575	276
-1576	278
-1577	278
-1578	278
-1579	286
-1580	294
-1581	299
-1582	299
-1583	301
-1584	307
-1585	315
-1586	321
-1587	323
-1588	324
-1589	329
-1590	335
-1591	342
-1592	344
-1593	344
-1594	347
-1595	353
-1596	359
-1597	361
-1598	360
-1599	361
-1600	365
-1601	369
-1602	371
-1603	370
-1604	369
-1605	372
-1606	375
-1607	376
-1608	374
-1609	373
-1610	374
-1611	376
-1612	376
-1613	373
-1614	372
-1615	370
-1616	373
-1617	371
-1618	367
-1619	365
-1620	364
-1621	365
-1622	363
-1623	357
-1624	355
-1625	353
-1626	353
-1627	350
-1628	344
-1629	337
-1630	336
-1631	334
-1632	331
-1633	322
-1634	315
-1635	310
-1636	310
-1637	305
-1638	296
-1639	286
-1640	283
-1641	281
-1642	277
-1643	266
-1644	257
-1645	255
-1646	256
-1647	248
-1648	237
-1649	237
-1650	240
-1651	232
-1652	227
-1653	232
-1654	233
-1655	225
-1656	227
-1657	235
-1658	234
-1659	231
-1660	238
-1661	246
-1662	244
-1663	245
-1664	255
-1665	260
-1666	259
-1667	260
-1668	266
-1669	274
-1670	279
-1671	280
-1672	278
-1673	282
-1674	289
-1675	294
-1676	294
-1677	292
-1678	293
-1679	299
-1680	303
-1681	302
-1682	298
-1683	297
-1684	300
-1685	303
-1686	301
-1687	295
-1688	292
-1689	293
-1690	295
-1691	291
-1692	284
-1693	278
-1694	279
-1695	278
-1696	275
-1697	266
-1698	259
-1699	257
-1700	258
-1701	252
-1702	241
-1703	238
-1704	242
-1705	235
-1706	225
-1707	228
-1708	231
-1709	223
-1710	220
-1711	229
-1712	231
-1713	228
-1714	232
-1715	246
-1716	249
-1717	252
-1718	264
-1719	278
-1720	286
-1721	293
-1722	299
-1723	313
-1724	325
-1725	338
-1726	344
-1727	355
-1728	364
-1729	377
-1730	387
-1731	396
-1732	403
-1733	413
-1734	422
-1735	433
-1736	441
-1737	449
-1738	454
-1739	464
-1740	470
-1741	478
-1742	483
-1743	489
-1744	495
-1745	502
-1746	507
-1747	512
-1748	515
-1749	520
-1750	524
-1751	528
-1752	531
-1753	532
-1754	536
-1755	539
-1756	542
-1757	544
-1758	546
-1759	548
-1760	550
-1761	552
-1762	553
-1763	554
-1764	555
-1765	555
-1766	557
-1767	557
-1768	556
-1769	555
-1770	555
-1771	554
-1772	553
-1773	552
-1774	550
-1775	548
-1776	546
-1777	544
-1778	541
-1779	538
-1780	534
-1781	531
-1782	528
-1783	523
-1784	518
-1785	513
-1786	509
-1787	503
-1788	498
-1789	492
-1790	485
-1791	479
-1792	473
-1793	466
-1794	459
-1795	449
-1796	443
-1797	435
-1798	429
-1799	419
-1800	409
-1801	401
-1802	395
-1803	385
-1804	375
-1805	363
-1806	356
-1807	349
-1808	341
-1809	329
-1810	317
-1811	310
-1812	307
-1813	300
-1814	289
-1815	278
-1816	275
-1817	274
-1818	271
-1819	261
-1820	253
-1821	254
-1822	256
-1823	249
-1824	241
-1825	244
-1826	247
-1827	240
-1828	236
-1829	243
-1830	244
-1831	237
-1832	238
-1833	245
-1834	243
-1835	237
-1836	243
-1837	249
-1838	244
-1839	241
-1840	248
-1841	251
-1842	244
-1843	245
-1844	252
-1845	249
-1846	243
-1847	248
-1848	253
-1849	247
-1850	242
-1851	248
-1852	249
-1853	241
-1854	239
-1855	245
-1856	242
-1857	233
-1858	235
-1859	238
-1860	231
-1861	224
-1862	229
-1863	228
-1864	218
-1865	215
-1866	219
-1867	213
-1868	203
-1869	204
-1870	207
-1871	198
-1872	190
-1873	195
-1874	193
-1875	182
-1876	179
-1877	184
-1878	179
-1879	170
-1880	173
-1881	177
-1882	169
-1883	164
-1884	171
-1885	173
-1886	165
-1887	167
-1888	175
-1889	174
-1890	170
-1891	176
-1892	185
-1893	183
-1894	181
-1895	192
-1896	199
-1897	196
-1898	197
-1899	209
-1900	213
-1901	210
-1902	215
-1903	227
-1904	227
-1905	224
-1906	232
-1907	241
-1908	238
-1909	238
-1910	247
-1911	251
-1912	247
-1913	250
-1914	258
-1915	260
-1916	257
-1917	255
-1918	260
-1919	266
-1920	266
-1921	262
-1922	259
-1923	262
-1924	267
-1925	267
-1926	262
-1927	257
-1928	260
-1929	263
-1930	262
-1931	256
-1932	251
-1933	254
-1934	256
-1935	249
-1936	241
-1937	244
-1938	244
-1939	235
-1940	230
-1941	234
-1942	227
-1943	217
-1944	218
-1945	219
-1946	209
-1947	200
-1948	204
-1949	202
-1950	191
-1951	189
-1952	194
-1953	189
-1954	181
-1955	184
-1956	187
-1957	179
-1958	174
-1959	181
-1960	180
-1961	171
-1962	171
-1963	177
-1964	172
-1965	165
-1966	170
-1967	171
-1968	164
-1969	161
-1970	167
-1971	165
-1972	156
-1973	156
-1974	162
-1975	155
-1976	148
-1977	152
-1978	154
-1979	143
-1980	140
-1981	145
-1982	142
-1983	132
-1984	134
-1985	138
-1986	132
-1987	125
-1988	132
-1989	133
-1990	125
-1991	123
-1992	131
-1993	129
-1994	122
-1995	126
-1996	132
-1997	126
-1998	123
-1999	131
-2000	135
