-2000	227
-1999	244
-1998	251
-1997	256
-1996	253
-1995	247
-1994	251
-1993	255
-1992	249
-1991	244
-1990	250
-1989	250
-1988	241
-1987	241
-1986	247
-1985	244
-1984	237
-1983	242
-1982	248
-1981	243
-1980	240
-1979	247
-1978	248
-1977	243
-1976	244
-1975	251
-1974	248
-1973	238
-1972	240
-1971	242
-1970	232
-1969	226
-1968	229
-1967	227
-1966	216
-1965	215
-1964	218
-1963	211
-1962	203
-1961	206
-1960	206
-1959	194
-1958	192
-1957	196
-1956	191
-1955	180
-1954	181
-1953	184
-1952	175
-1951	167
-1950	171
-1949	169
-1948	159
-1947	156
-1946	161
-1945	156
-1944	146
-1943	149
-1942	152
-1941	143
-1940	138
-1939	145
-1938	144
-1937	135
-1936	137
-1935	143
-1934	138
-1933	132
-1932	140
-1931	144
-1930	137
-1929	136
-1928	144
-1927	144
-1926	138
-1925	142
-1924	150
-1923	144
-1922	141
-1921	148
-1920	151
-1919	144
-1918	145
-1917	153
-1916	152
-1915	145
-1914	150
-1913	156
-1912	151
-1911	147
-1910	155
-1909	159
-1908	152
-1907	153
-1906	161
-1905	161
-1904	155
-1903	159
-1902	168
-1901	165
-1900	161
-1899	170
-1898	175
-1897	169
-1896	169
-1895	180
-1894	183
-1893	177
-1892	180
-1891	189
-1890	187
-1889	182
-1888	190
-1887	196
-1886	191
-1885	188
-1884	196
-1883	198
-1882	191
-1881	192
-1880	200
-1879	198
-1878	191
-1877	194
-1876	199
-1875	192
-1874	187
-1873	194
-1872	195
-1871	187
-1870	185
-1869	192
-1868	190
-1867	180
-1866	182
-1865	188
-1864	182
-1863	176
-1862	181
-1861	185
-1860	175
-1859	173
-1858	181
-1857	180
-1856	172
-1855	175
-1854	182
-1853	179
-1852	174
-1851	182
-1850	187
-1849	182
-1848	182
-1847	191
-1846	195
-1845	190
-1844	195
-1843	206
-1842	205
-1841	203
-1840	211
-1839	219
-1838	216
-1837	216
-1836	225
-1835	230
-1834	226
-1833	229
-1832	237
-1831	238
-1830	231
-1829	237
-1828	244
-1827	240
-1826	236
-1825	242
-1824	245
-1823	237
-1822	235
-1821	241
-1820	239
-1819	230
-1818	230
-1817	234
-1816	225
-1815	217
-1814	221
-1813	220
-1812	210
-1811	204
-1810	207
-1809	202
-1808	189
-1807	190
-1806	192
-1805	181
-1804	173
-1803	176
-1802	174
-1801	163
-1800	161
-1799	166
-1798	161
-1797	153
-1796	156
-1795	162
-1794	155
-1793	152
-1792	160
-1791	163
-1790	157
-1789	158
-1788	168
-1787	167
-1786	161
-1785	168
-1784	176
-1783	172
-1782	169
-1781	178
-1780	181
-1779	175
-1778	174
-1777	183
-1776	182
-1775	175
-1774	179
-1773	184
-1772	180
-1771	174
-1770	180
-1769	182
-1768	173
-1767	172
-1766	178
-1765	176
-1764	167
-1763	172
-1762	178
-1761	171
-1760	168
-1759	177
-1758	178
-1757	173
-1756	176
-1755	187
-1754	188
-1753	186
-1752	194
-1751	206
-1750	205
-1749	207
-1748	220
-1747	230
-1746	230
-1745	236
-1744	248
-1743	255
-1742	255
-1741	263
-1740	274
-1739	282
-1738	284
-1737	285
-1736	291
-1735	299
-1734	305
-1733	308
-1732	308
-1731	311
-1730	317
-1729	322
-1728	324
-1727	323
-1726	322
-1725	326
-1724	332
-1723	332
-1722	329
-1721	327
-1720	329
-1719	331
-1718	331
-1717	327
-1716	324
-1715	324
-1714	327
-1713	327
-1712	324
-1711	321
-1710	323
-1709	328
-1708	330
-1707	329
-1706	329
-1705	332
-1704	342
-1703	348
-1702	353
-1701	357
-1700	364
-1699	375
-1698	385
-1697	393
-1696	399
-1695	409
-1694	417
-1693	428
-1692	437
-1691	446
-1690	454
-1689	465
-1688	472
-1687	482
-1686	488
-1685	495
-1684	502
-1683	510
-1682	516
-1681	522
-1680	528
-1679	534
-1678	538
-1677	544
-1676	547
-1675	551
-1674	554
-1673	559
-1672	562
-1671	565
-1670	567
-1669	569
-1668	571
-1667	573
-1666	574
-1665	576
-1664	577
-1663	578
-1662	578
-1661	578
-1660	578
-1659	577
-1658	576
-1657	576
-1656	574
-1655	573
-1654	570
-1653	569
-1652	566
-1651	563
-1650	560
-1649	556
-1648	552
-1647	548
-1646	543
-1645	538
-1644	532
-1643	526
-1642	522
-1641	516
-1640	510
-1639	501
-1638	494
-1637	487
-1636	481
-1635	470
-1634	461
-1633	453
-1632	445
-1631	436
-1630	428
-1629	417
-1628	407
-1627	396
-1626	389
-1625	379
-1624	368
-1623	357
-1622	351
-1621	345
-1620	337
-1619	325
-1618	318
-1617	315
-1616	314
-1615	310
-1614	303
-1613	298
-1612	299
-1611	302
-1610	301
-1609	297
-1608	293
-1607	295
-1606	300
-1605	300
-1604	296
-1603	292
-1602	293
-1601	297
-1600	296
-1599	291
-1598	285
-1597	284
-1596	287
-1595	285
-1594	278
-1593	271
-1592	268
-1591	268
-1590	268
-1589	260
-1588	252
-1587	250
-1586	252
-1585	244
-1584	236
-1583	239
-1582	241
-1581	234
-1580	231
-1579	239
-1578	240
-1577	235
-1576	238
-1575	248
-1574	248
-1573	247
-1572	255
-1571	266
-1570	268
-1569	268
-1568	272
-1567	282
-1566	290
-1565	294
-1564	294
-1563	297
-1562	304
-1561	311
-1560	315
-1559	314
-1558	314
-1557	318
-1556	324
-1555	327
-1554	325
-1553	323
-1552	322
-1551	326
-1550	327
-1549	324
-1548	318
-1547	316
-1546	317
-1545	316
-1544	311
-1543	302
-1542	298
-1541	298
-1540	296
-1539	288
-1538	278
-1537	272
-1536	271
-1535	268
-1534	261
-1533	251
-1532	247
-1531	250
-1530	245
-1529	235
-1528	239
-1527	244
-1526	239
-1525	240
-1524	250
-1523	257
-1522	257
-1521	261
-1520	270
-1519	283
-1518	292
-1517	298
-1516	301
-1515	312
-1514	323
-1513	333
-1512	339
-1511	344
-1510	351
-1509	361
-1508	369
-1507	375
-1506	379
-1505	384
-1504	389
-1503	397
-1502	402
-1501	405
-1500	406
-1499	411
-1498	415
-1497	419
-1496	420
-1495	421
-1494	423
-1493	426
-1492	428
-1491	428
-1490	427
-1489	427
-1488	429
-1487	429
-1486	428
-1485	426
-1484	425
-1483	425
-1482	425
-1481	423
-1480	420
-1479	418
-1478	418
-1477	416
-1476	413
-1475	411
-1474	407
-1473	407
-1472	406
-1471	404
-1470	400
-1469	396
-1468	396
-1467	395
-1466	392
-1465	388
-1464	384
-1463	381
-1462	381
-1461	378
-1460	373
-1459	366
-1458	363
-1457	362
-1456	359
-1455	351
-1454	345
-1453	342
-1452	340
-1451	335
-1450	327
-1449	318
-1448	316
-1447	314
-1446	310
-1445	301
-1444	292
-1443	287
-1442	286
-1441	281
-1440	271
-1439	261
-1438	259
-1437	258
-1436	254
-1435	241
-1434	236
-1433	238
-1432	232
-1431	220
-1430	221
-1429	223
-1428	214
-1427	207
-1426	211
-1425	211
-1424	202
-1423	202
-1422	208
-1421	204
-1420	197
-1419	202
-1418	207
-1417	201
-1416	198
-1415	206
-1414	207
-1413	199
-1412	200
-1411	208
-1410	206
-1409	200
-1408	204
-1407	210
-1406	203
-1405	200
-1404	207
-1403	209
-1402	201
-1401	203
-1400	210
-1399	206
-1398	202
-1397	209
-1396	214
-1395	208
-1394	208
-1393	217
-1392	219
-1391	215
-1390	220
-1389	229
-1388	229
-1387	227
-1386	237
-1385	244
-1384	241
-1383	244
-1382	255
-1381	260
-1380	259
-1379	261
-1378	268
-1377	277
-1376	281
-1375	281
-1374	281
-1373	288
-1372	295
-1371	300
-1370	300
-1369	300
-1368	304
-1367	310
-1366	314
-1365	314
-1364	312
-1363	314
-1362	319
-1361	324
-1360	323
-1359	320
-1358	320
-1357	324
-1356	328
-1355	327
-1354	324
-1353	325
-1352	329
-1351	334
-1350	335
-1349	333
-1348	334
-1347	341
-1346	348
-1345	352
-1344	354
-1343	360
-1342	367
-1341	377
-1340	384
-1339	392
-1338	399
-1337	410
-1336	420
-1335	431
-1334	439
-1333	448
-1332	458
-1331	471
-1330	481
-1329	489
-1328	498
-1327	508
-1326	516
-1325	526
-1324	533
-1323	542
-1322	550
-1321	558
-1320	565
-1319	572
-1318	578
-1317	584
-1316	590
-1315	596
-1314	601
-1313	606
-1312	610
-1311	615
-1310	618
-1309	622
-1308	625
-1307	627
-1306	629
-1305	632
-1304	633
-1303	635
-1302	635
-1301	636
-1300	636
-1299	637
-1298	636
-1297	635
-1296	634
-1295	632
-1294	631
-1293	629
-1292	626
-1291	623
-1290	620
-1289	616
-1288	613
-1287	608
-1286	604
-1285	599
-1284	594
-1283	588
-1282	582
-1281	575
-1280	569
-1279	562
-1278	556
-1277	547
-1276	540
-1275	531
-1274	524
-1273	516
-1272	508
-1271	499
-1270	491
-1269	482
-1268	474
-1267	463
-1266	453
-1265	443
-1264	436
-1263	427
-1262	418
-1261	406
-1260	398
-1259	390
-1258	384
-1257	376
-1256	368
-1255	361
-1254	358
-1253	357
-1252	353
-1251	348
-1250	346
-1249	347
-1248	350
-1247	350
-1246	348
-1245	346
-1244	350
-1243	353
-1242	354
-1241	353
-1240	351
-1239	353
-1238	355
-1237	356
-1236	353
-1235	349
-1234	348
-1233	350
-1232	349
-1231	344
-1230	339
-1229	336
-1228	335
-1227	334
-1226	330
-1225	323
-1224	318
-1223	318
-1222	319
-1221	315
-1220	310
-1219	307
-1218	311
-1217	315
-1216	317
-1215	316
-1214	318
-1213	325
-1212	333
-1211	340
-1210	344
-1209	348
-1208	354
-1207	365
-1206	373
-1205	379
-1204	381
-1203	389
-1202	396
-1201	403
-1200	407
-1199	410
-1198	413
-1197	418
-1196	422
-1195	425
-1194	426
-1193	427
-1192	429
-1191	431
-1190	431
-1189	429
-1188	427
-1187	427
-1186	427
-1185	426
-1184	423
-1183	419
-1182	417
-1181	415
-1180	413
-1179	410
-1178	405
-1177	402
-1176	402
-1175	401
-1174	399
-1173	396
-1172	396
-1171	400
-1170	403
-1169	406
-1168	409
-1167	415
-1166	422
-1165	431
-1164	439
-1163	448
-1162	457
-1161	468
-1160	478
-1159	489
-1158	497
-1157	508
-1156	518
-1155	530
-1154	540
-1153	549
-1152	558
-1151	568
-1150	575
-1149	584
-1148	591
-1147	599
-1146	606
-1145	614
-1144	620
-1143	627
-1142	631
-1141	637
-1140	641
-1139	647
-1138	651
-1137	655
-1136	657
-1135	661
-1134	663
-1133	666
-1132	668
-1131	670
-1130	670
-1129	672
-1128	673
-1127	673
-1126	673
-1125	672
-1124	672
-1123	670
-1122	669
-1121	667
-1120	666
-1119	663
-1118	660
-1117	657
-1116	654
-1115	649
-1114	646
-1113	641
-1112	637
-1111	631
-1110	626
-1109	620
-1108	615
-1107	607
-1106	600
-1105	592
-1104	586
-1103	577
-1102	570
-1101	559
-1100	551
-1099	540
-1098	531
-1097	520
-1096	510
-1095	498
-1094	489
-1093	477
-1092	467
-1091	452
-1090	441
-1089	428
-1088	420
-1087	408
-1086	396
-1085	383
-1084	374
-1083	366
-1082	359
-1081	348
-1080	339
-1079	334
-1078	333
-1077	330
-1076	323
-1075	318
-1074	316
-1073	319
-1072	319
-1071	316
-1070	311
-1069	312
-1068	315
-1067	317
-1066	316
-1065	312
-1064	311
-1063	315
-1062	318
-1061	317
-1060	314
-1059	312
-1058	315
-1057	317
-1056	317
-1055	313
-1054	310
-1053	311
-1052	313
-1051	311
-1050	306
-1049	301
-1048	300
-1047	302
-1046	300
-1045	293
-1044	286
-1043	284
-1042	286
-1041	284
-1040	278
-1039	270
-1038	269
-1037	272
-1036	273
-1035	268
-1034	263
-1033	263
-1032	268
-1031	273
-1030	272
-1029	270
-1028	272
-1027	281
-1026	287
-1025	292
-1024	292
-1023	295
-1022	303
-1021	312
-1020	317
-1019	319
-1018	320
-1017	327
-1016	334
-1015	340
-1014	341
-1013	342
-1012	344
-1011	350
-1010	354
-1009	355
-1008	354
-1007	354
-1006	358
-1005	360
-1004	359
-1003	355
-1002	354
-1001	356
-1000	357
-999	354
-998	349
-997	351
-996	350
-995	344
-994	345
-993	347
-992	341
-991	343
-990	346
-989	343
-988	344
-987	351
-986	350
-985	353
-984	361
-983	365
-982	369
-981	379
-980	385
-979	391
-978	402
-977	411
-976	417
-975	429
-974	438
-973	447
-972	457
-971	469
-970	476
-969	486
-968	496
-967	506
-966	514
-965	525
-964	532
-963	542
-962	550
-961	558
-960	565
-959	574
-958	580
-957	586
-956	592
-955	600
-954	604
-953	610
-952	615
-951	620
-950	623
-949	628
-948	631
-947	635
-946	638
-945	640
-944	642
-943	644
-942	646
-941	646
-940	647
-939	648
-938	647
-937	647
-936	647
-935	645
-934	644
-933	642
-932	640
-931	637
-930	634
-929	630
-928	627
-927	622
-926	618
-925	612
-924	608
-923	600
-922	594
-921	587
-920	581
-919	572
-918	566
-917	557
-916	549
-915	538
-914	530
-913	519
-912	509
-911	498
-910	490
-909	478
-908	470
-907	459
-906	450
-905	443
-904	435
-903	427
-902	425
-901	421
-900	416
-899	417
-898	417
-897	416
-896	419
-895	422
-894	423
-893	427
-892	431
-891	433
-890	436
-889	441
-888	443
-887	445
-886	449
-885	450
-884	450
-883	453
-882	453
-881	451
-880	453
-879	451
-878	449
-877	448
-876	446
-875	442
-874	440
-873	438
-872	433
-871	429
-870	427
-869	420
-868	417
-867	413
-866	406
-865	400
-864	398
-863	391
-862	386
-861	385
-860	380
-859	376
-858	377
-857	376
-856	373
-855	379
-854	382
-853	384
-852	390
-851	398
-850	402
-849	410
-848	418
-847	425
-846	431
-845	442
-844	447
-843	456
-842	464
-841	470
-840	475
-839	484
-838	488
-837	493
-836	498
-835	503
-834	506
-833	510
-832	512
-831	514
-830	516
-829	518
-828	518
-827	518
-826	518
-825	517
-824	515
-823	515
-822	513
-821	511
-820	510
-819	507
-818	505
-817	504
-816	503
-815	502
-814	504
-813	506
-812	508
-811	513
-810	519
-809	525
-808	533
-807	543
-806	551
-805	562
-804	572
-803	585
-802	595
-801	609
-800	618
-799	631
-798	640
-797	652
-796	660
-795	672
-794	681
-793	691
-792	698
-791	707
-790	714
-789	722
-788	729
-787	737
-786	742
-785	749
-784	753
-783	759
-782	763
-781	769
-780	773
-779	777
-778	781
-777	784
-776	787
-775	790
-774	792
-773	795
-772	796
-771	798
-770	799
-769	800
-768	801
-767	801
-766	801
-765	801
-764	801
-763	799
-762	798
-761	797
-760	795
-759	793
-758	791
-757	788
-756	785
-755	781
-754	778
-753	774
-752	770
-751	764
-750	760
-749	754
-748	748
-747	741
-746	735
-745	727
-744	721
-743	711
-742	704
-741	695
-740	687
-739	676
-738	667
-737	656
-736	647
-735	634
-734	625
-733	614
-732	604
-731	591
-730	582
-729	571
-728	563
-727	553
-726	546
-725	538
-724	532
-723	526
-722	522
-721	518
-720	516
-719	516
-718	514
-717	514
-716	515
-715	515
-714	515
-713	517
-712	517
-711	517
-710	518
-709	518
-708	517
-707	517
-706	516
-705	513
-704	512
-703	510
-702	506
-701	502
-700	499
-699	493
-698	489
-697	484
-696	478
-695	471
-694	467
-693	459
-692	452
-691	447
-690	440
-689	433
-688	431
-687	427
-686	423
-685	422
-684	422
-683	420
-682	424
-681	428
-680	429
-679	435
-678	439
-677	443
-676	448
-675	455
-674	458
-673	463
-672	469
-671	473
-670	476
-669	482
-668	485
-667	490
-666	496
-665	500
-664	504
-663	511
-662	515
-661	519
-660	523
-659	528
-658	530
-657	534
-656	537
-655	539
-654	541
-653	543
-652	544
-651	545
-650	546
-649	545
-648	544
-647	543
-646	541
-645	538
-644	537
-643	533
-642	529
-641	526
-640	522
-639	515
-638	511
-637	506
-636	500
-635	494
-634	490
-633	484
-632	480
-631	477
-630	473
-629	471
-628	472
-627	473
-626	474
-625	480
-624	485
-623	492
-622	501
-621	510
-620	519
-619	532
-618	543
-617	554
-616	564
-615	577
-614	586
-613	598
-612	608
-611	619
-610	628
-609	638
-608	646
-607	655
-606	662
-605	670
-604	676
-603	684
-602	689
-601	696
-600	701
-599	706
-598	710
-597	715
-596	718
-595	722
-594	724
-593	728
-592	730
-591	732
-590	734
-589	736
-588	737
-587	738
-586	739
-585	739
-584	739
-583	740
-582	739
-581	739
-580	738
-579	737
-578	736
-577	735
-576	733
-575	731
-574	729
-573	727
-572	724
-571	721
-570	718
-569	714
-568	711
-567	706
-566	702
-565	697
-564	693
-563	686
-562	681
-561	675
-560	669
-559	661
-558	655
-557	647
-556	640
-555	631
-554	623
-553	614
-552	606
-551	595
-550	587
-549	577
-548	568
-547	556
-546	548
-545	537
-544	528
-543	518
-542	510
-541	500
-540	495
-539	486
-538	479
-537	475
-536	470
-535	464
-534	463
-533	461
-532	458
-531	457
-530	457
-529	455
-528	455
-527	456
-526	455
-525	454
-524	456
-523	454
-522	452
-521	453
-520	451
-519	448
-518	447
-517	445
-516	441
-515	439
-514	436
-513	431
-512	429
-511	426
-510	421
-509	419
-508	418
-507	414
-506	413
-505	415
-504	413
-503	415
-502	420
-501	423
-500	427
-499	436
-498	442
-497	450
-496	458
-495	468
-494	476
-493	486
-492	494
-491	504
-490	512
-489	522
-488	528
-487	538
-486	545
-485	552
-484	557
-483	565
-482	570
-481	575
-480	580
-479	584
-478	587
-477	591
-476	593
-475	596
-474	598
-473	600
-472	601
-471	603
-470	603
-469	604
-468	604
-467	604
-466	604
-465	603
-464	603
-463	602
-462	601
-461	600
-460	599
-459	597
-458	596
-457	595
-456	594
-455	595
-454	595
-453	596
-452	597
-451	600
-450	602
-449	607
-448	611
-447	617
-446	623
-445	631
-444	638
-443	648
-442	656
-441	665
-440	674
-439	685
-438	693
-437	702
-436	710
-435	721
-434	730
-433	740
-432	748
-431	758
-430	765
-429	773
-428	780
-427	789
-426	795
-425	803
-424	809
-423	815
-422	820
-421	826
-420	831
-419	836
-418	840
-417	845
-416	848
-415	852
-414	855
-413	858
-412	860
-411	862
-410	864
-409	866
-408	867
-407	867
-406	868
-405	868
-404	868
-403	867
-402	866
-401	865
-400	864
-399	861
-398	859
-397	857
-396	854
-395	851
-394	848
-393	844
-392	840
-391	836
-390	831
-389	826
-388	821
-387	815
-386	810
-385	803
-384	798
-383	791
-382	784
-381	776
-380	769
-379	759
-378	751
-377	742
-376	734
-375	723
-374	715
-373	703
-372	694
-371	681
-370	672
-369	661
-368	651
-367	640
-366	632
-365	623
-364	615
-363	607
-362	600
-361	595
-360	591
-359	588
-358	586
-357	585
-356	584
-355	584
-354	585
-353	586
-352	586
-351	588
-350	589
-349	590
-348	591
-347	592
-346	592
-345	592
-344	591
-343	589
-342	588
-341	586
-340	583
-339	579
-338	576
-337	572
-336	567
-335	562
-334	558
-333	552
-332	548
-331	542
-330	537
-329	534
-328	532
-327	529
-326	530
-325	531
-324	532
-323	537
-322	543
-321	549
-320	556
-319	566
-318	573
-317	584
-316	592
-315	602
-314	611
-313	621
-312	629
-311	638
-310	645
-309	653
-308	659
-307	666
-306	672
-305	677
-304	682
-303	686
-302	689
-301	693
-300	695
-299	697
-298	699
-297	700
-296	700
-295	700
-294	700
-293	699
-292	698
-291	696
-290	694
-289	692
-288	690
-287	688
-286	685
-285	683
-284	682
-283	680
-282	679
-281	679
-280	679
-279	680
-278	682
-277	684
-276	687
-275	690
-274	693
-273	697
-272	701
-271	706
-270	710
-269	715
-268	720
-267	727
-266	734
-265	741
-264	748
-263	756
-262	763
-261	772
-260	779
-259	789
-258	796
-257	805
-256	812
-255	821
-254	828
-253	835
-252	843
-251	851
-250	857
-249	865
-248	870
-247	877
-246	882
-245	888
-244	893
-243	898
-242	902
-241	907
-240	911
-239	914
-238	917
-237	920
-236	923
-235	926
-234	928
-233	930
-232	932
-231	933
-230	934
-229	935
-228	935
-227	936
-226	936
-225	935
-224	935
-223	934
-222	933
-221	931
-220	930
-219	927
-218	925
-217	922
-216	920
-215	916
-214	913
-213	908
-212	904
-211	899
-210	894
-209	889
-208	883
-207	877
-206	871
-205	864
-204	857
-203	848
-202	840
-201	832
-200	824
-199	815
-198	807
-197	797
-196	788
-195	777
-194	768
-193	757
-192	748
-191	738
-190	730
-189	719
-188	711
-187	701
-186	694
-185	686
-184	679
-183	672
-182	667
-181	662
-180	659
-179	655
-178	654
-177	652
-176	651
-175	651
-174	651
-173	652
-172	653
-171	654
-170	656
-169	657
-168	658
-167	659
-166	660
-165	660
-164	660
-163	660
-162	659
-161	657
-160	656
-159	654
-158	651
-157	648
-156	644
-155	640
-154	635
-153	631
-152	626
-151	620
-150	615
-149	609
-148	604
-147	598
-146	594
-145	591
-144	588
-143	587
-142	586
-141	587
-140	590
-139	595
-138	600
-137	608
-136	614
-135	624
-134	631
-133	641
-132	650
-131	660
-130	668
-129	677
-128	685
-127	694
-126	700
-125	707
-124	713
-123	720
-122	725
-121	730
-120	734
-119	739
-118	741
-117	744
-116	746
-115	748
-114	749
-113	749
-112	750
-111	749
-110	749
-109	748
-108	747
-107	745
-106	744
-105	742
-104	740
-103	738
-102	737
-101	735
-100	734
-99	733
-98	733
-97	735
-96	736
-95	740
-94	743
-93	749
-92	753
-91	761
-90	768
-89	776
-88	784
-87	793
-86	801
-85	811
-84	819
-83	829
-82	837
-81	846
-80	854
-79	862
-78	869
-77	876
-76	882
-75	889
-74	895
-73	901
-72	907
-71	913
-70	917
-69	923
-68	927
-67	933
-66	937
-65	941
-64	945
-63	949
-62	952
-61	956
-60	959
-59	962
-58	965
-57	968
-56	970
-55	972
-54	974
-53	975
-52	976
-51	978
-50	978
-49	979
-48	979
-47	979
-46	979
-45	978
-44	978
-43	977
-42	976
-41	974
-40	972
-39	970
-38	968
-37	965
-36	963
-35	959
-34	956
-33	952
-32	948
-31	943
-30	939
-29	934
-28	929
-27	922
-26	916
-25	910
-24	903
-23	895
-22	888
-21	879
-20	871
-19	861
-18	852
-17	842
-16	833
-15	822
-14	813
-13	802
-12	793
-11	782
-10	772
-9	763
-8	755
-7	747
-6	741
-5	735
-4	731
-3	727
-2	724
-1	724
0	723
1	723
2	724
3	725
4	726
5	728
6	729
7	730
8	731
9	732
10	733
11	733
12	733
13	732
14	732
15	730
16	729
17	727
18	724
19	721
20	718
21	713
22	709
23	704
24	699
25	693
26	688
27	682
28	676
29	670
30	665
31	660
32	655
33	651
34	649
35	647
36	647
37	649
38	651
39	655
40	660
41	666
42	673
43	680
44	688
45	697
46	705
47	713
48	720
49	729
50	736
51	743
52	749
53	756
54	761
55	767
56	771
57	776
58	778
59	782
60	784
61	786
62	788
63	789
64	789
65	790
66	790
67	788
68	788
69	786
70	785
71	783
72	781
73	780
74	779
75	777
76	777
77	777
78	778
79	779
80	782
81	786
82	790
83	796
84	802
85	811
86	818
87	827
88	835
89	846
90	854
91	865
92	874
93	885
94	893
95	903
96	910
97	919
98	926
99	935
100	941
101	949
102	955
103	962
104	967
105	973
106	977
107	982
108	986
109	991
110	994
111	998
112	1001
113	1004
114	1006
115	1009
116	1011
117	1013
118	1014
119	1015
120	1016
121	1017
122	1018
123	1018
124	1018
125	1019
126	1019
127	1019
128	1018
129	1018
130	1018
131	1017
132	1017
133	1016
134	1015
135	1014
136	1013
137	1011
138	1010
139	1008
140	1006
141	1003
142	1001
143	998
144	995
145	991
146	988
147	984
148	980
149	975
150	970
151	965
152	960
153	953
154	948
155	941
156	935
157	927
158	920
159	912
160	904
161	895
162	887
163	877
164	869
165	857
166	848
167	838
168	829
169	819
170	811
171	801
172	794
173	785
174	779
175	773
176	768
177	763
178	761
179	759
180	757
181	756
182	756
183	757
184	757
185	758
186	759
187	759
188	760
189	760
190	760
191	760
192	759
193	758
194	757
195	755
196	753
197	749
198	746
199	742
200	738
201	733
202	729
203	723
204	718
205	711
206	705
207	698
208	692
209	686
210	680
211	673
212	668
213	662
214	659
215	654
216	652
217	650
218	650
219	650
220	652
221	654
222	658
223	663
224	668
225	673
226	679
227	686
228	692
229	700
230	706
231	713
232	718
233	725
234	729
235	735
236	739
237	744
238	747
239	751
240	753
241	756
242	757
243	758
244	759
245	760
246	759
247	759
248	758
249	756
250	755
251	753
252	750
253	748
254	745
255	743
256	741
257	739
258	738
259	737
260	737
261	739
262	741
263	745
264	750
265	757
266	763
267	772
268	779
269	791
270	800
271	811
272	821
273	832
274	841
275	852
276	861
277	872
278	881
279	890
280	897
281	906
282	913
283	920
284	926
285	934
286	939
287	945
288	949
289	955
290	959
291	963
292	966
293	971
294	974
295	976
296	978
297	981
298	982
299	984
300	986
301	987
302	987
303	988
304	988
305	988
306	987
307	987
308	986
309	985
310	983
311	982
312	980
313	977
314	975
315	972
316	970
317	966
318	963
319	959
320	955
321	951
322	948
323	943
324	939
325	934
326	930
327	924
328	919
329	913
330	908
331	901
332	895
333	887
334	880
335	872
336	864
337	855
338	847
339	838
340	829
341	818
342	810
343	800
344	790
345	779
346	771
347	762
348	754
349	744
350	737
351	730
352	724
353	718
354	715
355	711
356	709
357	707
358	706
359	706
360	705
361	706
362	706
363	708
364	708
365	709
366	710
367	710
368	710
369	710
370	709
371	708
372	706
373	703
374	701
375	698
376	695
377	690
378	686
379	680
380	675
381	668
382	661
383	654
384	647
385	638
386	631
387	623
388	615
389	607
390	600
391	593
392	589
393	584
394	582
395	581
396	581
397	584
398	586
399	591
400	595
401	601
402	607
403	614
404	619
405	627
406	632
407	639
408	644
409	649
410	654
411	658
412	662
413	666
414	668
415	671
416	673
417	675
418	676
419	676
420	677
421	677
422	676
423	675
424	673
425	671
426	670
427	668
428	666
429	663
430	662
431	661
432	659
433	659
434	660
435	661
436	664
437	668
438	673
439	679
440	686
441	695
442	703
443	713
444	723
445	736
446	746
447	757
448	768
449	780
450	789
451	800
452	809
453	821
454	829
455	839
456	847
457	857
458	864
459	872
460	879
461	887
462	893
463	899
464	904
465	910
466	914
467	919
468	922
469	927
470	930
471	933
472	935
473	938
474	940
475	942
476	944
477	945
478	946
479	947
480	947
481	947
482	947
483	947
484	946
485	945
486	944
487	942
488	940
489	938
490	936
491	933
492	930
493	926
494	922
495	918
496	914
497	909
498	905
499	898
500	893
501	886
502	880
503	873
504	866
505	857
506	850
507	841
508	833
509	822
510	814
511	803
512	794
513	783
514	774
515	763
516	754
517	742
518	733
519	723
520	715
521	707
522	700
523	693
524	688
525	682
526	678
527	674
528	670
529	667
530	664
531	662
532	660
533	658
534	657
535	656
536	656
537	656
538	657
539	658
540	659
541	661
542	662
543	664
544	665
545	667
546	668
547	669
548	670
549	670
550	670
551	670
552	669
553	668
554	666
555	664
556	662
557	658
558	655
559	650
560	646
561	640
562	635
563	629
564	623
565	614
566	607
567	599
568	592
569	583
570	576
571	568
572	561
573	553
574	548
575	542
576	539
577	536
578	535
579	536
580	536
581	539
582	543
583	548
584	553
585	558
586	563
587	570
588	574
589	582
590	587
591	592
592	596
593	600
594	603
595	607
596	609
597	612
598	613
599	614
600	615
601	614
602	614
603	613
604	612
605	611
606	609
607	608
608	607
609	605
610	604
611	602
612	602
613	602
614	602
615	603
616	605
617	608
618	612
619	617
620	622
621	630
622	637
623	646
624	654
625	664
626	673
627	684
628	693
629	706
630	715
631	727
632	736
633	747
634	755
635	765
636	774
637	784
638	792
639	801
640	809
641	817
642	823
643	830
644	836
645	844
646	849
647	854
648	859
649	865
650	869
651	873
652	876
653	880
654	883
655	885
656	888
657	890
658	892
659	893
660	894
661	896
662	896
663	896
664	896
665	896
666	895
667	894
668	893
669	891
670	889
671	887
672	885
673	881
674	879
675	875
676	871
677	866
678	862
679	856
680	852
681	845
682	840
683	833
684	826
685	818
686	811
687	802
688	795
689	785
690	777
691	766
692	756
693	744
694	734
695	722
696	712
697	699
698	689
699	675
700	664
701	650
702	639
703	626
704	616
705	604
706	596
707	587
708	580
709	574
710	569
711	566
712	564
713	562
714	562
715	562
716	562
717	564
718	564
719	565
720	566
721	567
722	568
723	568
724	569
725	570
726	569
727	570
728	569
729	568
730	567
731	565
732	564
733	561
734	559
735	556
736	552
737	548
738	544
739	539
740	534
741	526
742	521
743	514
744	506
745	500
746	493
747	485
748	478
749	467
750	461
751	452
752	444
753	437
754	429
755	423
756	418
757	410
758	408
759	403
760	401
761	401
762	398
763	401
764	401
765	402
766	405
767	404
768	408
769	411
770	411
771	416
772	415
773	418
774	420
775	419
776	422
777	421
778	421
779	423
780	420
781	422
782	421
783	420
784	422
785	421
786	423
787	425
788	426
789	433
790	436
791	442
792	450
793	457
794	466
795	476
796	485
797	498
798	507
799	520
800	531
801	543
802	554
803	566
804	576
805	588
806	598
807	609
808	618
809	628
810	636
811	645
812	653
813	662
814	668
815	677
816	683
817	690
818	696
819	702
820	708
821	714
822	718
823	724
824	728
825	733
826	736
827	740
828	743
829	747
830	749
831	752
832	754
833	756
834	757
835	759
836	760
837	761
838	761
839	762
840	762
841	761
842	761
843	760
844	759
845	758
846	756
847	754
848	752
849	749
850	747
851	744
852	741
853	736
854	732
855	728
856	723
857	718
858	712
859	706
860	701
861	693
862	686
863	678
864	671
865	662
866	654
867	645
868	636
869	625
870	616
871	604
872	595
873	582
874	572
875	561
876	550
877	538
878	528
879	516
880	508
881	497
882	490
883	483
884	476
885	471
886	467
887	465
888	465
889	463
890	464
891	465
892	466
893	470
894	471
895	474
896	476
897	478
898	482
899	483
900	484
901	486
902	486
903	487
904	487
905	486
906	486
907	483
908	482
909	479
910	475
911	473
912	468
913	464
914	462
915	455
916	452
917	446
918	440
919	437
920	431
921	428
922	425
923	419
924	418
925	413
926	411
927	410
928	406
929	407
930	404
931	403
932	405
933	402
934	404
935	405
936	405
937	410
938	410
939	415
940	420
941	423
942	430
943	435
944	439
945	448
946	451
947	458
948	464
949	470
950	476
951	481
952	486
953	492
954	494
955	499
956	502
957	506
958	509
959	510
960	513
961	516
962	516
963	518
964	519
965	520
966	521
967	521
968	522
969	523
970	524
971	526
972	527
973	530
974	533
975	536
976	541
977	546
978	551
979	559
980	565
981	575
982	582
983	592
984	601
985	612
986	621
987	632
988	641
989	653
990	662
991	673
992	682
993	692
994	700
995	710
996	717
997	727
998	734
999	742
1000	749
1001	756
1002	761
1003	768
1004	773
1005	779
1006	784
1007	789
1008	792
1009	797
1010	801
1011	804
1012	807
1013	811
1014	813
1015	816
1016	818
1017	820
1018	822
1019	823
1020	825
1021	826
1022	827
1023	827
1024	827
1025	827
1026	827
1027	827
1028	826
1029	825
1030	824
1031	822
1032	821
1033	818
1034	816
1035	814
1036	811
1037	807
1038	804
1039	799
1040	795
1041	790
1042	786
1043	780
1044	775
1045	768
1046	762
1047	755
1048	748
1049	740
1050	733
1051	724
1052	716
1053	705
1054	696
1055	686
1056	676
1057	664
1058	655
1059	643
1060	633
1061	619
1062	609
1063	597
1064	588
1065	575
1066	566
1067	557
1068	550
1069	540
1070	533
1071	528
1072	524
1073	520
1074	517
1075	516
1076	516
1077	515
1078	515
1079	516
1080	516
1081	516
1082	517
1083	518
1084	518
1085	517
1086	517
1087	516
1088	515
1089	512
1090	511
1091	508
1092	504
1093	499
1094	496
1095	491
1096	485
1097	478
1098	474
1099	467
1100	460
1101	452
1102	446
1103	438
1104	430
1105	423
1106	419
1107	412
1108	406
1109	402
1110	402
1111	398
1112	396
1113	398
1114	401
1115	402
1116	404
1117	410
1118	415
1119	418
1120	422
1121	429
1122	432
1123	436
1124	439
1125	445
1126	449
1127	452
1128	455
1129	460
1130	462
1131	464
1132	467
1133	470
1134	471
1135	471
1136	473
1137	474
1138	474
1139	473
1140	473
1141	473
1142	470
1143	468
1144	467
1145	466
1146	463
1147	461
1148	460
1149	459
1150	456
1151	455
1152	457
1153	457
1154	457
1155	460
1156	463
1157	468
1158	472
1159	478
1160	485
1161	494
1162	500
1163	509
1164	518
1165	529
1166	537
1167	548
1168	557
1169	567
1170	575
1171	585
1172	593
1173	603
1174	611
1175	619
1176	626
1177	634
1178	640
1179	648
1180	653
1181	660
1182	665
1183	670
1184	674
1185	679
1186	683
1187	686
1188	689
1189	692
1190	694
1191	697
1192	698
1193	700
1194	701
1195	701
1196	701
1197	701
1198	701
1199	700
1200	699
1201	698
1202	696
1203	694
1204	692
1205	689
1206	686
1207	683
1208	680
1209	676
1210	672
1211	668
1212	663
1213	658
1214	653
1215	647
1216	642
1217	635
1218	629
1219	621
1220	615
1221	606
1222	599
1223	590
1224	582
1225	572
1226	564
1227	553
1228	544
1229	532
1230	523
1231	511
1232	501
1233	490
1234	479
1235	467
1236	457
1237	444
1238	432
1239	420
1240	412
1241	400
1242	388
1243	379
1244	373
1245	363
1246	353
1247	348
1248	346
1249	339
1250	333
1251	333
1252	333
1253	327
1254	324
1255	327
1256	327
1257	322
1258	321
1259	325
1260	324
1261	318
1262	318
1263	321
1264	318
1265	311
1266	311
1267	313
1268	307
1269	299
1270	299
1271	298
1272	290
1273	282
1274	283
1275	280
1276	269
1277	262
1278	264
1279	259
1280	248
1281	247
1282	248
1283	237
1284	239
1285	239
1286	230
1287	236
1288	238
1289	232
1290	241
1291	244
1292	239
1293	251
1294	253
1295	252
1296	264
1297	269
1298	266
1299	273
1300	282
1301	285
1302	283
1303	290
1304	298
1305	298
1306	297
1307	303
1308	309
1309	307
1310	306
1311	312
1312	315
1313	312
1314	312
1315	318
1316	319
1317	315
1318	316
1319	322
1320	323
1321	320
1322	322
1323	328
1324	328
1325	326
1326	331
1327	336
1328	335
1329	335
1330	341
1331	346
1332	346
1333	350
1334	357
1335	364
1336	366
1337	374
1338	383
1339	390
1340	395
1341	406
1342	416
1343	425
1344	432
1345	444
1346	453
1347	463
1348	471
1349	484
1350	493
1351	502
1352	510
1353	522
1354	530
1355	539
1356	547
1357	557
1358	565
1359	572
1360	580
1361	588
1362	594
1363	601
1364	607
1365	615
1366	620
1367	625
1368	630
1369	636
1370	640
1371	644
1372	648
1373	652
1374	655
1375	659
1376	661
1377	664
1378	666
1379	668
1380	669
1381	671
1382	672
1383	672
1384	673
1385	673
1386	672
1387	671
1388	670
1389	668
1390	667
1391	665
1392	663
1393	660
1394	657
1395	653
1396	650
1397	646
1398	642
1399	637
1400	632
1401	626
1402	621
1403	615
1404	610
1405	602
1406	596
1407	588
1408	582
1409	573
1410	566
1411	557
1412	549
1413	538
1414	531
1415	521
1416	512
1417	501
1418	494
1419	483
1420	473
1421	463
1422	455
1423	446
1424	437
1425	429
1426	424
1427	416
1428	409
1429	405
1430	402
1431	397
1432	393
1433	394
1434	394
1435	392
1436	392
1437	396
1438	397
1439	396
1440	398
1441	402
1442	403
1443	402
1444	404
1445	407
1446	406
1447	404
1448	405
1449	406
1450	402
1451	399
1452	399
1453	396
1454	391
1455	387
1456	386
1457	380
1458	373
1459	369
1460	367
1461	358
1462	350
1463	347
1464	345
1465	336
1466	330
1467	331
1468	330
1469	324
1470	323
1471	329
1472	330
1473	330
1474	335
1475	344
1476	347
1477	351
1478	359
1479	369
1480	372
1481	377
1482	386
1483	394
1484	397
1485	402
1486	408
1487	414
1488	416
1489	420
1490	424
1491	427
1492	427
1493	429
1494	432
1495	432
1496	431
1497	431
1498	432
1499	430
1500	427
1501	426
1502	426
1503	423
1504	420
1505	420
1506	420
1507	417
1508	416
1509	418
1510	420
1511	421
1512	423
1513	429
1514	434
1515	438
1516	444
1517	454
1518	458
1519	470
1520	482
1521	485
1522	495
1523	501
1524	509
1525	521
1526	526
1527	535
1528	543
1529	552
1530	559
1531	567
1532	574
1533	584
1534	590
1535	597
1536	605
1537	612
1538	617
1539	624
1540	629
1541	636
1542	641
1543	646
1544	651
1545	656
1546	659
1547	663
1548	666
1549	670
1550	672
1551	675
1552	677
1553	679
1554	681
1555	682
1556	683
1557	683
1558	683
1559	683
1560	683
1561	682
1562	681
1563	680
1564	678
1565	676
1566	673
1567	671
1568	668
1569	664
1570	661
1571	657
1572	653
1573	647
1574	642
1575	637
1576	631
1577	624
1578	619
1579	611
1580	604
1581	595
1582	587
1583	578
1584	569
1585	559
1586	551
1587	539
1588	529
1589	516
1590	507
1591	493
1592	482
1593	470
1594	460
1595	445
1596	434
1597	421
1598	411
1599	396
1600	386
1601	377
1602	369
1603	355
1604	348
1605	343
1606	336
1607	326
1608	326
1609	325
1610	318
1611	313
1612	316
1613	316
1614	310
1615	309
1616	314
1617	313
1618	307
1619	307
1620	312
1621	309
1622	303
1623	305
1624	307
1625	302
1626	295
1627	296
1628	297
1629	288
1630	282
1631	283
1632	280
1633	270
1634	265
1635	266
1636	260
1637	247
1638	247
1639	245
1640	231
1641	231
1642	227
1643	214
1644	217
1645	211
1646	200
1647	206
1648	200
1649	191
1650	198
1651	193
1652	187
1653	195
1654	189
1655	187
1656	196
1657	190
1658	189
1659	199
1660	192
1661	193
1662	201
1663	194
1664	196
1665	203
1666	195
1667	197
1668	203
1669	194
1670	196
1671	200
1672	191
1673	194
1674	196
1675	185
1676	190
1677	190
1678	181
1679	186
1680	186
1681	177
1682	184
1683	184
1684	176
1685	185
1686	185
1687	180
1688	192
1689	192
1690	189
1691	203
1692	203
1693	204
1694	218
1695	220
1696	222
1697	237
1698	238
1699	241
1700	255
1701	258
1702	261
1703	273
1704	282
1705	284
1706	287
1707	298
1708	306
1709	309
1710	312
1711	322
1712	328
1713	330
1714	333
1715	343
1716	347
1717	349
1718	352
1719	360
1720	363
1721	363
1722	367
1723	373
1724	374
1725	374
1726	378
1727	382
1728	383
1729	382
1730	386
1731	390
1732	389
1733	390
1734	394
1735	397
1736	397
1737	399
1738	402
1739	405
1740	404
1741	405
1742	409
1743	410
1744	409
1745	411
1746	413
1747	413
1748	412
1749	413
1750	415
1751	413
1752	411
1753	410
1754	412
1755	409
1756	406
1757	405
1758	404
1759	400
1760	396
1761	395
1762	392
1763	386
1764	382
1765	379
1766	375
1767	366
1768	362
1769	359
1770	352
1771	342
1772	340
1773	334
1774	324
1775	315
1776	313
1777	306
1778	295
1779	288
1780	288
1781	279
1782	268
1783	267
1784	268
1785	260
1786	253
1787	259
1788	258
1789	251
1790	255
1791	262
1792	258
1793	259
1794	267
1795	272
1796	269
1797	273
1798	282
1799	286
1800	283
1801	287
1802	295
1803	297
1804	293
1805	298
1806	304
1807	303
1808	299
1809	302
1810	306
1811	303
1812	299
1813	302
1814	304
1815	298
1816	293
1817	296
1818	295
1819	287
1820	283
1821	285
1822	282
1823	272
1824	270
1825	273
1826	268
1827	258
1828	259
1829	261
1830	255
1831	249
1832	256
1833	254
1834	247
1835	256
1836	258
1837	255
1838	260
1839	270
1840	270
1841	270
1842	279
1843	289
1844	290
1845	293
1846	302
1847	311
1848	312
1849	315
1850	323
1851	330
1852	329
1853	333
1854	340
1855	344
1856	343
1857	346
1858	351
1859	353
1860	349
1861	351
1862	355
1863	354
1864	350
1865	352
1866	354
1867	352
1868	349
1869	350
1870	353
1871	350
1872	349
1873	353
1874	357
1875	357
1876	358
1877	366
1878	372
1879	376
1880	382
1881	393
1882	401
1883	409
1884	417
1885	430
1886	439
1887	449
1888	458
1889	471
1890	479
1891	489
1892	498
1893	510
1894	518
1895	527
1896	535
1897	545
1898	551
1899	559
1900	565
1901	574
1902	579
1903	586
1904	591
1905	596
1906	600
1907	606
1908	609
1909	614
1910	617
1911	620
1912	622
1913	625
1914	626
1915	628
1916	629
1917	631
1918	631
1919	631
1920	632
1921	631
1922	631
1923	630
1924	630
1925	629
1926	627
1927	626
1928	624
1929	622
1930	619
1931	617
1932	614
1933	610
1934	607
1935	603
1936	599
1937	594
1938	590
1939	584
1940	579
1941	572
1942	566
1943	559
1944	553
1945	544
1946	538
1947	529
1948	522
1949	510
1950	503
1951	494
1952	485
1953	472
1954	464
1955	454
1956	443
1957	430
1958	423
1959	412
1960	400
1961	390
1962	384
1963	373
1964	363
1965	357
1966	353
1967	343
1968	336
1969	335
1970	333
1971	326
1972	324
1973	327
1974	325
1975	321
1976	322
1977	326
1978	324
1979	320
1980	324
1981	327
1982	323
1983	320
1984	324
1985	324
1986	318
1987	316
1988	318
1989	315
1990	307
1991	305
1992	306
1993	300
1994	291
1995	289
1996	289
1997	280
1998	270
1999	270
2000	268
