2200	168
2199	173
2198	182
2197	175
2196	179
2195	181
2194	174
2193	179
2192	180
2191	173
2190	178
2189	178
2188	171
2187	178
2186	177
2185	170
2184	177
2183	175
2182	169
2181	176
2180	174
2179	168
2178	175
2177	172
2176	167
2175	173
2174	170
2173	165
2172	173
2171	168
2170	164
2169	171
2168	166
2167	163
2166	170
2165	164
2164	162
2163	168
2162	161
2161	160
2160	166
2159	159
2158	159
2157	164
2156	157
2155	157
2154	162
2153	154
2152	155
2151	160
2150	152
2149	154
2148	158
2147	149
2146	152
2145	155
2144	145
2143	151
2142	152
2141	144
2140	150
2139	150
2138	142
2137	147
2136	147
2135	139
2134	145
2133	144
2132	137
2131	144
2130	142
2129	135
2128	142
2127	139
2126	133
2125	140
2124	136
2123	131
2122	138
2121	132
2120	129
2119	135
2118	129
2117	126
2116	133
2115	126
2114	124
2113	130
2112	123
2111	122
2110	128
2109	120
2108	119
2107	125
2106	117
2105	117
2104	122
2103	114
2102	116
2101	119
2100	110
2099	113
2098	116
2097	107
2096	112
2095	113
2094	105
2093	109
2092	110
2091	102
2090	108
2089	106
2088	99
2087	106
2086	100
2085	99
2084	102
2083	95
2082	102
2081	97
2080	97
2079	96
2078	93
2077	96
2076	89
2075	95
2074	87
2073	95
2072	86
2071	93
2070	86
2069	90
2068	84
2067	88
2066	86
2065	85
2064	87
2063	82
2062	86
2061	78
2060	87
2059	77
2058	86
2057	76
2056	83
2055	77
2054	82
2053	78
2052	79
2051	79
2050	76
2049	80
2048	74
2047	81
2046	73
2045	81
2044	72
2043	80
2042	73
2041	79
2040	74
2039	77
2038	76
2037	75
2036	78
2035	73
2034	80
2033	73
2032	81
2031	73
2030	80
2029	73
2028	81
2027	75
2026	81
2025	78
2024	80
2023	81
2022	79
2021	84
2020	79
2019	87
2018	79
2017	87
2016	80
2015	89
2014	83
2013	89
2012	86
2011	89
2010	89
2009	89
2008	91
2007	89
2006	97
2005	89
2004	99
2003	91
2002	101
2001	97
2000	99
1999	99
1998	99
1997	104
1996	99
1995	108
1994	104
1993	103
1992	112
1991	107
1990	108
1989	115
1988	111
1987	112
1986	120
1985	113
1984	116
1983	123
1982	117
1981	120
1980	126
1979	120
1978	124
1977	130
1976	123
1975	128
1974	133
1973	126
1972	132
1971	136
1970	130
1969	137
1968	140
1967	133
1966	141
1965	142
1964	137
1963	145
1962	145
1961	141
1960	150
1959	148
1958	145
1957	154
1956	151
1955	149
1954	157
1953	154
1952	153
1951	161
1950	157
1949	157
1948	165
1947	160
1946	161
1945	168
1944	162
1943	166
1942	171
1941	165
1940	170
1939	174
1938	168
1937	174
1936	178
1935	171
1934	178
1933	179
1932	175
1931	182
1930	182
1929	178
1928	186
1927	185
1926	181
1925	189
1924	187
1923	185
1922	193
1921	189
1920	188
1919	196
1918	191
1917	192
1916	199
1915	194
1914	195
1913	202
1912	196
1911	198
1910	205
1909	199
1908	201
1907	207
1906	201
1905	204
1904	209
1903	203
1902	207
1901	212
1900	206
1899	210
1898	214
1897	208
1896	213
1895	216
1894	210
1893	216
1892	219
1891	212
1890	218
1889	221
1888	215
1887	221
1886	223
1885	217
1884	224
1883	225
1882	218
1881	226
1880	226
1879	221
1878	228
1877	228
1876	223
1875	230
1874	229
1873	225
1872	232
1871	231
1870	227
1869	234
1868	232
1867	229
1866	236
1865	234
1864	231
1863	238
1862	235
1861	233
1860	240
1859	236
1858	234
1857	241
1856	237
1855	236
1854	243
1853	238
1852	238
1851	245
1850	239
1849	240
1848	245
1847	240
1846	241
1845	247
1844	240
1843	243
1842	247
1841	241
1840	244
1839	247
1838	241
1837	245
1836	248
1835	242
1834	247
1833	249
1832	243
1831	248
1830	250
1829	244
1828	249
1827	250
1826	245
1825	251
1824	251
1823	245
1822	251
1821	251
1820	246
1819	253
1818	251
1817	247
1816	253
1815	252
1814	248
1813	254
1812	251
1811	248
1810	255
1809	252
1808	249
1807	256
1806	253
1805	248
1804	255
1803	253
1802	249
1801	255
1800	252
1799	249
1798	255
1797	252
1796	249
1795	256
1794	253
1793	249
1792	254
1791	252
1790	248
1789	254
1788	252
1787	247
1786	254
1785	251
1784	248
1783	254
1782	249
1781	248
1780	254
1779	249
1778	247
1777	253
1776	248
1775	247
1774	253
1773	246
1772	247
1771	252
1770	245
1769	247
1768	251
1767	244
1766	247
1765	249
1764	243
1763	246
1762	248
1761	241
1760	246
1759	246
1758	240
1757	245
1756	244
1755	239
1754	244
1753	243
1752	236
1751	243
1750	241
1749	236
1748	242
1747	239
1746	234
1745	239
1744	237
1743	233
1742	239
1741	234
1740	231
1739	237
1738	233
1737	230
1736	236
1735	230
1734	228
1733	233
1732	228
1731	226
1730	232
1729	226
1728	225
1727	230
1726	223
1725	223
1724	228
1723	220
1722	222
1721	225
1720	217
1719	220
1718	223
1717	215
1716	218
1715	220
1714	212
1713	216
1712	217
1711	209
1710	214
1709	214
1708	207
1707	212
1706	211
1705	204
1704	210
1703	208
1702	201
1701	207
1700	204
1699	199
1698	205
1697	201
1696	196
1695	202
1694	197
1693	193
1692	200
1691	194
1690	191
1689	197
1688	189
1687	189
1686	194
1685	185
1684	186
1683	190
1682	181
1681	184
1680	186
1679	178
1678	181
1677	183
1676	174
1675	178
1674	179
1673	171
1672	175
1671	176
1670	168
1669	172
1668	172
1667	164
1666	169
1665	168
1664	161
1663	167
1662	164
1661	158
1660	165
1659	160
1658	155
1657	161
1656	156
1655	151
1654	158
1653	152
1652	149
1651	154
1650	148
1649	146
1648	152
1647	145
1646	144
1645	150
1644	141
1643	142
1642	147
1641	139
1640	141
1639	144
1638	136
1637	139
1636	142
1635	133
1634	138
1633	140
1632	133
1631	137
1630	138
1629	130
1628	136
1627	136
1626	129
1625	136
1624	134
1623	129
1622	136
1621	133
1620	129
1619	136
1618	132
1617	129
1616	137
1615	130
1614	130
1613	136
1612	130
1611	130
1610	137
1609	130
1608	131
1607	136
1606	130
1605	133
1604	137
1603	130
1602	135
1601	137
1600	130
1599	137
1598	139
1597	132
1596	139
1595	139
1594	133
1593	140
1592	140
1591	134
1590	142
1589	142
1588	136
1587	144
1586	143
1585	139
1584	146
1583	145
1582	141
1581	150
1580	147
1579	144
1578	152
1577	148
1576	146
1575	155
1574	151
1573	149
1572	158
1571	154
1570	153
1569	160
1568	156
1567	156
1566	164
1565	158
1564	160
1563	168
1562	162
1561	165
1560	171
1559	165
1558	169
1557	175
1556	169
1555	174
1554	180
1553	174
1552	180
1551	185
1550	179
1549	185
1548	190
1547	184
1546	191
1545	196
1544	190
1543	197
1542	200
1541	195
1540	202
1539	205
1538	200
1537	208
1536	210
1535	206
1534	214
1533	215
1532	211
1531	219
1530	219
1529	216
1528	225
1527	224
1526	221
1525	230
1524	228
1523	227
1522	235
1521	233
1520	232
1519	240
1518	237
1517	237
1516	245
1515	241
1514	242
1513	250
1512	245
1511	247
1510	254
1509	250
1508	252
1507	259
1506	255
1505	256
1504	262
1503	263
1502	259
1501	263
1500	269
1499	269
1498	265
1497	269
1496	275
1495	273
1494	270
1493	276
1492	280
1491	278
1490	276
1489	282
1488	285
1487	282
1486	282
1485	289
1484	289
1483	286
1482	288
1481	294
1480	294
1479	291
1478	294
1477	299
1476	298
1475	295
1474	299
1473	304
1472	302
1471	300
1470	305
1469	309
1468	306
1467	305
1466	309
1465	313
1464	310
1463	310
1462	315
1461	317
1460	313
1459	315
1458	319
1457	321
1456	317
1455	319
1454	324
1453	324
1452	321
1451	324
1450	327
1449	326
1448	324
1447	327
1446	330
1445	327
1444	326
1443	330
1442	331
1441	329
1440	329
1439	333
1438	333
1437	330
1436	332
1435	336
1434	335
1433	332
1432	335
1431	339
1430	337
1429	336
1428	339
1427	342
1426	339
1425	339
1424	342
1423	344
1422	341
1421	341
1420	345
1419	346
1418	343
1417	344
1416	348
1415	347
1414	345
1413	347
1412	350
1411	349
1410	347
1409	350
1408	352
1407	350
1406	350
1405	353
1404	354
1403	351
1402	352
1401	355
1400	355
1399	353
1398	354
1397	358
1396	356
1395	354
1394	356
1393	359
1392	357
1391	354
1390	358
1389	359
1388	357
1387	356
1386	359
1385	360
1384	357
1383	357
1382	360
1381	360
1380	357
1379	358
1378	361
1377	359
1376	357
1375	359
1374	361
1373	359
1372	357
1371	360
1370	361
1369	359
1368	357
1367	360
1366	361
1365	358
1364	358
1363	361
1362	360
1361	357
1360	358
1359	361
1358	358
1357	357
1356	359
1355	360
1354	357
1353	356
1352	359
1351	359
1350	356
1349	356
1348	358
1347	358
1346	355
1345	356
1344	358
1343	357
1342	354
1341	355
1340	357
1339	355
1338	353
1337	355
1336	356
1335	353
1334	351
1333	354
1332	354
1331	351
1330	350
1329	353
1328	352
1327	348
1326	350
1325	352
1324	349
1323	346
1322	349
1321	350
1320	346
1319	345
1318	348
1317	348
1316	344
1315	344
1314	346
1313	345
1312	342
1311	342
1310	344
1309	342
1308	339
1307	341
1306	342
1305	339
1304	337
1303	339
1302	340
1301	336
1300	335
1299	338
1298	336
1297	332
1296	333
1295	335
1294	332
1293	330
1292	331
1291	333
1290	329
1289	327
1288	330
1287	330
1286	325
1285	324
1284	327
1283	326
1282	321
1281	322
1280	325
1279	321
1278	317
1277	320
1276	322
1275	317
1274	315
1273	317
1272	317
1271	313
1270	311
1269	314
1268	314
1267	309
1266	308
1265	311
1264	309
1263	303
1262	304
1261	308
1260	305
1259	300
1258	302
1257	304
1256	301
1255	296
1254	298
1253	300
1252	295
1251	292
1250	295
1249	296
1248	291
1247	289
1246	292
1245	292
1244	286
1243	285
1242	289
1241	287
1240	282
1239	282
1238	286
1237	283
1236	278
1235	280
1234	284
1233	280
1232	275
1231	279
1230	281
1229	276
1228	274
1227	278
1226	279
1225	274
1224	273
1223	277
1222	277
1221	271
1220	271
1219	276
1218	274
1217	269
1216	270
1215	275
1214	272
1213	267
1212	270
1211	273
1210	269
1209	265
1208	269
1207	271
1206	266
1205	264
1204	268
1203	269
1202	264
1201	263
1200	268
1199	268
1198	262
1197	263
1196	268
1195	266
1194	260
1193	263
1192	266
1191	264
1190	259
1189	263
1188	267
1187	262
1186	260
1185	264
1184	266
1183	262
1182	260
1181	265
1180	266
1179	260
1178	261
1177	266
1176	265
1175	260
1174	262
1173	267
1172	265
1171	260
1170	263
1169	268
1168	265
1167	262
1166	266
1165	269
1164	265
1163	263
1162	268
1161	271
1160	267
1159	266
1158	272
1157	273
1156	269
1155	270
1154	276
1153	276
1152	272
1151	276
1150	281
1149	281
1148	277
1147	281
1146	286
1145	284
1144	281
1143	286
1142	290
1141	288
1140	286
1139	291
1138	295
1137	292
1136	291
1135	297
1134	299
1133	296
1132	297
1131	302
1130	304
1129	300
1128	302
1127	308
1126	308
1125	305
1124	309
1123	314
1122	313
1121	311
1120	315
1119	320
1118	318
1117	317
1116	322
1115	325
1114	323
1113	323
1112	328
1111	331
1110	329
1109	330
1108	334
1107	336
1106	334
1105	336
1104	340
1103	341
1102	339
1101	342
1100	346
1099	346
1098	345
1097	348
1096	353
1095	352
1094	351
1093	355
1092	358
1091	357
1090	357
1089	362
1088	363
1087	363
1086	363
1085	368
1084	369
1083	368
1082	370
1081	373
1080	374
1079	372
1078	375
1077	379
1076	378
1075	378
1074	381
1073	385
1072	384
1071	384
1070	387
1069	390
1068	389
1067	389
1066	393
1065	395
1064	394
1063	395
1062	399
1061	400
1060	399
1059	401
1058	404
1057	405
1056	404
1055	407
1054	409
1053	410
1052	410
1051	412
1050	414
1049	413
1048	413
1047	415
1046	416
1045	415
1044	415
1043	418
1042	418
1041	417
1040	418
1039	421
1038	421
1037	421
1036	422
1035	425
1034	425
1033	425
1032	427
1031	429
1030	429
1029	429
1028	431
1027	433
1026	433
1025	433
1024	436
1023	437
1022	437
1021	437
1020	440
1019	441
1018	440
1017	442
1016	444
1015	445
1014	444
1013	446
1012	448
1011	448
1010	448
1009	450
1008	452
1007	452
1006	452
1005	454
1004	455
1003	455
1002	456
1001	457
1000	459
999	458
998	460
997	461
996	460
995	463
994	463
993	462
992	465
991	463
990	466
989	466
988	466
987	468
986	467
985	468
984	470
983	468
982	470
981	470
980	470
979	472
978	471
977	472
976	472
975	472
974	474
973	473
972	474
971	475
970	474
969	476
968	475
967	476
966	477
965	476
964	477
963	477
962	477
961	479
960	478
959	479
958	479
957	479
956	479
955	480
954	480
953	481
952	480
951	481
950	481
949	481
948	482
947	481
946	482
945	482
944	481
943	483
942	482
941	482
940	483
939	482
938	483
937	483
936	483
935	484
934	483
933	484
932	484
931	483
930	484
929	483
928	484
927	485
926	483
925	484
924	484
923	483
922	485
921	484
920	484
919	484
918	483
917	485
916	483
915	483
914	484
913	483
912	484
911	484
910	483
909	484
908	483
907	483
906	483
905	483
904	483
903	482
902	483
901	483
900	482
899	483
898	482
897	481
896	482
895	481
894	482
893	481
892	481
891	481
890	480
889	480
888	481
887	479
886	480
885	479
884	478
883	479
882	477
881	479
880	478
879	477
878	478
877	476
876	477
875	476
874	476
873	476
872	476
871	475
870	475
869	473
868	474
867	474
866	473
865	474
864	472
863	472
862	472
861	471
860	472
859	470
858	469
857	470
856	468
855	469
854	467
853	466
852	467
851	466
850	465
849	466
848	464
847	465
846	463
845	463
844	463
843	461
842	462
841	461
840	460
839	461
838	459
837	460
836	460
835	458
834	459
833	458
832	458
831	458
830	456
829	457
828	456
827	456
826	456
825	455
824	455
823	455
822	454
821	455
820	454
819	454
818	454
817	452
816	453
815	453
814	451
813	453
812	451
811	452
810	451
809	450
808	451
807	449
806	449
805	450
804	448
803	449
802	448
801	447
800	448
799	447
798	448
797	446
796	445
795	447
794	445
793	445
792	446
791	444
790	445
789	444
788	443
787	444
786	442
785	443
784	442
783	441
782	442
781	440
780	440
779	440
778	438
777	439
776	438
775	438
774	439
773	436
772	437
771	436
770	435
769	436
768	434
767	435
766	435
765	433
764	435
763	433
762	433
761	434
760	432
759	433
758	432
757	431
756	432
755	430
754	431
753	431
752	429
751	430
750	430
749	429
748	431
747	429
746	430
745	428
744	429
743	429
742	428
741	429
740	430
739	428
738	431
737	429
736	430
735	430
734	429
733	431
732	430
731	430
730	431
729	429
728	431
727	430
726	431
725	433
724	431
723	432
722	433
721	432
720	434
719	433
718	433
717	435
716	433
715	436
714	436
713	436
712	437
711	436
710	437
709	439
708	437
707	440
706	439
705	440
704	441
703	441
702	443
701	443
700	443
699	445
698	444
697	446
696	446
695	446
694	448
693	448
692	449
691	451
690	450
689	453
688	453
687	453
686	455
685	454
684	456
683	457
682	457
681	460
680	459
679	461
678	462
677	462
676	464
675	464
674	465
673	467
672	467
671	469
670	470
669	470
668	472
667	472
666	474
665	476
664	476
663	478
662	478
661	479
660	481
659	481
658	483
657	484
656	485
655	487
654	487
653	489
652	490
651	490
650	492
649	492
648	492
647	493
646	493
645	495
644	495
643	496
642	497
641	497
640	499
639	500
638	501
637	503
636	503
635	505
634	506
633	507
632	509
631	510
630	511
629	513
628	513
627	515
626	516
625	517
624	519
623	518
622	521
621	522
620	523
619	525
618	526
617	527
616	529
615	529
614	531
613	532
612	532
611	535
610	535
609	537
608	538
607	539
606	540
605	542
604	543
603	545
602	545
601	547
600	547
599	549
598	550
597	550
596	552
595	553
594	554
593	556
592	556
591	557
590	559
589	559
588	560
587	561
586	562
585	563
584	563
583	564
582	565
581	566
580	567
579	568
578	568
577	569
576	570
575	571
574	571
573	572
572	573
571	573
570	574
569	575
568	576
567	577
566	578
565	578
564	579
563	580
562	580
561	582
560	582
559	583
558	584
557	585
556	586
555	586
554	587
553	588
552	588
551	589
550	590
549	591
548	591
547	592
546	593
545	593
544	594
543	595
542	595
541	596
540	596
539	597
538	598
537	598
536	599
535	599
534	600
533	601
532	601
531	602
530	602
529	603
528	604
527	604
526	604
525	605
524	605
523	606
522	607
521	607
520	608
519	608
518	609
517	609
516	610
515	611
514	611
513	611
512	612
511	612
510	613
509	613
508	613
507	614
506	615
505	615
504	616
503	616
502	617
501	617
500	617
499	618
498	618
497	619
496	619
495	620
494	620
493	621
492	621
491	621
490	622
489	622
488	623
487	623
486	623
485	624
484	624
483	625
482	625
481	625
480	626
479	626
478	627
477	627
476	627
475	627
474	628
473	629
472	628
471	629
470	629
469	629
468	630
467	630
466	630
465	631
464	631
463	631
462	632
461	632
460	633
459	633
458	633
457	633
456	633
455	634
454	634
453	634
452	635
451	635
450	635
449	636
448	636
447	636
446	637
445	636
444	637
443	637
442	637
441	637
440	637
439	637
438	637
437	637
436	637
435	637
434	638
433	637
432	638
431	638
430	638
429	638
428	638
427	638
426	638
425	638
424	638
423	638
422	638
421	638
420	638
419	638
418	639
417	638
416	639
415	639
414	639
413	639
412	639
411	639
410	639
409	639
408	640
407	640
406	640
405	640
404	640
403	641
402	641
401	641
400	642
399	642
398	642
397	642
396	642
395	643
394	643
393	643
392	644
391	644
390	644
389	644
388	644
387	645
386	644
385	645
384	645
383	645
382	646
381	645
380	646
379	646
378	646
377	646
376	646
375	646
374	647
373	647
372	647
371	647
370	647
369	648
368	647
367	648
366	648
365	648
364	648
363	648
362	648
361	649
360	649
359	649
358	649
357	649
356	650
355	650
354	650
353	650
352	650
351	651
350	650
349	651
348	651
347	651
346	651
345	652
344	652
343	652
342	652
341	652
340	652
339	652
338	652
337	653
336	653
335	653
334	653
333	654
332	654
331	654
330	654
329	654
328	655
327	655
326	655
325	655
324	655
323	656
322	656
321	656
320	656
319	656
318	656
317	657
316	657
315	657
314	657
313	658
312	658
311	658
310	658
309	658
308	658
307	659
306	659
305	659
304	659
303	659
302	660
301	659
300	660
299	661
298	660
297	661
296	661
295	662
294	661
293	662
292	662
291	662
290	662
289	663
288	663
287	663
286	663
285	664
284	664
283	664
282	665
281	665
280	665
279	666
278	665
277	666
276	666
275	667
274	667
273	667
272	667
271	668
270	668
269	668
268	669
267	669
266	669
265	669
264	670
263	670
262	671
261	671
260	671
259	672
258	672
257	673
256	673
255	674
254	673
253	674
252	674
251	675
250	675
249	676
248	675
247	676
246	676
245	677
244	677
243	678
242	677
241	677
240	678
239	679
238	680
237	679
236	680
235	680
234	681
233	681
232	682
231	682
230	683
229	683
228	684
227	684
226	684
225	685
224	685
223	685
222	686
221	687
220	687
219	687
218	688
217	689
216	689
215	690
214	689
213	691
212	690
211	691
210	691
209	692
208	692
207	693
206	693
205	694
204	695
203	695
202	696
201	696
200	697
199	697
198	697
197	697
196	698
195	698
194	699
193	699
192	700
191	700
190	701
189	701
188	701
187	701
186	702
185	703
184	703
183	704
182	704
181	705
180	704
179	705
178	706
177	706
176	706
175	706
174	706
173	707
172	707
171	707
170	707
169	708
168	708
167	709
166	709
165	710
164	710
163	710
162	710
161	711
160	712
159	712
158	712
157	713
156	714
155	714
154	714
153	714
152	714
151	714
150	715
149	715
148	716
147	715
146	716
145	716
144	716
143	717
142	717
141	718
140	718
139	718
138	719
137	719
136	719
135	720
134	720
133	721
132	720
131	721
130	721
129	722
128	722
127	722
126	722
125	723
124	723
123	723
122	724
121	724
120	724
119	724
118	725
117	724
116	725
115	725
114	726
113	726
112	726
111	726
110	727
109	727
108	728
107	727
106	728
105	728
104	728
103	728
102	729
101	728
100	729
99	729
98	729
97	730
96	730
95	730
94	731
93	731
92	731
91	732
90	732
89	732
88	732
87	733
86	733
85	734
84	734
83	734
82	735
81	735
80	735
79	735
78	735
77	736
76	736
75	736
74	736
73	736
72	736
71	737
70	737
69	737
68	737
67	737
66	737
65	737
64	737
63	737
62	737
61	737
60	737
59	737
58	737
57	737
56	737
55	737
54	737
53	737
52	737
51	738
50	737
49	737
48	737
47	737
46	737
45	737
44	737
43	737
42	737
41	737
40	737
39	737
38	737
37	737
36	738
35	737
34	737
33	738
32	737
31	738
30	737
29	737
28	738
27	738
26	738
25	738
24	737
23	738
22	738
21	738
20	738
19	738
18	737
17	738
16	738
15	738
14	738
13	738
12	737
11	738
10	738
9	738
8	738
7	738
6	738
5	738
4	738
3	738
2	738
1	738
0	738
-1	738
-2	738
-3	737
-4	738
-5	738
-6	738
-7	738
-8	738
-9	738
-10	738
-11	738
-12	738
-13	738
-14	738
-15	739
-16	739
-17	739
-18	739
-19	739
-20	739
-21	739
-22	739
-23	739
-24	739
-25	739
-26	739
-27	739
-28	739
-29	739
-30	739
-31	739
-32	739
-33	739
-34	739
-35	739
-36	739
-37	739
-38	739
-39	739
-40	738
-41	738
-42	738
-43	738
-44	738
-45	737
-46	737
-47	737
-48	737
-49	737
-50	736
-51	736
-52	735
-53	735
-54	735
-55	735
-56	734
-57	734
-58	734
-59	733
-60	733
-61	733
-62	733
-63	732
-64	732
-65	732
-66	731
-67	732
-68	732
-69	731
-70	731
-71	731
-72	731
-73	731
-74	730
-75	730
-76	730
-77	730
-78	729
-79	729
-80	729
-81	729
-82	729
-83	728
-84	728
-85	728
-86	728
-87	728
-88	727
-89	727
-90	727
-91	726
-92	726
-93	726
-94	726
-95	725
-96	725
-97	725
-98	724
-99	724
-100	724
-101	723
-102	723
-103	722
-104	722
-105	722
-106	722
-107	721
-108	721
-109	721
-110	721
-111	721
-112	720
-113	720
-114	720
-115	720
-116	719
-117	719
-118	719
-119	719
-120	718
-121	718
-122	717
-123	717
-124	717
-125	716
-126	715
-127	715
-128	715
-129	714
-130	714
-131	714
-132	713
-133	714
-134	713
-135	713
-136	713
-137	712
-138	712
-139	712
-140	711
-141	711
-142	710
-143	710
-144	710
-145	709
-146	709
-147	708
-148	708
-149	708
-150	707
-151	707
-152	707
-153	706
-154	706
-155	706
-156	706
-157	705
-158	705
-159	705
-160	704
-161	704
-162	704
-163	703
-164	703
-165	702
-166	702
-167	701
-168	701
-169	701
-170	700
-171	699
-172	700
-173	699
-174	699
-175	699
-176	698
-177	698
-178	697
-179	697
-180	697
-181	696
-182	696
-183	695
-184	695
-185	695
-186	694
-187	694
-188	693
-189	693
-190	693
-191	692
-192	692
-193	691
-194	691
-195	691
-196	691
-197	690
-198	690
-199	689
-200	689
-201	689
-202	689
-203	688
-204	688
-205	687
-206	687
-207	687
-208	686
-209	686
-210	686
-211	685
-212	685
-213	685
-214	685
-215	684
-216	684
-217	684
-218	684
-219	684
-220	683
-221	683
-222	683
-223	683
-224	683
-225	682
-226	682
-227	682
-228	681
-229	681
-230	681
-231	681
-232	680
-233	680
-234	680
-235	680
-236	680
-237	680
-238	679
-239	679
-240	679
-241	679
-242	679
-243	678
-244	678
-245	678
-246	678
-247	677
-248	677
-249	677
-250	677
-251	677
-252	677
-253	676
-254	676
-255	676
-256	676
-257	676
-258	675
-259	675
-260	675
-261	675
-262	675
-263	675
-264	674
-265	674
-266	674
-267	674
-268	674
-269	673
-270	673
-271	673
-272	673
-273	673
-274	673
-275	673
-276	672
-277	672
-278	672
-279	672
-280	671
-281	671
-282	671
-283	671
-284	671
-285	671
-286	671
-287	670
-288	670
-289	670
-290	670
-291	670
-292	670
-293	670
-294	670
-295	670
-296	669
-297	669
-298	669
-299	669
-300	669
-301	669
-302	668
-303	668
-304	668
-305	668
-306	668
-307	668
-308	668
-309	668
-310	668
-311	668
-312	667
-313	667
-314	667
-315	667
-316	667
-317	666
-318	666
-319	666
-320	666
-321	666
-322	666
-323	666
-324	666
-325	666
-326	666
-327	666
-328	665
-329	665
-330	665
-331	665
-332	665
-333	665
-334	664
-335	664
-336	664
-337	664
-338	664
-339	664
-340	663
-341	663
-342	664
-343	663
-344	663
-345	663
-346	663
-347	662
-348	662
-349	662
-350	662
-351	662
-352	662
-353	661
-354	661
-355	661
-356	661
-357	661
-358	661
-359	661
-360	661
-361	661
-362	661
-363	662
-364	662
-365	662
-366	661
-367	662
-368	662
-369	662
-370	662
-371	661
-372	661
-373	662
-374	661
-375	661
-376	661
-377	661
-378	661
-379	661
-380	660
-381	660
-382	660
-383	660
-384	660
-385	660
-386	659
-387	659
-388	659
-389	659
-390	658
-391	659
-392	658
-393	658
-394	658
-395	658
-396	657
-397	657
-398	657
-399	657
-400	656
-401	656
-402	656
-403	656
-404	656
-405	655
-406	655
-407	655
-408	654
-409	654
-410	654
-411	654
-412	653
-413	653
-414	653
-415	653
-416	653
-417	652
-418	652
-419	652
-420	652
-421	651
-422	651
-423	651
-424	650
-425	650
-426	650
-427	649
-428	649
-429	649
-430	649
-431	648
-432	648
-433	648
-434	647
-435	647
-436	647
-437	646
-438	646
-439	646
-440	645
-441	645
-442	644
-443	644
-444	643
-445	643
-446	642
-447	642
-448	642
-449	641
-450	641
-451	641
-452	640
-453	639
-454	639
-455	639
-456	638
-457	638
-458	637
-459	637
-460	637
-461	636
-462	635
-463	635
-464	635
-465	634
-466	633
-467	633
-468	632
-469	632
-470	632
-471	631
-472	630
-473	630
-474	629
-475	629
-476	628
-477	628
-478	627
-479	627
-480	626
-481	625
-482	625
-483	625
-484	624
-485	623
-486	623
-487	621
-488	621
-489	621
-490	620
-491	619
-492	619
-493	618
-494	617
-495	617
-496	616
-497	615
-498	615
-499	614
-500	614
-501	613
-502	613
-503	611
-504	611
-505	610
-506	609
-507	609
-508	608
-509	607
-510	606
-511	606
-512	605
-513	604
-514	604
-515	603
-516	602
-517	602
-518	601
-519	600
-520	599
-521	598
-522	598
-523	596
-524	596
-525	595
-526	594
-527	593
-528	592
-529	592
-530	591
-531	590
-532	589
-533	589
-534	587
-535	586
-536	586
-537	584
-538	583
-539	583
-540	582
-541	581
-542	580
-543	579
-544	578
-545	577
-546	576
-547	575
-548	574
-549	573
-550	572
-551	571
-552	571
-553	570
-554	569
-555	568
-556	567
-557	566
-558	565
-559	563
-560	563
-561	562
-562	561
-563	559
-564	558
-565	558
-566	556
-567	555
-568	554
-569	552
-570	552
-571	551
-572	549
-573	548
-574	547
-575	545
-576	544
-577	543
-578	542
-579	540
-580	540
-581	538
-582	536
-583	536
-584	534
-585	533
-586	532
-587	530
-588	529
-589	528
-590	527
-591	525
-592	524
-593	523
-594	521
-595	520
-596	520
-597	518
-598	516
-599	515
-600	514
-601	512
-602	512
-603	510
-604	509
-605	509
-606	507
-607	505
-608	505
-609	504
-610	502
-611	501
-612	500
-613	499
-614	498
-615	498
-616	496
-617	495
-618	495
-619	493
-620	492
-621	492
-622	491
-623	489
-624	490
-625	489
-626	487
-627	487
-628	486
-629	485
-630	485
-631	484
-632	482
-633	482
-634	482
-635	480
-636	479
-637	479
-638	477
-639	477
-640	477
-641	475
-642	474
-643	474
-644	473
-645	472
-646	472
-647	471
-648	470
-649	470
-650	470
-651	468
-652	468
-653	468
-654	466
-655	466
-656	466
-657	464
-658	464
-659	464
-660	463
-661	462
-662	463
-663	462
-664	461
-665	461
-666	460
-667	459
-668	460
-669	460
-670	458
-671	458
-672	458
-673	457
-674	457
-675	457
-676	456
-677	456
-678	457
-679	455
-680	455
-681	456
-682	454
-683	454
-684	455
-685	454
-686	454
-687	455
-688	454
-689	453
-690	454
-691	454
-692	452
-693	454
-694	454
-695	453
-696	454
-697	454
-698	453
-699	454
-700	455
-701	453
-702	454
-703	455
-704	454
-705	454
-706	455
-707	455
-708	455
-709	456
-710	455
-711	455
-712	456
-713	457
-714	456
-715	457
-716	458
-717	457
-718	458
-719	459
-720	457
-721	458
-722	460
-723	460
-724	460
-725	461
-726	460
-727	461
-728	463
-729	462
-730	462
-731	464
-732	464
-733	464
-734	465
-735	466
-736	465
-737	467
-738	468
-739	467
-740	468
-741	469
-742	469
-743	470
-744	471
-745	471
-746	471
-747	473
-748	473
-749	473
-750	474
-751	474
-752	473
-753	475
-754	474
-755	474
-756	475
-757	476
-758	474
-759	476
-760	476
-761	475
-762	476
-763	477
-764	476
-765	477
-766	478
-767	477
-768	477
-769	479
-770	478
-771	478
-772	480
-773	479
-774	479
-775	480
-776	480
-777	480
-778	481
-779	482
-780	481
-781	483
-782	484
-783	483
-784	484
-785	486
-786	485
-787	486
-788	488
-789	487
-790	488
-791	489
-792	489
-793	490
-794	491
-795	492
-796	492
-797	493
-798	493
-799	494
-800	495
-801	496
-802	496
-803	497
-804	498
-805	497
-806	499
-807	500
-808	499
-809	501
-810	501
-811	502
-812	502
-813	503
-814	503
-815	503
-816	504
-817	505
-818	504
-819	506
-820	506
-821	506
-822	508
-823	508
-824	507
-825	509
-826	509
-827	509
-828	509
-829	511
-830	511
-831	511
-832	512
-833	512
-834	512
-835	513
-836	514
-837	513
-838	514
-839	514
-840	514
-841	516
-842	516
-843	516
-844	517
-845	517
-846	517
-847	518
-848	518
-849	518
-850	518
-851	520
-852	519
-853	520
-854	520
-855	520
-856	520
-857	521
-858	520
-859	521
-860	522
-861	522
-862	522
-863	522
-864	522
-865	522
-866	523
-867	523
-868	522
-869	523
-870	524
-871	523
-872	524
-873	524
-874	523
-875	524
-876	525
-877	524
-878	524
-879	524
-880	524
-881	524
-882	525
-883	524
-884	524
-885	524
-886	524
-887	524
-888	524
-889	524
-890	524
-891	524
-892	524
-893	524
-894	524
-895	524
-896	523
-897	523
-898	524
-899	523
-900	523
-901	524
-902	523
-903	523
-904	523
-905	522
-906	522
-907	523
-908	522
-909	521
-910	522
-911	522
-912	521
-913	521
-914	521
-915	520
-916	520
-917	520
-918	519
-919	519
-920	519
-921	518
-922	518
-923	518
-924	518
-925	517
-926	518
-927	516
-928	516
-929	516
-930	516
-931	515
-932	515
-933	514
-934	513
-935	513
-936	513
-937	512
-938	512
-939	512
-940	510
-941	510
-942	510
-943	509
-944	508
-945	508
-946	507
-947	506
-948	507
-949	506
-950	505
-951	505
-952	504
-953	503
-954	503
-955	503
-956	501
-957	501
-958	501
-959	499
-960	499
-961	499
-962	497
-963	497
-964	496
-965	495
-966	494
-967	494
-968	492
-969	491
-970	492
-971	490
-972	489
-973	489
-974	487
-975	486
-976	486
-977	485
-978	483
-979	483
-980	482
-981	479
-982	479
-983	478
-984	476
-985	476
-986	476
-987	473
-988	472
-989	472
-990	470
-991	469
-992	469
-993	467
-994	465
-995	465
-996	463
-997	461
-998	461
-999	460
-1000	458
-1001	456
-1002	456
-1003	455
-1004	454
-1005	451
-1006	450
-1007	450
-1008	449
-1009	446
-1010	444
-1011	444
-1012	443
-1013	442
-1014	441
-1015	439
-1016	437
-1017	437
-1018	437
-1019	435
-1020	432
-1021	432
-1022	431
-1023	431
-1024	430
-1025	428
-1026	426
-1027	425
-1028	425
-1029	424
-1030	422
-1031	419
-1032	419
-1033	420
-1034	418
-1035	416
-1036	414
-1037	413
-1038	412
-1039	412
-1040	410
-1041	407
-1042	406
-1043	406
-1044	406
-1045	403
-1046	400
-1047	399
-1048	399
-1049	399
-1050	396
-1051	394
-1052	392
-1053	393
-1054	393
-1055	391
-1056	387
-1057	386
-1058	386
-1059	386
-1060	384
-1061	381
-1062	378
-1063	377
-1064	379
-1065	377
-1066	374
-1067	371
-1068	371
-1069	372
-1070	371
-1071	368
-1072	364
-1073	364
-1074	364
-1075	364
-1076	361
-1077	357
-1078	356
-1079	357
-1080	357
-1081	354
-1082	350
-1083	348
-1084	349
-1085	349
-1086	347
-1087	343
-1088	340
-1089	342
-1090	343
-1091	340
-1092	336
-1093	334
-1094	334
-1095	335
-1096	334
-1097	329
-1098	326
-1099	327
-1100	328
-1101	327
-1102	322
-1103	319
-1104	320
-1105	322
-1106	320
-1107	316
-1108	312
-1109	313
-1110	315
-1111	315
-1112	310
-1113	306
-1114	306
-1115	308
-1116	309
-1117	305
-1118	301
-1119	300
-1120	302
-1121	304
-1122	300
-1123	296
-1124	295
-1125	297
-1126	298
-1127	297
-1128	292
-1129	290
-1130	293
-1131	295
-1132	294
-1133	289
-1134	287
-1135	288
-1136	292
-1137	291
-1138	288
-1139	284
-1140	286
-1141	289
-1142	290
-1143	287
-1144	283
-1145	284
-1146	287
-1147	290
-1148	286
-1149	283
-1150	282
-1151	287
-1152	289
-1153	288
-1154	284
-1155	283
-1156	286
-1157	289
-1158	289
-1159	284
-1160	283
-1161	286
-1162	290
-1163	289
-1164	286
-1165	284
-1166	285
-1167	290
-1168	290
-1169	287
-1170	283
-1171	285
-1172	290
-1173	291
-1174	289
-1175	285
-1176	286
-1177	289
-1178	292
-1179	290
-1180	287
-1181	287
-1182	291
-1183	295
-1184	294
-1185	291
-1186	290
-1187	293
-1188	297
-1189	298
-1190	295
-1191	293
-1192	296
-1193	301
-1194	302
-1195	300
-1196	297
-1197	300
-1198	305
-1199	307
-1200	306
-1201	304
-1202	304
-1203	309
-1204	312
-1205	311
-1206	309
-1207	309
-1208	313
-1209	317
-1210	317
-1211	314
-1212	314
-1213	317
-1214	321
-1215	322
-1216	319
-1217	319
-1218	321
-1219	326
-1220	327
-1221	326
-1222	324
-1223	325
-1224	330
-1225	331
-1226	331
-1227	329
-1228	331
-1229	334
-1230	337
-1231	337
-1232	335
-1233	336
-1234	339
-1235	342
-1236	343
-1237	341
-1238	341
-1239	344
-1240	347
-1241	349
-1242	347
-1243	346
-1244	349
-1245	352
-1246	354
-1247	353
-1248	352
-1249	353
-1250	357
-1251	359
-1252	359
-1253	357
-1254	358
-1255	361
-1256	364
-1257	364
-1258	362
-1259	363
-1260	365
-1261	368
-1262	368
-1263	367
-1264	366
-1265	368
-1266	370
-1267	372
-1268	370
-1269	370
-1270	371
-1271	374
-1272	375
-1273	375
-1274	374
-1275	375
-1276	377
-1277	379
-1278	378
-1279	376
-1280	377
-1281	380
-1282	382
-1283	381
-1284	380
-1285	380
-1286	383
-1287	384
-1288	384
-1289	383
-1290	382
-1291	386
-1292	387
-1293	386
-1294	386
-1295	385
-1296	387
-1297	389
-1298	388
-1299	388
-1300	387
-1301	389
-1302	391
-1303	390
-1304	389
-1305	389
-1306	390
-1307	392
-1308	393
-1309	391
-1310	390
-1311	391
-1312	393
-1313	393
-1314	392
-1315	391
-1316	392
-1317	393
-1318	395
-1319	394
-1320	392
-1321	393
-1322	394
-1323	396
-1324	395
-1325	393
-1326	393
-1327	395
-1328	396
-1329	395
-1330	393
-1331	393
-1332	394
-1333	396
-1334	394
-1335	393
-1336	392
-1337	394
-1338	395
-1339	395
-1340	394
-1341	392
-1342	393
-1343	395
-1344	395
-1345	392
-1346	391
-1347	392
-1348	394
-1349	394
-1350	392
-1351	391
-1352	391
-1353	392
-1354	393
-1355	392
-1356	390
-1357	389
-1358	391
-1359	391
-1360	389
-1361	388
-1362	387
-1363	388
-1364	389
-1365	388
-1366	385
-1367	385
-1368	386
-1369	387
-1370	386
-1371	383
-1372	382
-1373	383
-1374	383
-1375	383
-1376	380
-1377	378
-1378	380
-1379	381
-1380	380
-1381	377
-1382	375
-1383	376
-1384	377
-1385	376
-1386	373
-1387	370
-1388	372
-1389	373
-1390	372
-1391	369
-1392	366
-1393	367
-1394	369
-1395	368
-1396	365
-1397	361
-1398	362
-1399	364
-1400	363
-1401	360
-1402	357
-1403	357
-1404	358
-1405	358
-1406	355
-1407	352
-1408	351
-1409	352
-1410	353
-1411	350
-1412	346
-1413	346
-1414	346
-1415	348
-1416	345
-1417	340
-1418	340
-1419	341
-1420	343
-1421	340
-1422	335
-1423	335
-1424	336
-1425	337
-1426	335
-1427	330
-1428	329
-1429	331
-1430	332
-1431	330
-1432	326
-1433	324
-1434	325
-1435	326
-1436	325
-1437	320
-1438	317
-1439	318
-1440	320
-1441	319
-1442	314
-1443	311
-1444	311
-1445	314
-1446	312
-1447	308
-1448	304
-1449	304
-1450	307
-1451	306
-1452	302
-1453	297
-1454	298
-1455	300
-1456	300
-1457	296
-1458	291
-1459	290
-1460	292
-1461	293
-1462	289
-1463	284
-1464	281
-1465	285
-1466	287
-1467	282
-1468	277
-1469	275
-1470	278
-1471	279
-1472	275
-1473	270
-1474	266
-1475	269
-1476	270
-1477	268
-1478	261
-1479	258
-1480	260
-1481	262
-1482	260
-1483	253
-1484	250
-1485	255
-1486	253
-1487	244
-1488	246
-1489	249
-1490	243
-1491	237
-1492	241
-1493	242
-1494	234
-1495	232
-1496	237
-1497	233
-1498	225
-1499	227
-1500	230
-1501	222
-1502	217
-1503	222
-1504	222
-1505	213
-1506	212
-1507	216
-1508	213
-1509	204
-1510	206
-1511	210
-1512	203
-1513	198
-1514	202
-1515	202
-1516	193
-1517	191
-1518	198
-1519	193
-1520	185
-1521	188
-1522	190
-1523	184
-1524	179
-1525	184
-1526	185
-1527	174
-1528	175
-1529	181
-1530	176
-1531	169
-1532	172
-1533	175
-1534	168
-1535	164
-1536	170
-1537	169
-1538	160
-1539	162
-1540	167
-1541	162
-1542	156
-1543	159
-1544	163
-1545	156
-1546	153
-1547	159
-1548	159
-1549	150
-1550	152
-1551	159
-1552	155
-1553	149
-1554	155
-1555	159
-1556	152
-1557	149
-1558	156
-1559	158
-1560	151
-1561	151
-1562	159
-1563	156
-1564	149
-1565	154
-1566	159
-1567	153
-1568	150
-1569	156
-1570	158
-1571	150
-1572	152
-1573	159
-1574	157
-1575	150
-1576	155
-1577	161
-1578	154
-1579	151
-1580	158
-1581	161
-1582	154
-1583	155
-1584	163
-1585	162
-1586	156
-1587	161
-1588	167
-1589	164
-1590	160
-1591	167
-1592	171
-1593	165
-1594	166
-1595	175
-1596	175
-1597	170
-1598	174
-1599	182
-1600	179
-1601	175
-1602	182
-1603	187
-1604	181
-1605	182
-1606	191
-1607	192
-1608	186
-1609	190
-1610	198
-1611	194
-1612	192
-1613	199
-1614	203
-1615	198
-1616	199
-1617	208
-1618	208
-1619	202
-1620	207
-1621	215
-1622	210
-1623	209
-1624	217
-1625	220
-1626	214
-1627	217
-1628	225
-1629	223
-1630	219
-1631	227
-1632	232
-1633	226
-1634	227
-1635	235
-1636	237
-1637	232
-1638	235
-1639	243
-1640	241
-1641	238
-1642	244
-1643	250
-1644	246
-1645	244
-1646	253
-1647	255
-1648	250
-1649	253
-1650	261
-1651	262
-1652	257
-1653	257
-1654	261
-1655	266
-1656	268
-1657	265
-1658	263
-1659	266
-1660	273
-1661	275
-1662	273
-1663	270
-1664	272
-1665	278
-1666	281
-1667	280
-1668	276
-1669	278
-1670	282
-1671	287
-1672	285
-1673	283
-1674	283
-1675	287
-1676	292
-1677	292
-1678	289
-1679	287
-1680	292
-1681	296
-1682	297
-1683	294
-1684	293
-1685	296
-1686	300
-1687	302
-1688	299
-1689	297
-1690	298
-1691	304
-1692	305
-1693	304
-1694	301
-1695	303
-1696	307
-1697	310
-1698	309
-1699	305
-1700	305
-1701	309
-1702	313
-1703	312
-1704	309
-1705	309
-1706	312
-1707	316
-1708	317
-1709	314
-1710	311
-1711	314
-1712	318
-1713	320
-1714	317
-1715	314
-1716	315
-1717	320
-1718	322
-1719	319
-1720	317
-1721	316
-1722	322
-1723	324
-1724	322
-1725	319
-1726	319
-1727	324
-1728	325
-1729	324
-1730	321
-1731	320
-1732	324
-1733	327
-1734	326
-1735	323
-1736	321
-1737	325
-1738	327
-1739	327
-1740	324
-1741	323
-1742	326
-1743	328
-1744	328
-1745	325
-1746	323
-1747	326
-1748	330
-1749	329
-1750	326
-1751	324
-1752	326
-1753	329
-1754	330
-1755	326
-1756	324
-1757	325
-1758	329
-1759	330
-1760	327
-1761	324
-1762	324
-1763	328
-1764	329
-1765	326
-1766	323
-1767	324
-1768	326
-1769	328
-1770	326
-1771	322
-1772	323
-1773	326
-1774	327
-1775	324
-1776	320
-1777	321
-1778	324
-1779	325
-1780	323
-1781	319
-1782	318
-1783	322
-1784	323
-1785	321
-1786	317
-1787	316
-1788	319
-1789	321
-1790	319
-1791	314
-1792	313
-1793	315
-1794	317
-1795	316
-1796	312
-1797	309
-1798	311
-1799	313
-1800	313
-1801	309
-1802	306
-1803	307
-1804	310
-1805	310
-1806	306
-1807	302
-1808	303
-1809	305
-1810	306
-1811	303
-1812	297
-1813	298
-1814	301
-1815	303
-1816	300
-1817	295
-1818	294
-1819	297
-1820	298
-1821	297
-1822	292
-1823	289
-1824	292
-1825	295
-1826	292
-1827	288
-1828	285
-1829	287
-1830	291
-1831	289
-1832	285
-1833	280
-1834	282
-1835	285
-1836	286
-1837	281
-1838	276
-1839	277
-1840	280
-1841	282
-1842	276
-1843	272
-1844	271
-1845	275
-1846	276
-1847	273
-1848	267
-1849	266
-1850	269
-1851	271
-1852	268
-1853	261
-1854	260
-1855	263
-1856	266
-1857	263
-1858	257
-1859	255
-1860	259
-1861	261
-1862	257
-1863	250
-1864	251
-1865	256
-1866	254
-1867	245
-1868	246
-1869	251
-1870	246
-1871	239
-1872	244
-1873	244
-1874	237
-1875	235
-1876	241
-1877	239
-1878	231
-1879	232
-1880	236
-1881	231
-1882	225
-1883	229
-1884	231
-1885	223
-1886	220
-1887	225
-1888	222
-1889	215
-1890	216
-1891	221
-1892	215
-1893	208
-1894	212
-1895	213
-1896	205
-1897	202
-1898	208
-1899	206
-1900	198
-1901	198
-1902	202
-1903	197
-1904	189
-1905	193
-1906	196
-1907	188
-1908	183
-1909	189
-1910	188
-1911	178
-1912	178
-1913	183
-1914	178
-1915	170
-1916	174
-1917	176
-1918	167
-1919	163
-1920	169
-1921	167
-1922	157
-1923	158
-1924	163
-1925	156
-1926	149
-1927	153
-1928	154
-1929	145
-1930	142
-1931	147
-1932	144
-1933	135
-1934	138
-1935	139
-1936	132
-1937	127
-1938	132
-1939	132
-1940	122
-1941	120
-1942	127
-1943	121
-1944	113
-1945	115
-1946	118
-1947	110
-1948	106
-1949	111
-1950	110
-1951	101
-1952	103
-1953	109
-1954	103
-1955	96
-1956	105
-1957	103
-1958	94
-1959	101
-1960	103
-1961	93
-1962	99
-1963	99
-1964	92
-1965	100
-1966	96
-1967	92
-1968	100
-1969	92
-1970	93
-1971	97
-1972	88
-1973	97
-1974	90
-1975	89
-1976	94
-1977	84
-1978	93
-1979	85
-1980	85
-1981	90
-1982	80
-1983	88
-1984	82
-1985	80
-1986	86
-1987	76
-1988	84
-1989	79
-1990	77
-1991	84
-1992	74
-1993	81
-1994	78
-1995	76
-1996	83
-1997	73
-1998	81
-1999	79
-2000	76
-2001	84
-2002	75
-2003	82
-2004	81
-2005	77
-2006	86
-2007	78
-2008	85
-2009	85
-2010	80
-2011	90
-2012	83
-2013	88
-2014	90
-2015	84
-2016	95
-2017	88
-2018	94
-2019	97
-2020	91
-2021	101
-2022	99
-2023	95
-2024	105
-2025	100
-2026	99
-2027	109
-2028	107
-2029	103
-2030	111
-2031	117
-2032	111
-2033	110
-2034	121
-2035	121
-2036	116
-2037	120
-2038	130
-2039	126
-2040	122
-2041	129
-2042	136
-2043	131
-2044	131
-2045	140
-2046	142
-2047	136
-2048	140
-2049	150
-2050	147
-2051	144
-2052	150
-2053	156
-2054	151
-2055	151
-2056	160
-2057	163
-2058	157
-2059	159
-2060	168
-2061	167
-2062	161
-2063	169
-2064	175
-2065	171
-2066	168
-2067	177
-2068	180
-2069	173
-2070	176
-2071	185
-2072	185
-2073	179
-2074	184
-2075	191
-2076	187
-2077	184
-2078	192
-2079	196
-2080	191
-2081	191
-2082	198
-2083	200
-2084	194
-2085	199
-2086	205
-2087	201
-2088	198
-2089	206
-2090	209
-2091	202
-2092	204
-2093	213
-2094	212
-2095	206
-2096	211
-2097	218
-2098	213
-2099	211
-2100	218
-2101	221
-2102	215
-2103	214
-2104	224
-2105	224
-2106	217
-2107	222
-2108	228
-2109	224
-2110	221
-2111	229
-2112	231
-2113	226
-2114	226
-2115	234
