 program name: ./diff
 argument n. 1 diffra1
4.19847e-05 168
4.19656e-05 173
4.19466e-05 182
4.19275e-05 175
4.19084e-05 179
4.18893e-05 181
4.18702e-05 174
4.18511e-05 179
4.18321e-05 180
4.1813e-05 173
4.17939e-05 178
4.17748e-05 178
4.17557e-05 171
4.17366e-05 178
4.17176e-05 177
4.16985e-05 170
4.16794e-05 177
4.16603e-05 175
4.16412e-05 169
4.16221e-05 176
4.16031e-05 174
4.1584e-05 168
4.15649e-05 175
4.15458e-05 172
4.15267e-05 167
4.15076e-05 173
4.14885e-05 170
4.14695e-05 165
4.14504e-05 173
4.14313e-05 168
4.14122e-05 164
4.13931e-05 171
4.1374e-05 166
4.1355e-05 163
4.13359e-05 170
4.13168e-05 164
4.12977e-05 162
4.12786e-05 168
4.12595e-05 161
4.12405e-05 160
4.12214e-05 166
4.12023e-05 159
4.11832e-05 159
4.11641e-05 164
4.1145e-05 157
4.1126e-05 157
4.11069e-05 162
4.10878e-05 154
4.10687e-05 155
4.10496e-05 160
4.10305e-05 152
4.10115e-05 154
4.09924e-05 158
4.09733e-05 149
4.09542e-05 152
4.09351e-05 155
4.0916e-05 145
4.08969e-05 151
4.08779e-05 152
4.08588e-05 144
4.08397e-05 150
4.08206e-05 150
4.08015e-05 142
4.07824e-05 147
4.07634e-05 147
4.07443e-05 139
4.07252e-05 145
4.07061e-05 144
4.0687e-05 137
4.06679e-05 144
4.06489e-05 142
4.06298e-05 135
4.06107e-05 142
4.05916e-05 139
4.05725e-05 133
4.05534e-05 140
4.05344e-05 136
4.05153e-05 131
4.04962e-05 138
4.04771e-05 132
4.0458e-05 129
4.04389e-05 135
4.04198e-05 129
4.04008e-05 126
4.03817e-05 133
4.03626e-05 126
4.03435e-05 124
4.03244e-05 130
4.03053e-05 123
4.02863e-05 122
4.02672e-05 128
4.02481e-05 120
4.0229e-05 119
4.02099e-05 125
4.01908e-05 117
4.01718e-05 117
4.01527e-05 122
4.01336e-05 114
4.01145e-05 116
4.00954e-05 119
4.00763e-05 110
4.00573e-05 113
4.00382e-05 116
4.00191e-05 107
4e-05 112
3.99809e-05 113
3.99618e-05 105
3.99427e-05 109
3.99237e-05 110
3.99046e-05 102
3.98855e-05 108
3.98664e-05 106
3.98473e-05 99
3.98282e-05 106
3.98092e-05 100
3.97901e-05 99
3.9771e-05 102
3.97519e-05 95
3.97328e-05 102
3.97137e-05 97
3.96947e-05 97
3.96756e-05 96
3.96565e-05 93
3.96374e-05 96
3.96183e-05 89
3.95992e-05 95
3.95802e-05 87
3.95611e-05 95
3.9542e-05 86
3.95229e-05 93
3.95038e-05 86
3.94847e-05 90
3.94656e-05 84
3.94466e-05 88
3.94275e-05 86
3.94084e-05 85
3.93893e-05 87
3.93702e-05 82
3.93511e-05 86
3.93321e-05 78
3.9313e-05 87
3.92939e-05 77
3.92748e-05 86
3.92557e-05 76
3.92366e-05 83
3.92176e-05 77
3.91985e-05 82
3.91794e-05 78
3.91603e-05 79
3.91412e-05 79
3.91221e-05 76
3.91031e-05 80
3.9084e-05 74
3.90649e-05 81
3.90458e-05 73
3.90267e-05 81
3.90076e-05 72
3.89885e-05 80
3.89695e-05 73
3.89504e-05 79
3.89313e-05 74
3.89122e-05 77
3.88931e-05 76
3.8874e-05 75
3.8855e-05 78
3.88359e-05 73
3.88168e-05 80
3.87977e-05 73
3.87786e-05 81
3.87595e-05 73
3.87405e-05 80
3.87214e-05 73
3.87023e-05 81
3.86832e-05 75
3.86641e-05 81
3.8645e-05 78
3.8626e-05 80
3.86069e-05 81
3.85878e-05 79
3.85687e-05 84
3.85496e-05 79
3.85305e-05 87
3.85115e-05 79
3.84924e-05 87
3.84733e-05 80
3.84542e-05 89
3.84351e-05 83
3.8416e-05 89
3.83969e-05 86
3.83779e-05 89
3.83588e-05 89
3.83397e-05 89
3.83206e-05 91
3.83015e-05 89
3.82824e-05 97
3.82634e-05 89
3.82443e-05 99
3.82252e-05 91
3.82061e-05 101
3.8187e-05 97
3.81679e-05 99
3.81489e-05 99
3.81298e-05 99
3.81107e-05 104
3.80916e-05 99
3.80725e-05 108
3.80534e-05 104
3.80344e-05 103
3.80153e-05 112
3.79962e-05 107
3.79771e-05 108
3.7958e-05 115
3.79389e-05 111
3.79198e-05 112
3.79008e-05 120
3.78817e-05 113
3.78626e-05 116
3.78435e-05 123
3.78244e-05 117
3.78053e-05 120
3.77863e-05 126
3.77672e-05 120
3.77481e-05 124
3.7729e-05 130
3.77099e-05 123
3.76908e-05 128
3.76718e-05 133
3.76527e-05 126
3.76336e-05 132
3.76145e-05 136
3.75954e-05 130
3.75763e-05 137
3.75573e-05 140
3.75382e-05 133
3.75191e-05 141
3.75e-05 142
3.74809e-05 137
3.74618e-05 145
3.74427e-05 145
3.74237e-05 141
3.74046e-05 150
3.73855e-05 148
3.73664e-05 145
3.73473e-05 154
3.73282e-05 151
3.73092e-05 149
3.72901e-05 157
3.7271e-05 154
3.72519e-05 153
3.72328e-05 161
3.72137e-05 157
3.71947e-05 157
3.71756e-05 165
3.71565e-05 160
3.71374e-05 161
3.71183e-05 168
3.70992e-05 162
3.70802e-05 166
3.70611e-05 171
3.7042e-05 165
3.70229e-05 170
3.70038e-05 174
3.69847e-05 168
3.69656e-05 174
3.69466e-05 178
3.69275e-05 171
3.69084e-05 178
3.68893e-05 179
3.68702e-05 175
3.68511e-05 182
3.68321e-05 182
3.6813e-05 178
3.67939e-05 186
3.67748e-05 185
3.67557e-05 181
3.67366e-05 189
3.67176e-05 187
3.66985e-05 185
3.66794e-05 193
3.66603e-05 189
3.66412e-05 188
3.66221e-05 196
3.66031e-05 191
3.6584e-05 192
3.65649e-05 199
3.65458e-05 194
3.65267e-05 195
3.65076e-05 202
3.64885e-05 196
3.64695e-05 198
3.64504e-05 205
3.64313e-05 199
3.64122e-05 201
3.63931e-05 207
3.6374e-05 201
3.6355e-05 204
3.63359e-05 209
3.63168e-05 203
3.62977e-05 207
3.62786e-05 212
3.62595e-05 206
3.62405e-05 210
3.62214e-05 214
3.62023e-05 208
3.61832e-05 213
3.61641e-05 216
3.6145e-05 210
3.6126e-05 216
3.61069e-05 219
3.60878e-05 212
3.60687e-05 218
3.60496e-05 221
3.60305e-05 215
3.60115e-05 221
3.59924e-05 223
3.59733e-05 217
3.59542e-05 224
3.59351e-05 225
3.5916e-05 218
3.58969e-05 226
3.58779e-05 226
3.58588e-05 221
3.58397e-05 228
3.58206e-05 228
3.58015e-05 223
3.57824e-05 230
3.57634e-05 229
3.57443e-05 225
3.57252e-05 232
3.57061e-05 231
3.5687e-05 227
3.56679e-05 234
3.56489e-05 232
3.56298e-05 229
3.56107e-05 236
3.55916e-05 234
3.55725e-05 231
3.55534e-05 238
3.55344e-05 235
3.55153e-05 233
3.54962e-05 240
3.54771e-05 236
3.5458e-05 234
3.54389e-05 241
3.54198e-05 237
3.54008e-05 236
3.53817e-05 243
3.53626e-05 238
3.53435e-05 238
3.53244e-05 245
3.53053e-05 239
3.52863e-05 240
3.52672e-05 245
3.52481e-05 240
3.5229e-05 241
3.52099e-05 247
3.51908e-05 240
3.51718e-05 243
3.51527e-05 247
3.51336e-05 241
3.51145e-05 244
3.50954e-05 247
3.50763e-05 241
3.50573e-05 245
3.50382e-05 248
3.50191e-05 242
3.5e-05 247
3.49809e-05 249
3.49618e-05 243
3.49427e-05 248
3.49237e-05 250
3.49046e-05 244
3.48855e-05 249
3.48664e-05 250
3.48473e-05 245
3.48282e-05 251
3.48092e-05 251
3.47901e-05 245
3.4771e-05 251
3.47519e-05 251
3.47328e-05 246
3.47137e-05 253
3.46947e-05 251
3.46756e-05 247
3.46565e-05 253
3.46374e-05 252
3.46183e-05 248
3.45992e-05 254
3.45802e-05 251
3.45611e-05 248
3.4542e-05 255
3.45229e-05 252
3.45038e-05 249
3.44847e-05 256
3.44656e-05 253
3.44466e-05 248
3.44275e-05 255
3.44084e-05 253
3.43893e-05 249
3.43702e-05 255
3.43511e-05 252
3.43321e-05 249
3.4313e-05 255
3.42939e-05 252
3.42748e-05 249
3.42557e-05 256
3.42366e-05 253
3.42176e-05 249
3.41985e-05 254
3.41794e-05 252
3.41603e-05 248
3.41412e-05 254
3.41221e-05 252
3.41031e-05 247
3.4084e-05 254
3.40649e-05 251
3.40458e-05 248
3.40267e-05 254
3.40076e-05 249
3.39885e-05 248
3.39695e-05 254
3.39504e-05 249
3.39313e-05 247
3.39122e-05 253
3.38931e-05 248
3.3874e-05 247
3.3855e-05 253
3.38359e-05 246
3.38168e-05 247
3.37977e-05 252
3.37786e-05 245
3.37595e-05 247
3.37405e-05 251
3.37214e-05 244
3.37023e-05 247
3.36832e-05 249
3.36641e-05 243
3.3645e-05 246
3.3626e-05 248
3.36069e-05 241
3.35878e-05 246
3.35687e-05 246
3.35496e-05 240
3.35305e-05 245
3.35115e-05 244
3.34924e-05 239
3.34733e-05 244
3.34542e-05 243
3.34351e-05 236
3.3416e-05 243
3.33969e-05 241
3.33779e-05 236
3.33588e-05 242
3.33397e-05 239
3.33206e-05 234
3.33015e-05 239
3.32824e-05 237
3.32634e-05 233
3.32443e-05 239
3.32252e-05 234
3.32061e-05 231
3.3187e-05 237
3.31679e-05 233
3.31489e-05 230
3.31298e-05 236
3.31107e-05 230
3.30916e-05 228
3.30725e-05 233
3.30534e-05 228
3.30344e-05 226
3.30153e-05 232
3.29962e-05 226
3.29771e-05 225
3.2958e-05 230
3.29389e-05 223
3.29198e-05 223
3.29008e-05 228
3.28817e-05 220
3.28626e-05 222
3.28435e-05 225
3.28244e-05 217
3.28053e-05 220
3.27863e-05 223
3.27672e-05 215
3.27481e-05 218
3.2729e-05 220
3.27099e-05 212
3.26908e-05 216
3.26718e-05 217
3.26527e-05 209
3.26336e-05 214
3.26145e-05 214
3.25954e-05 207
3.25763e-05 212
3.25573e-05 211
3.25382e-05 204
3.25191e-05 210
3.25e-05 208
3.24809e-05 201
3.24618e-05 207
3.24427e-05 204
3.24237e-05 199
3.24046e-05 205
3.23855e-05 201
3.23664e-05 196
3.23473e-05 202
3.23282e-05 197
3.23092e-05 193
3.22901e-05 200
3.2271e-05 194
3.22519e-05 191
3.22328e-05 197
3.22137e-05 189
3.21947e-05 189
3.21756e-05 194
3.21565e-05 185
3.21374e-05 186
3.21183e-05 190
3.20992e-05 181
3.20802e-05 184
3.20611e-05 186
3.2042e-05 178
3.20229e-05 181
3.20038e-05 183
3.19847e-05 174
3.19656e-05 178
3.19466e-05 179
3.19275e-05 171
3.19084e-05 175
3.18893e-05 176
3.18702e-05 168
3.18511e-05 172
3.18321e-05 172
3.1813e-05 164
3.17939e-05 169
3.17748e-05 168
3.17557e-05 161
3.17366e-05 167
3.17176e-05 164
3.16985e-05 158
3.16794e-05 165
3.16603e-05 160
3.16412e-05 155
3.16221e-05 161
3.16031e-05 156
3.1584e-05 151
3.15649e-05 158
3.15458e-05 152
3.15267e-05 149
3.15076e-05 154
3.14885e-05 148
3.14695e-05 146
3.14504e-05 152
3.14313e-05 145
3.14122e-05 144
3.13931e-05 150
3.1374e-05 141
3.1355e-05 142
3.13359e-05 147
3.13168e-05 139
3.12977e-05 141
3.12786e-05 144
3.12595e-05 136
3.12405e-05 139
3.12214e-05 142
3.12023e-05 133
3.11832e-05 138
3.11641e-05 140
3.1145e-05 133
3.1126e-05 137
3.11069e-05 138
3.10878e-05 130
3.10687e-05 136
3.10496e-05 136
3.10305e-05 129
3.10115e-05 136
3.09924e-05 134
3.09733e-05 129
3.09542e-05 136
3.09351e-05 133
3.0916e-05 129
3.08969e-05 136
3.08779e-05 132
3.08588e-05 129
3.08397e-05 137
3.08206e-05 130
3.08015e-05 130
3.07824e-05 136
3.07634e-05 130
3.07443e-05 130
3.07252e-05 137
3.07061e-05 130
3.0687e-05 131
3.06679e-05 136
3.06489e-05 130
3.06298e-05 133
3.06107e-05 137
3.05916e-05 130
3.05725e-05 135
3.05534e-05 137
3.05344e-05 130
3.05153e-05 137
3.04962e-05 139
3.04771e-05 132
3.0458e-05 139
3.04389e-05 139
3.04198e-05 133
3.04008e-05 140
3.03817e-05 140
3.03626e-05 134
3.03435e-05 142
3.03244e-05 142
3.03053e-05 136
3.02863e-05 144
3.02672e-05 143
3.02481e-05 139
3.0229e-05 146
3.02099e-05 145
3.01908e-05 141
3.01718e-05 150
3.01527e-05 147
3.01336e-05 144
3.01145e-05 152
3.00954e-05 148
3.00763e-05 146
3.00573e-05 155
3.00382e-05 151
3.00191e-05 149
3e-05 158
2.99809e-05 154
2.99618e-05 153
2.99427e-05 160
2.99237e-05 156
2.99046e-05 156
2.98855e-05 164
2.98664e-05 158
2.98473e-05 160
2.98282e-05 168
2.98092e-05 162
2.97901e-05 165
2.9771e-05 171
2.97519e-05 165
2.97328e-05 169
2.97137e-05 175
2.96947e-05 169
2.96756e-05 174
2.96565e-05 180
2.96374e-05 174
2.96183e-05 180
2.95992e-05 185
2.95802e-05 179
2.95611e-05 185
2.9542e-05 190
2.95229e-05 184
2.95038e-05 191
2.94847e-05 196
2.94656e-05 190
2.94466e-05 197
2.94275e-05 200
2.94084e-05 195
2.93893e-05 202
2.93702e-05 205
2.93511e-05 200
2.93321e-05 208
2.9313e-05 210
2.92939e-05 206
2.92748e-05 214
2.92557e-05 215
2.92366e-05 211
2.92176e-05 219
2.91985e-05 219
2.91794e-05 216
2.91603e-05 225
2.91412e-05 224
2.91221e-05 221
2.91031e-05 230
2.9084e-05 228
2.90649e-05 227
2.90458e-05 235
2.90267e-05 233
2.90076e-05 232
2.89885e-05 240
2.89695e-05 237
2.89504e-05 237
2.89313e-05 245
2.89122e-05 241
2.88931e-05 242
2.8874e-05 250
2.8855e-05 245
2.88359e-05 247
2.88168e-05 254
2.87977e-05 250
2.87786e-05 252
2.87595e-05 259
2.87405e-05 255
2.87214e-05 256
2.87023e-05 262
2.86832e-05 263
2.86641e-05 259
2.8645e-05 263
2.8626e-05 269
2.86069e-05 269
2.85878e-05 265
2.85687e-05 269
2.85496e-05 275
2.85305e-05 273
2.85115e-05 270
2.84924e-05 276
2.84733e-05 280
2.84542e-05 278
2.84351e-05 276
2.8416e-05 282
2.83969e-05 285
2.83779e-05 282
2.83588e-05 282
2.83397e-05 289
2.83206e-05 289
2.83015e-05 286
2.82824e-05 288
2.82634e-05 294
2.82443e-05 294
2.82252e-05 291
2.82061e-05 294
2.8187e-05 299
2.81679e-05 298
2.81489e-05 295
2.81298e-05 299
2.81107e-05 304
2.80916e-05 302
2.80725e-05 300
2.80534e-05 305
2.80344e-05 309
2.80153e-05 306
2.79962e-05 305
2.79771e-05 309
2.7958e-05 313
2.79389e-05 310
2.79198e-05 310
2.79008e-05 315
2.78817e-05 317
2.78626e-05 313
2.78435e-05 315
2.78244e-05 319
2.78053e-05 321
2.77863e-05 317
2.77672e-05 319
2.77481e-05 324
2.7729e-05 324
2.77099e-05 321
2.76908e-05 324
2.76718e-05 327
2.76527e-05 326
2.76336e-05 324
2.76145e-05 327
2.75954e-05 330
2.75763e-05 327
2.75573e-05 326
2.75382e-05 330
2.75191e-05 331
2.75e-05 329
2.74809e-05 329
2.74618e-05 333
2.74427e-05 333
2.74237e-05 330
2.74046e-05 332
2.73855e-05 336
2.73664e-05 335
2.73473e-05 332
2.73282e-05 335
2.73092e-05 339
2.72901e-05 337
2.7271e-05 336
2.72519e-05 339
2.72328e-05 342
2.72137e-05 339
2.71947e-05 339
2.71756e-05 342
2.71565e-05 344
2.71374e-05 341
2.71183e-05 341
2.70992e-05 345
2.70802e-05 346
2.70611e-05 343
2.7042e-05 344
2.70229e-05 348
2.70038e-05 347
2.69847e-05 345
2.69656e-05 347
2.69466e-05 350
2.69275e-05 349
2.69084e-05 347
2.68893e-05 350
2.68702e-05 352
2.68511e-05 350
2.68321e-05 350
2.6813e-05 353
2.67939e-05 354
2.67748e-05 351
2.67557e-05 352
2.67366e-05 355
2.67176e-05 355
2.66985e-05 353
2.66794e-05 354
2.66603e-05 358
2.66412e-05 356
2.66221e-05 354
2.66031e-05 356
2.6584e-05 359
2.65649e-05 357
2.65458e-05 354
2.65267e-05 358
2.65076e-05 359
2.64885e-05 357
2.64695e-05 356
2.64504e-05 359
2.64313e-05 360
2.64122e-05 357
2.63931e-05 357
2.6374e-05 360
2.6355e-05 360
2.63359e-05 357
2.63168e-05 358
2.62977e-05 361
2.62786e-05 359
2.62595e-05 357
2.62405e-05 359
2.62214e-05 361
2.62023e-05 359
2.61832e-05 357
2.61641e-05 360
2.6145e-05 361
2.6126e-05 359
2.61069e-05 357
2.60878e-05 360
2.60687e-05 361
2.60496e-05 358
2.60305e-05 358
2.60115e-05 361
2.59924e-05 360
2.59733e-05 357
2.59542e-05 358
2.59351e-05 361
2.5916e-05 358
2.58969e-05 357
2.58779e-05 359
2.58588e-05 360
2.58397e-05 357
2.58206e-05 356
2.58015e-05 359
2.57824e-05 359
2.57634e-05 356
2.57443e-05 356
2.57252e-05 358
2.57061e-05 358
2.5687e-05 355
2.56679e-05 356
2.56489e-05 358
2.56298e-05 357
2.56107e-05 354
2.55916e-05 355
2.55725e-05 357
2.55534e-05 355
2.55344e-05 353
2.55153e-05 355
2.54962e-05 356
2.54771e-05 353
2.5458e-05 351
2.54389e-05 354
2.54198e-05 354
2.54008e-05 351
2.53817e-05 350
2.53626e-05 353
2.53435e-05 352
2.53244e-05 348
2.53053e-05 350
2.52863e-05 352
2.52672e-05 349
2.52481e-05 346
2.5229e-05 349
2.52099e-05 350
2.51908e-05 346
2.51718e-05 345
2.51527e-05 348
2.51336e-05 348
2.51145e-05 344
2.50954e-05 344
2.50763e-05 346
2.50573e-05 345
2.50382e-05 342
2.50191e-05 342
2.5e-05 344
2.49809e-05 342
2.49618e-05 339
2.49427e-05 341
2.49237e-05 342
2.49046e-05 339
2.48855e-05 337
2.48664e-05 339
2.48473e-05 340
2.48282e-05 336
2.48092e-05 335
2.47901e-05 338
2.4771e-05 336
2.47519e-05 332
2.47328e-05 333
2.47137e-05 335
2.46947e-05 332
2.46756e-05 330
2.46565e-05 331
2.46374e-05 333
2.46183e-05 329
2.45992e-05 327
2.45802e-05 330
2.45611e-05 330
2.4542e-05 325
2.45229e-05 324
2.45038e-05 327
2.44847e-05 326
2.44656e-05 321
2.44466e-05 322
2.44275e-05 325
2.44084e-05 321
2.43893e-05 317
2.43702e-05 320
2.43511e-05 322
2.43321e-05 317
2.4313e-05 315
2.42939e-05 317
2.42748e-05 317
2.42557e-05 313
2.42366e-05 311
2.42176e-05 314
2.41985e-05 314
2.41794e-05 309
2.41603e-05 308
2.41412e-05 311
2.41221e-05 309
2.41031e-05 303
2.4084e-05 304
2.40649e-05 308
2.40458e-05 305
2.40267e-05 300
2.40076e-05 302
2.39885e-05 304
2.39695e-05 301
2.39504e-05 296
2.39313e-05 298
2.39122e-05 300
2.38931e-05 295
2.3874e-05 292
2.3855e-05 295
2.38359e-05 296
2.38168e-05 291
2.37977e-05 289
2.37786e-05 292
2.37595e-05 292
2.37405e-05 286
2.37214e-05 285
2.37023e-05 289
2.36832e-05 287
2.36641e-05 282
2.3645e-05 282
2.3626e-05 286
2.36069e-05 283
2.35878e-05 278
2.35687e-05 280
2.35496e-05 284
2.35305e-05 280
2.35115e-05 275
2.34924e-05 279
2.34733e-05 281
2.34542e-05 276
2.34351e-05 274
2.3416e-05 278
2.33969e-05 279
2.33779e-05 274
2.33588e-05 273
2.33397e-05 277
2.33206e-05 277
2.33015e-05 271
2.32824e-05 271
2.32634e-05 276
2.32443e-05 274
2.32252e-05 269
2.32061e-05 270
2.3187e-05 275
2.31679e-05 272
2.31489e-05 267
2.31298e-05 270
2.31107e-05 273
2.30916e-05 269
2.30725e-05 265
2.30534e-05 269
2.30344e-05 271
2.30153e-05 266
2.29962e-05 264
2.29771e-05 268
2.2958e-05 269
2.29389e-05 264
2.29198e-05 263
2.29008e-05 268
2.28817e-05 268
2.28626e-05 262
2.28435e-05 263
2.28244e-05 268
2.28053e-05 266
2.27863e-05 260
2.27672e-05 263
2.27481e-05 266
2.2729e-05 264
2.27099e-05 259
2.26908e-05 263
2.26718e-05 267
2.26527e-05 262
2.26336e-05 260
2.26145e-05 264
2.25954e-05 266
2.25763e-05 262
2.25573e-05 260
2.25382e-05 265
2.25191e-05 266
2.25e-05 260
2.24809e-05 261
2.24618e-05 266
2.24427e-05 265
2.24237e-05 260
2.24046e-05 262
2.23855e-05 267
2.23664e-05 265
2.23473e-05 260
2.23282e-05 263
2.23092e-05 268
2.22901e-05 265
2.2271e-05 262
2.22519e-05 266
2.22328e-05 269
2.22137e-05 265
2.21947e-05 263
2.21756e-05 268
2.21565e-05 271
2.21374e-05 267
2.21183e-05 266
2.20992e-05 272
2.20802e-05 273
2.20611e-05 269
2.2042e-05 270
2.20229e-05 276
2.20038e-05 276
2.19847e-05 272
2.19656e-05 276
2.19466e-05 281
2.19275e-05 281
2.19084e-05 277
2.18893e-05 281
2.18702e-05 286
2.18511e-05 284
2.18321e-05 281
2.1813e-05 286
2.17939e-05 290
2.17748e-05 288
2.17557e-05 286
2.17366e-05 291
2.17176e-05 295
2.16985e-05 292
2.16794e-05 291
2.16603e-05 297
2.16412e-05 299
2.16221e-05 296
2.16031e-05 297
2.1584e-05 302
2.15649e-05 304
2.15458e-05 300
2.15267e-05 302
2.15076e-05 308
2.14885e-05 308
2.14695e-05 305
2.14504e-05 309
2.14313e-05 314
2.14122e-05 313
2.13931e-05 311
2.1374e-05 315
2.1355e-05 320
2.13359e-05 318
2.13168e-05 317
2.12977e-05 322
2.12786e-05 325
2.12595e-05 323
2.12405e-05 323
2.12214e-05 328
2.12023e-05 331
2.11832e-05 329
2.11641e-05 330
2.1145e-05 334
2.1126e-05 336
2.11069e-05 334
2.10878e-05 336
2.10687e-05 340
2.10496e-05 341
2.10305e-05 339
2.10115e-05 342
2.09924e-05 346
2.09733e-05 346
2.09542e-05 345
2.09351e-05 348
2.0916e-05 353
2.08969e-05 352
2.08779e-05 351
2.08588e-05 355
2.08397e-05 358
2.08206e-05 357
2.08015e-05 357
2.07824e-05 362
2.07634e-05 363
2.07443e-05 363
2.07252e-05 363
2.07061e-05 368
2.0687e-05 369
2.06679e-05 368
2.06489e-05 370
2.06298e-05 373
2.06107e-05 374
2.05916e-05 372
2.05725e-05 375
2.05534e-05 379
2.05344e-05 378
2.05153e-05 378
2.04962e-05 381
2.04771e-05 385
2.0458e-05 384
2.04389e-05 384
2.04198e-05 387
2.04008e-05 390
2.03817e-05 389
2.03626e-05 389
2.03435e-05 393
2.03244e-05 395
2.03053e-05 394
2.02863e-05 395
2.02672e-05 399
2.02481e-05 400
2.0229e-05 399
2.02099e-05 401
2.01908e-05 404
2.01718e-05 405
2.01527e-05 404
2.01336e-05 407
2.01145e-05 409
2.00954e-05 410
2.00763e-05 410
2.00573e-05 412
2.00382e-05 414
2.00191e-05 413
2e-05 413
1.99809e-05 415
1.99618e-05 416
1.99427e-05 415
1.99237e-05 415
1.99046e-05 418
1.98855e-05 418
1.98664e-05 417
1.98473e-05 418
1.98282e-05 421
1.98092e-05 421
1.97901e-05 421
1.9771e-05 422
1.97519e-05 425
1.97328e-05 425
1.97137e-05 425
1.96947e-05 427
1.96756e-05 429
1.96565e-05 429
1.96374e-05 429
1.96183e-05 431
1.95992e-05 433
1.95802e-05 433
1.95611e-05 433
1.9542e-05 436
1.95229e-05 437
1.95038e-05 437
1.94847e-05 437
1.94656e-05 440
1.94466e-05 441
1.94275e-05 440
1.94084e-05 442
1.93893e-05 444
1.93702e-05 445
1.93511e-05 444
1.93321e-05 446
1.9313e-05 448
1.92939e-05 448
1.92748e-05 448
1.92557e-05 450
1.92366e-05 452
1.92176e-05 452
1.91985e-05 452
1.91794e-05 454
1.91603e-05 455
1.91412e-05 455
1.91221e-05 456
1.91031e-05 457
1.9084e-05 459
1.90649e-05 458
1.90458e-05 460
1.90267e-05 461
1.90076e-05 460
1.89885e-05 463
1.89695e-05 463
1.89504e-05 462
1.89313e-05 465
1.89122e-05 463
1.88931e-05 466
1.8874e-05 466
1.8855e-05 466
1.88359e-05 468
1.88168e-05 467
1.87977e-05 468
1.87786e-05 470
1.87595e-05 468
1.87405e-05 470
1.87214e-05 470
1.87023e-05 470
1.86832e-05 472
1.86641e-05 471
1.8645e-05 472
1.8626e-05 472
1.86069e-05 472
1.85878e-05 474
1.85687e-05 473
1.85496e-05 474
1.85305e-05 475
1.85115e-05 474
1.84924e-05 476
1.84733e-05 475
1.84542e-05 476
1.84351e-05 477
1.8416e-05 476
1.83969e-05 477
1.83779e-05 477
1.83588e-05 477
1.83397e-05 479
1.83206e-05 478
1.83015e-05 479
1.82824e-05 479
1.82634e-05 479
1.82443e-05 479
1.82252e-05 480
1.82061e-05 480
1.8187e-05 481
1.81679e-05 480
1.81489e-05 481
1.81298e-05 481
1.81107e-05 481
1.80916e-05 482
1.80725e-05 481
1.80534e-05 482
1.80344e-05 482
1.80153e-05 481
1.79962e-05 483
1.79771e-05 482
1.7958e-05 482
1.79389e-05 483
1.79198e-05 482
1.79008e-05 483
1.78817e-05 483
1.78626e-05 483
1.78435e-05 484
1.78244e-05 483
1.78053e-05 484
1.77863e-05 484
1.77672e-05 483
1.77481e-05 484
1.7729e-05 483
1.77099e-05 484
1.76908e-05 485
1.76718e-05 483
1.76527e-05 484
1.76336e-05 484
1.76145e-05 483
1.75954e-05 485
1.75763e-05 484
1.75573e-05 484
1.75382e-05 484
1.75191e-05 483
1.75e-05 485
1.74809e-05 483
1.74618e-05 483
1.74427e-05 484
1.74237e-05 483
1.74046e-05 484
1.73855e-05 484
1.73664e-05 483
1.73473e-05 484
1.73282e-05 483
1.73092e-05 483
1.72901e-05 483
1.7271e-05 483
1.72519e-05 483
1.72328e-05 482
1.72137e-05 483
1.71947e-05 483
1.71756e-05 482
1.71565e-05 483
1.71374e-05 482
1.71183e-05 481
1.70992e-05 482
1.70802e-05 481
1.70611e-05 482
1.7042e-05 481
1.70229e-05 481
1.70038e-05 481
1.69847e-05 480
1.69656e-05 480
1.69466e-05 481
1.69275e-05 479
1.69084e-05 480
1.68893e-05 479
1.68702e-05 478
1.68511e-05 479
1.68321e-05 477
1.6813e-05 479
1.67939e-05 478
1.67748e-05 477
1.67557e-05 478
1.67366e-05 476
1.67176e-05 477
1.66985e-05 476
1.66794e-05 476
1.66603e-05 476
1.66412e-05 476
1.66221e-05 475
1.66031e-05 475
1.6584e-05 473
1.65649e-05 474
1.65458e-05 474
1.65267e-05 473
1.65076e-05 474
1.64885e-05 472
1.64695e-05 472
1.64504e-05 472
1.64313e-05 471
1.64122e-05 472
1.63931e-05 470
1.6374e-05 469
1.6355e-05 470
1.63359e-05 468
1.63168e-05 469
1.62977e-05 467
1.62786e-05 466
1.62595e-05 467
1.62405e-05 466
1.62214e-05 465
1.62023e-05 466
1.61832e-05 464
1.61641e-05 465
1.6145e-05 463
1.6126e-05 463
1.61069e-05 463
1.60878e-05 461
1.60687e-05 462
1.60496e-05 461
1.60305e-05 460
1.60115e-05 461
1.59924e-05 459
1.59733e-05 460
1.59542e-05 460
1.59351e-05 458
1.5916e-05 459
1.58969e-05 458
1.58779e-05 458
1.58588e-05 458
1.58397e-05 456
1.58206e-05 457
1.58015e-05 456
1.57824e-05 456
1.57634e-05 456
1.57443e-05 455
1.57252e-05 455
1.57061e-05 455
1.5687e-05 454
1.56679e-05 455
1.56489e-05 454
1.56298e-05 454
1.56107e-05 454
1.55916e-05 452
1.55725e-05 453
1.55534e-05 453
1.55344e-05 451
1.55153e-05 453
1.54962e-05 451
1.54771e-05 452
1.5458e-05 451
1.54389e-05 450
1.54198e-05 451
1.54008e-05 449
1.53817e-05 449
1.53626e-05 450
1.53435e-05 448
1.53244e-05 449
1.53053e-05 448
1.52863e-05 447
1.52672e-05 448
1.52481e-05 447
1.5229e-05 448
1.52099e-05 446
1.51908e-05 445
1.51718e-05 447
1.51527e-05 445
1.51336e-05 445
1.51145e-05 446
1.50954e-05 444
1.50763e-05 445
1.50573e-05 444
1.50382e-05 443
1.50191e-05 444
1.5e-05 442
1.49809e-05 443
1.49618e-05 442
1.49427e-05 441
1.49237e-05 442
1.49046e-05 440
1.48855e-05 440
1.48664e-05 440
1.48473e-05 438
1.48282e-05 439
1.48092e-05 438
1.47901e-05 438
1.4771e-05 439
1.47519e-05 436
1.47328e-05 437
1.47137e-05 436
1.46947e-05 435
1.46756e-05 436
1.46565e-05 434
1.46374e-05 435
1.46183e-05 435
1.45992e-05 433
1.45802e-05 435
1.45611e-05 433
1.4542e-05 433
1.45229e-05 434
1.45038e-05 432
1.44847e-05 433
1.44656e-05 432
1.44466e-05 431
1.44275e-05 432
1.44084e-05 430
1.43893e-05 431
1.43702e-05 431
1.43511e-05 429
1.43321e-05 430
1.4313e-05 430
1.42939e-05 429
1.42748e-05 431
1.42557e-05 429
1.42366e-05 430
1.42176e-05 428
1.41985e-05 429
1.41794e-05 429
1.41603e-05 428
1.41412e-05 429
1.41221e-05 430
1.41031e-05 428
1.4084e-05 431
1.40649e-05 429
1.40458e-05 430
1.40267e-05 430
1.40076e-05 429
1.39885e-05 431
1.39695e-05 430
1.39504e-05 430
1.39313e-05 431
1.39122e-05 429
1.38931e-05 431
1.3874e-05 430
1.3855e-05 431
1.38359e-05 433
1.38168e-05 431
1.37977e-05 432
1.37786e-05 433
1.37595e-05 432
1.37405e-05 434
1.37214e-05 433
1.37023e-05 433
1.36832e-05 435
1.36641e-05 433
1.3645e-05 436
1.3626e-05 436
1.36069e-05 436
1.35878e-05 437
1.35687e-05 436
1.35496e-05 437
1.35305e-05 439
1.35115e-05 437
1.34924e-05 440
1.34733e-05 439
1.34542e-05 440
1.34351e-05 441
1.3416e-05 441
1.33969e-05 443
1.33779e-05 443
1.33588e-05 443
1.33397e-05 445
1.33206e-05 444
1.33015e-05 446
1.32824e-05 446
1.32634e-05 446
1.32443e-05 448
1.32252e-05 448
1.32061e-05 449
1.3187e-05 451
1.31679e-05 450
1.31489e-05 453
1.31298e-05 453
1.31107e-05 453
1.30916e-05 455
1.30725e-05 454
1.30534e-05 456
1.30344e-05 457
1.30153e-05 457
1.29962e-05 460
1.29771e-05 459
1.2958e-05 461
1.29389e-05 462
1.29198e-05 462
1.29008e-05 464
1.28817e-05 464
1.28626e-05 465
1.28435e-05 467
1.28244e-05 467
1.28053e-05 469
1.27863e-05 470
1.27672e-05 470
1.27481e-05 472
1.2729e-05 472
1.27099e-05 474
1.26908e-05 476
1.26718e-05 476
1.26527e-05 478
1.26336e-05 478
1.26145e-05 479
1.25954e-05 481
1.25763e-05 481
1.25573e-05 483
1.25382e-05 484
1.25191e-05 485
1.25e-05 487
1.24809e-05 487
1.24618e-05 489
1.24427e-05 490
1.24237e-05 490
1.24046e-05 492
1.23855e-05 492
1.23664e-05 492
1.23473e-05 493
1.23282e-05 493
1.23092e-05 495
1.22901e-05 495
1.2271e-05 496
1.22519e-05 497
1.22328e-05 497
1.22137e-05 499
1.21947e-05 500
1.21756e-05 501
1.21565e-05 503
1.21374e-05 503
1.21183e-05 505
1.20992e-05 506
1.20802e-05 507
1.20611e-05 509
1.2042e-05 510
1.20229e-05 511
1.20038e-05 513
1.19847e-05 513
1.19656e-05 515
1.19466e-05 516
1.19275e-05 517
1.19084e-05 519
1.18893e-05 518
1.18702e-05 521
1.18511e-05 522
1.18321e-05 523
1.1813e-05 525
1.17939e-05 526
1.17748e-05 527
1.17557e-05 529
1.17366e-05 529
1.17176e-05 531
1.16985e-05 532
1.16794e-05 532
1.16603e-05 535
1.16412e-05 535
1.16221e-05 537
1.16031e-05 538
1.1584e-05 539
1.15649e-05 540
1.15458e-05 542
1.15267e-05 543
1.15076e-05 545
1.14885e-05 545
1.14695e-05 547
1.14504e-05 547
1.14313e-05 549
1.14122e-05 550
1.13931e-05 550
1.1374e-05 552
1.1355e-05 553
1.13359e-05 554
1.13168e-05 556
1.12977e-05 556
1.12786e-05 557
1.12595e-05 559
1.12405e-05 559
1.12214e-05 560
1.12023e-05 561
1.11832e-05 562
1.11641e-05 563
1.1145e-05 563
1.1126e-05 564
1.11069e-05 565
1.10878e-05 566
1.10687e-05 567
1.10496e-05 568
1.10305e-05 568
1.10115e-05 569
1.09924e-05 570
1.09733e-05 571
1.09542e-05 571
1.09351e-05 572
1.0916e-05 573
1.08969e-05 573
1.08779e-05 574
1.08588e-05 575
1.08397e-05 576
1.08206e-05 577
1.08015e-05 578
1.07824e-05 578
1.07634e-05 579
1.07443e-05 580
1.07252e-05 580
1.07061e-05 582
1.0687e-05 582
1.06679e-05 583
1.06489e-05 584
1.06298e-05 585
1.06107e-05 586
1.05916e-05 586
1.05725e-05 587
1.05534e-05 588
1.05344e-05 588
1.05153e-05 589
1.04962e-05 590
1.04771e-05 591
1.0458e-05 591
1.04389e-05 592
1.04198e-05 593
1.04008e-05 593
1.03817e-05 594
1.03626e-05 595
1.03435e-05 595
1.03244e-05 596
1.03053e-05 596
1.02863e-05 597
1.02672e-05 598
1.02481e-05 598
1.0229e-05 599
1.02099e-05 599
1.01908e-05 600
1.01718e-05 601
1.01527e-05 601
1.01336e-05 602
1.01145e-05 602
1.00954e-05 603
1.00763e-05 604
1.00573e-05 604
1.00382e-05 604
1.00191e-05 605
1e-05 605
9.98092e-06 606
9.96183e-06 607
9.94275e-06 607
9.92366e-06 608
9.90458e-06 608
9.8855e-06 609
9.86641e-06 609
9.84733e-06 610
9.82824e-06 611
9.80916e-06 611
9.79008e-06 611
9.77099e-06 612
9.75191e-06 612
9.73282e-06 613
9.71374e-06 613
9.69466e-06 613
9.67557e-06 614
9.65649e-06 615
9.6374e-06 615
9.61832e-06 616
9.59924e-06 616
9.58015e-06 617
9.56107e-06 617
9.54198e-06 617
9.5229e-06 618
9.50382e-06 618
9.48473e-06 619
9.46565e-06 619
9.44656e-06 620
9.42748e-06 620
9.4084e-06 621
9.38931e-06 621
9.37023e-06 621
9.35115e-06 622
9.33206e-06 622
9.31298e-06 623
9.29389e-06 623
9.27481e-06 623
9.25573e-06 624
9.23664e-06 624
9.21756e-06 625
9.19847e-06 625
9.17939e-06 625
9.16031e-06 626
9.14122e-06 626
9.12214e-06 627
9.10305e-06 627
9.08397e-06 627
9.06489e-06 627
9.0458e-06 628
9.02672e-06 629
9.00763e-06 628
8.98855e-06 629
8.96947e-06 629
8.95038e-06 629
8.9313e-06 630
8.91221e-06 630
8.89313e-06 630
8.87405e-06 631
8.85496e-06 631
8.83588e-06 631
8.81679e-06 632
8.79771e-06 632
8.77863e-06 633
8.75954e-06 633
8.74046e-06 633
8.72137e-06 633
8.70229e-06 633
8.68321e-06 634
8.66412e-06 634
8.64504e-06 634
8.62595e-06 635
8.60687e-06 635
8.58779e-06 635
8.5687e-06 636
8.54962e-06 636
8.53053e-06 636
8.51145e-06 637
8.49237e-06 636
8.47328e-06 637
8.4542e-06 637
8.43511e-06 637
8.41603e-06 637
8.39695e-06 637
8.37786e-06 637
8.35878e-06 637
8.33969e-06 637
8.32061e-06 637
8.30153e-06 637
8.28244e-06 638
8.26336e-06 637
8.24427e-06 638
8.22519e-06 638
8.20611e-06 638
8.18702e-06 638
8.16794e-06 638
8.14885e-06 638
8.12977e-06 638
8.11069e-06 638
8.0916e-06 638
8.07252e-06 638
8.05344e-06 638
8.03435e-06 638
8.01527e-06 638
7.99618e-06 638
7.9771e-06 639
7.95802e-06 638
7.93893e-06 639
7.91985e-06 639
7.90076e-06 639
7.88168e-06 639
7.8626e-06 639
7.84351e-06 639
7.82443e-06 639
7.80534e-06 639
7.78626e-06 640
7.76718e-06 640
7.74809e-06 640
7.72901e-06 640
7.70992e-06 640
7.69084e-06 641
7.67176e-06 641
7.65267e-06 641
7.63359e-06 642
7.6145e-06 642
7.59542e-06 642
7.57634e-06 642
7.55725e-06 642
7.53817e-06 643
7.51908e-06 643
7.5e-06 643
7.48092e-06 644
7.46183e-06 644
7.44275e-06 644
7.42366e-06 644
7.40458e-06 644
7.3855e-06 645
7.36641e-06 644
7.34733e-06 645
7.32824e-06 645
7.30916e-06 645
7.29008e-06 646
7.27099e-06 645
7.25191e-06 646
7.23282e-06 646
7.21374e-06 646
7.19466e-06 646
7.17557e-06 646
7.15649e-06 646
7.1374e-06 647
7.11832e-06 647
7.09924e-06 647
7.08015e-06 647
7.06107e-06 647
7.04198e-06 648
7.0229e-06 647
7.00382e-06 648
6.98473e-06 648
6.96565e-06 648
6.94656e-06 648
6.92748e-06 648
6.9084e-06 648
6.88931e-06 649
6.87023e-06 649
6.85115e-06 649
6.83206e-06 649
6.81298e-06 649
6.79389e-06 650
6.77481e-06 650
6.75573e-06 650
6.73664e-06 650
6.71756e-06 650
6.69847e-06 651
6.67939e-06 650
6.66031e-06 651
6.64122e-06 651
6.62214e-06 651
6.60305e-06 651
6.58397e-06 652
6.56489e-06 652
6.5458e-06 652
6.52672e-06 652
6.50763e-06 652
6.48855e-06 652
6.46947e-06 652
6.45038e-06 652
6.4313e-06 653
6.41221e-06 653
6.39313e-06 653
6.37405e-06 653
6.35496e-06 654
6.33588e-06 654
6.31679e-06 654
6.29771e-06 654
6.27863e-06 654
6.25954e-06 655
6.24046e-06 655
6.22137e-06 655
6.20229e-06 655
6.18321e-06 655
6.16412e-06 656
6.14504e-06 656
6.12595e-06 656
6.10687e-06 656
6.08779e-06 656
6.0687e-06 656
6.04962e-06 657
6.03053e-06 657
6.01145e-06 657
5.99237e-06 657
5.97328e-06 658
5.9542e-06 658
5.93511e-06 658
5.91603e-06 658
5.89695e-06 658
5.87786e-06 658
5.85878e-06 659
5.83969e-06 659
5.82061e-06 659
5.80153e-06 659
5.78244e-06 659
5.76336e-06 660
5.74427e-06 659
5.72519e-06 660
5.70611e-06 661
5.68702e-06 660
5.66794e-06 661
5.64885e-06 661
5.62977e-06 662
5.61069e-06 661
5.5916e-06 662
5.57252e-06 662
5.55344e-06 662
5.53435e-06 662
5.51527e-06 663
5.49618e-06 663
5.4771e-06 663
5.45802e-06 663
5.43893e-06 664
5.41985e-06 664
5.40076e-06 664
5.38168e-06 665
5.3626e-06 665
5.34351e-06 665
5.32443e-06 666
5.30534e-06 665
5.28626e-06 666
5.26718e-06 666
5.24809e-06 667
5.22901e-06 667
5.20992e-06 667
5.19084e-06 667
5.17176e-06 668
5.15267e-06 668
5.13359e-06 668
5.1145e-06 669
5.09542e-06 669
5.07634e-06 669
5.05725e-06 669
5.03817e-06 670
5.01908e-06 670
5e-06 671
4.98092e-06 671
4.96183e-06 671
4.94275e-06 672
4.92366e-06 672
4.90458e-06 673
4.8855e-06 673
4.86641e-06 674
4.84733e-06 673
4.82824e-06 674
4.80916e-06 674
4.79008e-06 675
4.77099e-06 675
4.75191e-06 676
4.73282e-06 675
4.71374e-06 676
4.69466e-06 676
4.67557e-06 677
4.65649e-06 677
4.6374e-06 678
4.61832e-06 677
4.59924e-06 677
4.58015e-06 678
4.56107e-06 679
4.54198e-06 680
4.5229e-06 679
4.50382e-06 680
4.48473e-06 680
4.46565e-06 681
4.44656e-06 681
4.42748e-06 682
4.4084e-06 682
4.38931e-06 683
4.37023e-06 683
4.35115e-06 684
4.33206e-06 684
4.31298e-06 684
4.29389e-06 685
4.27481e-06 685
4.25573e-06 685
4.23664e-06 686
4.21756e-06 687
4.19847e-06 687
4.17939e-06 687
4.16031e-06 688
4.14122e-06 689
4.12214e-06 689
4.10305e-06 690
4.08397e-06 689
4.06489e-06 691
4.0458e-06 690
4.02672e-06 691
4.00763e-06 691
3.98855e-06 692
3.96947e-06 692
3.95038e-06 693
3.9313e-06 693
3.91221e-06 694
3.89313e-06 695
3.87405e-06 695
3.85496e-06 696
3.83588e-06 696
3.81679e-06 697
3.79771e-06 697
3.77863e-06 697
3.75954e-06 697
3.74046e-06 698
3.72137e-06 698
3.70229e-06 699
3.68321e-06 699
3.66412e-06 700
3.64504e-06 700
3.62595e-06 701
3.60687e-06 701
3.58779e-06 701
3.5687e-06 701
3.54962e-06 702
3.53053e-06 703
3.51145e-06 703
3.49237e-06 704
3.47328e-06 704
3.4542e-06 705
3.43511e-06 704
3.41603e-06 705
3.39695e-06 706
3.37786e-06 706
3.35878e-06 706
3.33969e-06 706
3.32061e-06 706
3.30153e-06 707
3.28244e-06 707
3.26336e-06 707
3.24427e-06 707
3.22519e-06 708
3.20611e-06 708
3.18702e-06 709
3.16794e-06 709
3.14885e-06 710
3.12977e-06 710
3.11069e-06 710
3.0916e-06 710
3.07252e-06 711
3.05344e-06 712
3.03435e-06 712
3.01527e-06 712
2.99618e-06 713
2.9771e-06 714
2.95802e-06 714
2.93893e-06 714
2.91985e-06 714
2.90076e-06 714
2.88168e-06 714
2.8626e-06 715
2.84351e-06 715
2.82443e-06 716
2.80534e-06 715
2.78626e-06 716
2.76718e-06 716
2.74809e-06 716
2.72901e-06 717
2.70992e-06 717
2.69084e-06 718
2.67176e-06 718
2.65267e-06 718
2.63359e-06 719
2.6145e-06 719
2.59542e-06 719
2.57634e-06 720
2.55725e-06 720
2.53817e-06 721
2.51908e-06 720
2.5e-06 721
2.48092e-06 721
2.46183e-06 722
2.44275e-06 722
2.42366e-06 722
2.40458e-06 722
2.3855e-06 723
2.36641e-06 723
2.34733e-06 723
2.32824e-06 724
2.30916e-06 724
2.29008e-06 724
2.27099e-06 724
2.25191e-06 725
2.23282e-06 724
2.21374e-06 725
2.19466e-06 725
2.17557e-06 726
2.15649e-06 726
2.1374e-06 726
2.11832e-06 726
2.09924e-06 727
2.08015e-06 727
2.06107e-06 728
2.04198e-06 727
2.0229e-06 728
2.00382e-06 728
1.98473e-06 728
1.96565e-06 728
1.94656e-06 729
1.92748e-06 728
1.9084e-06 729
1.88931e-06 729
1.87023e-06 729
1.85115e-06 730
1.83206e-06 730
1.81298e-06 730
1.79389e-06 731
1.77481e-06 731
1.75573e-06 731
1.73664e-06 732
1.71756e-06 732
1.69847e-06 732
1.67939e-06 732
1.66031e-06 733
1.64122e-06 733
1.62214e-06 734
1.60305e-06 734
1.58397e-06 734
1.56489e-06 735
1.5458e-06 735
1.52672e-06 735
1.50763e-06 735
1.48855e-06 735
1.46947e-06 736
1.45038e-06 736
1.4313e-06 736
1.41221e-06 736
1.39313e-06 736
1.37405e-06 736
1.35496e-06 737
1.33588e-06 737
1.31679e-06 737
1.29771e-06 737
1.27863e-06 737
1.25954e-06 737
1.24046e-06 737
1.22137e-06 737
1.20229e-06 737
1.18321e-06 737
1.16412e-06 737
1.14504e-06 737
1.12595e-06 737
1.10687e-06 737
1.08779e-06 737
1.0687e-06 737
1.04962e-06 737
1.03053e-06 737
1.01145e-06 737
9.92366e-07 737
9.73282e-07 738
9.54198e-07 737
9.35115e-07 737
9.16031e-07 737
8.96947e-07 737
8.77863e-07 737
8.58779e-07 737
8.39695e-07 737
8.20611e-07 737
8.01527e-07 737
7.82443e-07 737
7.63359e-07 737
7.44275e-07 737
7.25191e-07 737
7.06107e-07 737
6.87023e-07 738
6.67939e-07 737
6.48855e-07 737
6.29771e-07 738
6.10687e-07 737
5.91603e-07 738
5.72519e-07 737
5.53435e-07 737
5.34351e-07 738
5.15267e-07 738
4.96183e-07 738
4.77099e-07 738
4.58015e-07 737
4.38931e-07 738
4.19847e-07 738
4.00763e-07 738
3.81679e-07 738
3.62595e-07 738
3.43511e-07 737
3.24427e-07 738
3.05344e-07 738
2.8626e-07 738
2.67176e-07 738
2.48092e-07 738
2.29008e-07 737
2.09924e-07 738
1.9084e-07 738
1.71756e-07 738
1.52672e-07 738
1.33588e-07 738
1.14504e-07 738
9.54198e-08 738
7.63359e-08 738
5.72519e-08 738
3.81679e-08 738
1.9084e-08 738
0 738
-1.9084e-08 738
-3.81679e-08 738
-5.72519e-08 737
-7.63359e-08 738
-9.54198e-08 738
-1.14504e-07 738
-1.33588e-07 738
-1.52672e-07 738
-1.71756e-07 738
-1.9084e-07 738
-2.09924e-07 738
-2.29008e-07 738
-2.48092e-07 738
-2.67176e-07 738
-2.8626e-07 739
-3.05344e-07 739
-3.24427e-07 739
-3.43511e-07 739
-3.62595e-07 739
-3.81679e-07 739
-4.00763e-07 739
-4.19847e-07 739
-4.38931e-07 739
-4.58015e-07 739
-4.77099e-07 739
-4.96183e-07 739
-5.15267e-07 739
-5.34351e-07 739
-5.53435e-07 739
-5.72519e-07 739
-5.91603e-07 739
-6.10687e-07 739
-6.29771e-07 739
-6.48855e-07 739
-6.67939e-07 739
-6.87023e-07 739
-7.06107e-07 739
-7.25191e-07 739
-7.44275e-07 739
-7.63359e-07 738
-7.82443e-07 738
-8.01527e-07 738
-8.20611e-07 738
-8.39695e-07 738
-8.58779e-07 737
-8.77863e-07 737
-8.96947e-07 737
-9.16031e-07 737
-9.35115e-07 737
-9.54198e-07 736
-9.73282e-07 736
-9.92366e-07 735
-1.01145e-06 735
-1.03053e-06 735
-1.04962e-06 735
-1.0687e-06 734
-1.08779e-06 734
-1.10687e-06 734
-1.12595e-06 733
-1.14504e-06 733
-1.16412e-06 733
-1.18321e-06 733
-1.20229e-06 732
-1.22137e-06 732
-1.24046e-06 732
-1.25954e-06 731
-1.27863e-06 732
-1.29771e-06 732
-1.31679e-06 731
-1.33588e-06 731
-1.35496e-06 731
-1.37405e-06 731
-1.39313e-06 731
-1.41221e-06 730
-1.4313e-06 730
-1.45038e-06 730
-1.46947e-06 730
-1.48855e-06 729
-1.50763e-06 729
-1.52672e-06 729
-1.5458e-06 729
-1.56489e-06 729
-1.58397e-06 728
-1.60305e-06 728
-1.62214e-06 728
-1.64122e-06 728
-1.66031e-06 728
-1.67939e-06 727
-1.69847e-06 727
-1.71756e-06 727
-1.73664e-06 726
-1.75573e-06 726
-1.77481e-06 726
-1.79389e-06 726
-1.81298e-06 725
-1.83206e-06 725
-1.85115e-06 725
-1.87023e-06 724
-1.88931e-06 724
-1.9084e-06 724
-1.92748e-06 723
-1.94656e-06 723
-1.96565e-06 722
-1.98473e-06 722
-2.00382e-06 722
-2.0229e-06 722
-2.04198e-06 721
-2.06107e-06 721
-2.08015e-06 721
-2.09924e-06 721
-2.11832e-06 721
-2.1374e-06 720
-2.15649e-06 720
-2.17557e-06 720
-2.19466e-06 720
-2.21374e-06 719
-2.23282e-06 719
-2.25191e-06 719
-2.27099e-06 719
-2.29008e-06 718
-2.30916e-06 718
-2.32824e-06 717
-2.34733e-06 717
-2.36641e-06 717
-2.3855e-06 716
-2.40458e-06 715
-2.42366e-06 715
-2.44275e-06 715
-2.46183e-06 714
-2.48092e-06 714
-2.5e-06 714
-2.51908e-06 713
-2.53817e-06 714
-2.55725e-06 713
-2.57634e-06 713
-2.59542e-06 713
-2.6145e-06 712
-2.63359e-06 712
-2.65267e-06 712
-2.67176e-06 711
-2.69084e-06 711
-2.70992e-06 710
-2.72901e-06 710
-2.74809e-06 710
-2.76718e-06 709
-2.78626e-06 709
-2.80534e-06 708
-2.82443e-06 708
-2.84351e-06 708
-2.8626e-06 707
-2.88168e-06 707
-2.90076e-06 707
-2.91985e-06 706
-2.93893e-06 706
-2.95802e-06 706
-2.9771e-06 706
-2.99618e-06 705
-3.01527e-06 705
-3.03435e-06 705
-3.05344e-06 704
-3.07252e-06 704
-3.0916e-06 704
-3.11069e-06 703
-3.12977e-06 703
-3.14885e-06 702
-3.16794e-06 702
-3.18702e-06 701
-3.20611e-06 701
-3.22519e-06 701
-3.24427e-06 700
-3.26336e-06 699
-3.28244e-06 700
-3.30153e-06 699
-3.32061e-06 699
-3.33969e-06 699
-3.35878e-06 698
-3.37786e-06 698
-3.39695e-06 697
-3.41603e-06 697
-3.43511e-06 697
-3.4542e-06 696
-3.47328e-06 696
-3.49237e-06 695
-3.51145e-06 695
-3.53053e-06 695
-3.54962e-06 694
-3.5687e-06 694
-3.58779e-06 693
-3.60687e-06 693
-3.62595e-06 693
-3.64504e-06 692
-3.66412e-06 692
-3.68321e-06 691
-3.70229e-06 691
-3.72137e-06 691
-3.74046e-06 691
-3.75954e-06 690
-3.77863e-06 690
-3.79771e-06 689
-3.81679e-06 689
-3.83588e-06 689
-3.85496e-06 689
-3.87405e-06 688
-3.89313e-06 688
-3.91221e-06 687
-3.9313e-06 687
-3.95038e-06 687
-3.96947e-06 686
-3.98855e-06 686
-4.00763e-06 686
-4.02672e-06 685
-4.0458e-06 685
-4.06489e-06 685
-4.08397e-06 685
-4.10305e-06 684
-4.12214e-06 684
-4.14122e-06 684
-4.16031e-06 684
-4.17939e-06 684
-4.19847e-06 683
-4.21756e-06 683
-4.23664e-06 683
-4.25573e-06 683
-4.27481e-06 683
-4.29389e-06 682
-4.31298e-06 682
-4.33206e-06 682
-4.35115e-06 681
-4.37023e-06 681
-4.38931e-06 681
-4.4084e-06 681
-4.42748e-06 680
-4.44656e-06 680
-4.46565e-06 680
-4.48473e-06 680
-4.50382e-06 680
-4.5229e-06 680
-4.54198e-06 679
-4.56107e-06 679
-4.58015e-06 679
-4.59924e-06 679
-4.61832e-06 679
-4.6374e-06 678
-4.65649e-06 678
-4.67557e-06 678
-4.69466e-06 678
-4.71374e-06 677
-4.73282e-06 677
-4.75191e-06 677
-4.77099e-06 677
-4.79008e-06 677
-4.80916e-06 677
-4.82824e-06 676
-4.84733e-06 676
-4.86641e-06 676
-4.8855e-06 676
-4.90458e-06 676
-4.92366e-06 675
-4.94275e-06 675
-4.96183e-06 675
-4.98092e-06 675
-5e-06 675
-5.01908e-06 675
-5.03817e-06 674
-5.05725e-06 674
-5.07634e-06 674
-5.09542e-06 674
-5.1145e-06 674
-5.13359e-06 673
-5.15267e-06 673
-5.17176e-06 673
-5.19084e-06 673
-5.20992e-06 673
-5.22901e-06 673
-5.24809e-06 673
-5.26718e-06 672
-5.28626e-06 672
-5.30534e-06 672
-5.32443e-06 672
-5.34351e-06 671
-5.3626e-06 671
-5.38168e-06 671
-5.40076e-06 671
-5.41985e-06 671
-5.43893e-06 671
-5.45802e-06 671
-5.4771e-06 670
-5.49618e-06 670
-5.51527e-06 670
-5.53435e-06 670
-5.55344e-06 670
-5.57252e-06 670
-5.5916e-06 670
-5.61069e-06 670
-5.62977e-06 670
-5.64885e-06 669
-5.66794e-06 669
-5.68702e-06 669
-5.70611e-06 669
-5.72519e-06 669
-5.74427e-06 669
-5.76336e-06 668
-5.78244e-06 668
-5.80153e-06 668
-5.82061e-06 668
-5.83969e-06 668
-5.85878e-06 668
-5.87786e-06 668
-5.89695e-06 668
-5.91603e-06 668
-5.93511e-06 668
-5.9542e-06 667
-5.97328e-06 667
-5.99237e-06 667
-6.01145e-06 667
-6.03053e-06 667
-6.04962e-06 666
-6.0687e-06 666
-6.08779e-06 666
-6.10687e-06 666
-6.12595e-06 666
-6.14504e-06 666
-6.16412e-06 666
-6.18321e-06 666
-6.20229e-06 666
-6.22137e-06 666
-6.24046e-06 666
-6.25954e-06 665
-6.27863e-06 665
-6.29771e-06 665
-6.31679e-06 665
-6.33588e-06 665
-6.35496e-06 665
-6.37405e-06 664
-6.39313e-06 664
-6.41221e-06 664
-6.4313e-06 664
-6.45038e-06 664
-6.46947e-06 664
-6.48855e-06 663
-6.50763e-06 663
-6.52672e-06 664
-6.5458e-06 663
-6.56489e-06 663
-6.58397e-06 663
-6.60305e-06 663
-6.62214e-06 662
-6.64122e-06 662
-6.66031e-06 662
-6.67939e-06 662
-6.69847e-06 662
-6.71756e-06 662
-6.73664e-06 661
-6.75573e-06 661
-6.77481e-06 661
-6.79389e-06 661
-6.81298e-06 661
-6.83206e-06 661
-6.85115e-06 661
-6.87023e-06 661
-6.88931e-06 661
-6.9084e-06 661
-6.92748e-06 662
-6.94656e-06 662
-6.96565e-06 662
-6.98473e-06 661
-7.00382e-06 662
-7.0229e-06 662
-7.04198e-06 662
-7.06107e-06 662
-7.08015e-06 661
-7.09924e-06 661
-7.11832e-06 662
-7.1374e-06 661
-7.15649e-06 661
-7.17557e-06 661
-7.19466e-06 661
-7.21374e-06 661
-7.23282e-06 661
-7.25191e-06 660
-7.27099e-06 660
-7.29008e-06 660
-7.30916e-06 660
-7.32824e-06 660
-7.34733e-06 660
-7.36641e-06 659
-7.3855e-06 659
-7.40458e-06 659
-7.42366e-06 659
-7.44275e-06 658
-7.46183e-06 659
-7.48092e-06 658
-7.5e-06 658
-7.51908e-06 658
-7.53817e-06 658
-7.55725e-06 657
-7.57634e-06 657
-7.59542e-06 657
-7.6145e-06 657
-7.63359e-06 656
-7.65267e-06 656
-7.67176e-06 656
-7.69084e-06 656
-7.70992e-06 656
-7.72901e-06 655
-7.74809e-06 655
-7.76718e-06 655
-7.78626e-06 654
-7.80534e-06 654
-7.82443e-06 654
-7.84351e-06 654
-7.8626e-06 653
-7.88168e-06 653
-7.90076e-06 653
-7.91985e-06 653
-7.93893e-06 653
-7.95802e-06 652
-7.9771e-06 652
-7.99618e-06 652
-8.01527e-06 652
-8.03435e-06 651
-8.05344e-06 651
-8.07252e-06 651
-8.0916e-06 650
-8.11069e-06 650
-8.12977e-06 650
-8.14885e-06 649
-8.16794e-06 649
-8.18702e-06 649
-8.20611e-06 649
-8.22519e-06 648
-8.24427e-06 648
-8.26336e-06 648
-8.28244e-06 647
-8.30153e-06 647
-8.32061e-06 647
-8.33969e-06 646
-8.35878e-06 646
-8.37786e-06 646
-8.39695e-06 645
-8.41603e-06 645
-8.43511e-06 644
-8.4542e-06 644
-8.47328e-06 643
-8.49237e-06 643
-8.51145e-06 642
-8.53053e-06 642
-8.54962e-06 642
-8.5687e-06 641
-8.58779e-06 641
-8.60687e-06 641
-8.62595e-06 640
-8.64504e-06 639
-8.66412e-06 639
-8.68321e-06 639
-8.70229e-06 638
-8.72137e-06 638
-8.74046e-06 637
-8.75954e-06 637
-8.77863e-06 637
-8.79771e-06 636
-8.81679e-06 635
-8.83588e-06 635
-8.85496e-06 635
-8.87405e-06 634
-8.89313e-06 633
-8.91221e-06 633
-8.9313e-06 632
-8.95038e-06 632
-8.96947e-06 632
-8.98855e-06 631
-9.00763e-06 630
-9.02672e-06 630
-9.0458e-06 629
-9.06489e-06 629
-9.08397e-06 628
-9.10305e-06 628
-9.12214e-06 627
-9.14122e-06 627
-9.16031e-06 626
-9.17939e-06 625
-9.19847e-06 625
-9.21756e-06 625
-9.23664e-06 624
-9.25573e-06 623
-9.27481e-06 623
-9.29389e-06 621
-9.31298e-06 621
-9.33206e-06 621
-9.35115e-06 620
-9.37023e-06 619
-9.38931e-06 619
-9.4084e-06 618
-9.42748e-06 617
-9.44656e-06 617
-9.46565e-06 616
-9.48473e-06 615
-9.50382e-06 615
-9.5229e-06 614
-9.54198e-06 614
-9.56107e-06 613
-9.58015e-06 613
-9.59924e-06 611
-9.61832e-06 611
-9.6374e-06 610
-9.65649e-06 609
-9.67557e-06 609
-9.69466e-06 608
-9.71374e-06 607
-9.73282e-06 606
-9.75191e-06 606
-9.77099e-06 605
-9.79008e-06 604
-9.80916e-06 604
-9.82824e-06 603
-9.84733e-06 602
-9.86641e-06 602
-9.8855e-06 601
-9.90458e-06 600
-9.92366e-06 599
-9.94275e-06 598
-9.96183e-06 598
-9.98092e-06 596
-1e-05 596
-1.00191e-05 595
-1.00382e-05 594
-1.00573e-05 593
-1.00763e-05 592
-1.00954e-05 592
-1.01145e-05 591
-1.01336e-05 590
-1.01527e-05 589
-1.01718e-05 589
-1.01908e-05 587
-1.02099e-05 586
-1.0229e-05 586
-1.02481e-05 584
-1.02672e-05 583
-1.02863e-05 583
-1.03053e-05 582
-1.03244e-05 581
-1.03435e-05 580
-1.03626e-05 579
-1.03817e-05 578
-1.04008e-05 577
-1.04198e-05 576
-1.04389e-05 575
-1.0458e-05 574
-1.04771e-05 573
-1.04962e-05 572
-1.05153e-05 571
-1.05344e-05 571
-1.05534e-05 570
-1.05725e-05 569
-1.05916e-05 568
-1.06107e-05 567
-1.06298e-05 566
-1.06489e-05 565
-1.06679e-05 563
-1.0687e-05 563
-1.07061e-05 562
-1.07252e-05 561
-1.07443e-05 559
-1.07634e-05 558
-1.07824e-05 558
-1.08015e-05 556
-1.08206e-05 555
-1.08397e-05 554
-1.08588e-05 552
-1.08779e-05 552
-1.08969e-05 551
-1.0916e-05 549
-1.09351e-05 548
-1.09542e-05 547
-1.09733e-05 545
-1.09924e-05 544
-1.10115e-05 543
-1.10305e-05 542
-1.10496e-05 540
-1.10687e-05 540
-1.10878e-05 538
-1.11069e-05 536
-1.1126e-05 536
-1.1145e-05 534
-1.11641e-05 533
-1.11832e-05 532
-1.12023e-05 530
-1.12214e-05 529
-1.12405e-05 528
-1.12595e-05 527
-1.12786e-05 525
-1.12977e-05 524
-1.13168e-05 523
-1.13359e-05 521
-1.1355e-05 520
-1.1374e-05 520
-1.13931e-05 518
-1.14122e-05 516
-1.14313e-05 515
-1.14504e-05 514
-1.14695e-05 512
-1.14885e-05 512
-1.15076e-05 510
-1.15267e-05 509
-1.15458e-05 509
-1.15649e-05 507
-1.1584e-05 505
-1.16031e-05 505
-1.16221e-05 504
-1.16412e-05 502
-1.16603e-05 501
-1.16794e-05 500
-1.16985e-05 499
-1.17176e-05 498
-1.17366e-05 498
-1.17557e-05 496
-1.17748e-05 495
-1.17939e-05 495
-1.1813e-05 493
-1.18321e-05 492
-1.18511e-05 492
-1.18702e-05 491
-1.18893e-05 489
-1.19084e-05 490
-1.19275e-05 489
-1.19466e-05 487
-1.19656e-05 487
-1.19847e-05 486
-1.20038e-05 485
-1.20229e-05 485
-1.2042e-05 484
-1.20611e-05 482
-1.20802e-05 482
-1.20992e-05 482
-1.21183e-05 480
-1.21374e-05 479
-1.21565e-05 479
-1.21756e-05 477
-1.21947e-05 477
-1.22137e-05 477
-1.22328e-05 475
-1.22519e-05 474
-1.2271e-05 474
-1.22901e-05 473
-1.23092e-05 472
-1.23282e-05 472
-1.23473e-05 471
-1.23664e-05 470
-1.23855e-05 470
-1.24046e-05 470
-1.24237e-05 468
-1.24427e-05 468
-1.24618e-05 468
-1.24809e-05 466
-1.25e-05 466
-1.25191e-05 466
-1.25382e-05 464
-1.25573e-05 464
-1.25763e-05 464
-1.25954e-05 463
-1.26145e-05 462
-1.26336e-05 463
-1.26527e-05 462
-1.26718e-05 461
-1.26908e-05 461
-1.27099e-05 460
-1.2729e-05 459
-1.27481e-05 460
-1.27672e-05 460
-1.27863e-05 458
-1.28053e-05 458
-1.28244e-05 458
-1.28435e-05 457
-1.28626e-05 457
-1.28817e-05 457
-1.29008e-05 456
-1.29198e-05 456
-1.29389e-05 457
-1.2958e-05 455
-1.29771e-05 455
-1.29962e-05 456
-1.30153e-05 454
-1.30344e-05 454
-1.30534e-05 455
-1.30725e-05 454
-1.30916e-05 454
-1.31107e-05 455
-1.31298e-05 454
-1.31489e-05 453
-1.31679e-05 454
-1.3187e-05 454
-1.32061e-05 452
-1.32252e-05 454
-1.32443e-05 454
-1.32634e-05 453
-1.32824e-05 454
-1.33015e-05 454
-1.33206e-05 453
-1.33397e-05 454
-1.33588e-05 455
-1.33779e-05 453
-1.33969e-05 454
-1.3416e-05 455
-1.34351e-05 454
-1.34542e-05 454
-1.34733e-05 455
-1.34924e-05 455
-1.35115e-05 455
-1.35305e-05 456
-1.35496e-05 455
-1.35687e-05 455
-1.35878e-05 456
-1.36069e-05 457
-1.3626e-05 456
-1.3645e-05 457
-1.36641e-05 458
-1.36832e-05 457
-1.37023e-05 458
-1.37214e-05 459
-1.37405e-05 457
-1.37595e-05 458
-1.37786e-05 460
-1.37977e-05 460
-1.38168e-05 460
-1.38359e-05 461
-1.3855e-05 460
-1.3874e-05 461
-1.38931e-05 463
-1.39122e-05 462
-1.39313e-05 462
-1.39504e-05 464
-1.39695e-05 464
-1.39885e-05 464
-1.40076e-05 465
-1.40267e-05 466
-1.40458e-05 465
-1.40649e-05 467
-1.4084e-05 468
-1.41031e-05 467
-1.41221e-05 468
-1.41412e-05 469
-1.41603e-05 469
-1.41794e-05 470
-1.41985e-05 471
-1.42176e-05 471
-1.42366e-05 471
-1.42557e-05 473
-1.42748e-05 473
-1.42939e-05 473
-1.4313e-05 474
-1.43321e-05 474
-1.43511e-05 473
-1.43702e-05 475
-1.43893e-05 474
-1.44084e-05 474
-1.44275e-05 475
-1.44466e-05 476
-1.44656e-05 474
-1.44847e-05 476
-1.45038e-05 476
-1.45229e-05 475
-1.4542e-05 476
-1.45611e-05 477
-1.45802e-05 476
-1.45992e-05 477
-1.46183e-05 478
-1.46374e-05 477
-1.46565e-05 477
-1.46756e-05 479
-1.46947e-05 478
-1.47137e-05 478
-1.47328e-05 480
-1.47519e-05 479
-1.4771e-05 479
-1.47901e-05 480
-1.48092e-05 480
-1.48282e-05 480
-1.48473e-05 481
-1.48664e-05 482
-1.48855e-05 481
-1.49046e-05 483
-1.49237e-05 484
-1.49427e-05 483
-1.49618e-05 484
-1.49809e-05 486
-1.5e-05 485
-1.50191e-05 486
-1.50382e-05 488
-1.50573e-05 487
-1.50763e-05 488
-1.50954e-05 489
-1.51145e-05 489
-1.51336e-05 490
-1.51527e-05 491
-1.51718e-05 492
-1.51908e-05 492
-1.52099e-05 493
-1.5229e-05 493
-1.52481e-05 494
-1.52672e-05 495
-1.52863e-05 496
-1.53053e-05 496
-1.53244e-05 497
-1.53435e-05 498
-1.53626e-05 497
-1.53817e-05 499
-1.54008e-05 500
-1.54198e-05 499
-1.54389e-05 501
-1.5458e-05 501
-1.54771e-05 502
-1.54962e-05 502
-1.55153e-05 503
-1.55344e-05 503
-1.55534e-05 503
-1.55725e-05 504
-1.55916e-05 505
-1.56107e-05 504
-1.56298e-05 506
-1.56489e-05 506
-1.56679e-05 506
-1.5687e-05 508
-1.57061e-05 508
-1.57252e-05 507
-1.57443e-05 509
-1.57634e-05 509
-1.57824e-05 509
-1.58015e-05 509
-1.58206e-05 511
-1.58397e-05 511
-1.58588e-05 511
-1.58779e-05 512
-1.58969e-05 512
-1.5916e-05 512
-1.59351e-05 513
-1.59542e-05 514
-1.59733e-05 513
-1.59924e-05 514
-1.60115e-05 514
-1.60305e-05 514
-1.60496e-05 516
-1.60687e-05 516
-1.60878e-05 516
-1.61069e-05 517
-1.6126e-05 517
-1.6145e-05 517
-1.61641e-05 518
-1.61832e-05 518
-1.62023e-05 518
-1.62214e-05 518
-1.62405e-05 520
-1.62595e-05 519
-1.62786e-05 520
-1.62977e-05 520
-1.63168e-05 520
-1.63359e-05 520
-1.6355e-05 521
-1.6374e-05 520
-1.63931e-05 521
-1.64122e-05 522
-1.64313e-05 522
-1.64504e-05 522
-1.64695e-05 522
-1.64885e-05 522
-1.65076e-05 522
-1.65267e-05 523
-1.65458e-05 523
-1.65649e-05 522
-1.6584e-05 523
-1.66031e-05 524
-1.66221e-05 523
-1.66412e-05 524
-1.66603e-05 524
-1.66794e-05 523
-1.66985e-05 524
-1.67176e-05 525
-1.67366e-05 524
-1.67557e-05 524
-1.67748e-05 524
-1.67939e-05 524
-1.6813e-05 524
-1.68321e-05 525
-1.68511e-05 524
-1.68702e-05 524
-1.68893e-05 524
-1.69084e-05 524
-1.69275e-05 524
-1.69466e-05 524
-1.69656e-05 524
-1.69847e-05 524
-1.70038e-05 524
-1.70229e-05 524
-1.7042e-05 524
-1.70611e-05 524
-1.70802e-05 524
-1.70992e-05 523
-1.71183e-05 523
-1.71374e-05 524
-1.71565e-05 523
-1.71756e-05 523
-1.71947e-05 524
-1.72137e-05 523
-1.72328e-05 523
-1.72519e-05 523
-1.7271e-05 522
-1.72901e-05 522
-1.73092e-05 523
-1.73282e-05 522
-1.73473e-05 521
-1.73664e-05 522
-1.73855e-05 522
-1.74046e-05 521
-1.74237e-05 521
-1.74427e-05 521
-1.74618e-05 520
-1.74809e-05 520
-1.75e-05 520
-1.75191e-05 519
-1.75382e-05 519
-1.75573e-05 519
-1.75763e-05 518
-1.75954e-05 518
-1.76145e-05 518
-1.76336e-05 518
-1.76527e-05 517
-1.76718e-05 518
-1.76908e-05 516
-1.77099e-05 516
-1.7729e-05 516
-1.77481e-05 516
-1.77672e-05 515
-1.77863e-05 515
-1.78053e-05 514
-1.78244e-05 513
-1.78435e-05 513
-1.78626e-05 513
-1.78817e-05 512
-1.79008e-05 512
-1.79198e-05 512
-1.79389e-05 510
-1.7958e-05 510
-1.79771e-05 510
-1.79962e-05 509
-1.80153e-05 508
-1.80344e-05 508
-1.80534e-05 507
-1.80725e-05 506
-1.80916e-05 507
-1.81107e-05 506
-1.81298e-05 505
-1.81489e-05 505
-1.81679e-05 504
-1.8187e-05 503
-1.82061e-05 503
-1.82252e-05 503
-1.82443e-05 501
-1.82634e-05 501
-1.82824e-05 501
-1.83015e-05 499
-1.83206e-05 499
-1.83397e-05 499
-1.83588e-05 497
-1.83779e-05 497
-1.83969e-05 496
-1.8416e-05 495
-1.84351e-05 494
-1.84542e-05 494
-1.84733e-05 492
-1.84924e-05 491
-1.85115e-05 492
-1.85305e-05 490
-1.85496e-05 489
-1.85687e-05 489
-1.85878e-05 487
-1.86069e-05 486
-1.8626e-05 486
-1.8645e-05 485
-1.86641e-05 483
-1.86832e-05 483
-1.87023e-05 482
-1.87214e-05 479
-1.87405e-05 479
-1.87595e-05 478
-1.87786e-05 476
-1.87977e-05 476
-1.88168e-05 476
-1.88359e-05 473
-1.8855e-05 472
-1.8874e-05 472
-1.88931e-05 470
-1.89122e-05 469
-1.89313e-05 469
-1.89504e-05 467
-1.89695e-05 465
-1.89885e-05 465
-1.90076e-05 463
-1.90267e-05 461
-1.90458e-05 461
-1.90649e-05 460
-1.9084e-05 458
-1.91031e-05 456
-1.91221e-05 456
-1.91412e-05 455
-1.91603e-05 454
-1.91794e-05 451
-1.91985e-05 450
-1.92176e-05 450
-1.92366e-05 449
-1.92557e-05 446
-1.92748e-05 444
-1.92939e-05 444
-1.9313e-05 443
-1.93321e-05 442
-1.93511e-05 441
-1.93702e-05 439
-1.93893e-05 437
-1.94084e-05 437
-1.94275e-05 437
-1.94466e-05 435
-1.94656e-05 432
-1.94847e-05 432
-1.95038e-05 431
-1.95229e-05 431
-1.9542e-05 430
-1.95611e-05 428
-1.95802e-05 426
-1.95992e-05 425
-1.96183e-05 425
-1.96374e-05 424
-1.96565e-05 422
-1.96756e-05 419
-1.96947e-05 419
-1.97137e-05 420
-1.97328e-05 418
-1.97519e-05 416
-1.9771e-05 414
-1.97901e-05 413
-1.98092e-05 412
-1.98282e-05 412
-1.98473e-05 410
-1.98664e-05 407
-1.98855e-05 406
-1.99046e-05 406
-1.99237e-05 406
-1.99427e-05 403
-1.99618e-05 400
-1.99809e-05 399
-2e-05 399
-2.00191e-05 399
-2.00382e-05 396
-2.00573e-05 394
-2.00763e-05 392
-2.00954e-05 393
-2.01145e-05 393
-2.01336e-05 391
-2.01527e-05 387
-2.01718e-05 386
-2.01908e-05 386
-2.02099e-05 386
-2.0229e-05 384
-2.02481e-05 381
-2.02672e-05 378
-2.02863e-05 377
-2.03053e-05 379
-2.03244e-05 377
-2.03435e-05 374
-2.03626e-05 371
-2.03817e-05 371
-2.04008e-05 372
-2.04198e-05 371
-2.04389e-05 368
-2.0458e-05 364
-2.04771e-05 364
-2.04962e-05 364
-2.05153e-05 364
-2.05344e-05 361
-2.05534e-05 357
-2.05725e-05 356
-2.05916e-05 357
-2.06107e-05 357
-2.06298e-05 354
-2.06489e-05 350
-2.06679e-05 348
-2.0687e-05 349
-2.07061e-05 349
-2.07252e-05 347
-2.07443e-05 343
-2.07634e-05 340
-2.07824e-05 342
-2.08015e-05 343
-2.08206e-05 340
-2.08397e-05 336
-2.08588e-05 334
-2.08779e-05 334
-2.08969e-05 335
-2.0916e-05 334
-2.09351e-05 329
-2.09542e-05 326
-2.09733e-05 327
-2.09924e-05 328
-2.10115e-05 327
-2.10305e-05 322
-2.10496e-05 319
-2.10687e-05 320
-2.10878e-05 322
-2.11069e-05 320
-2.1126e-05 316
-2.1145e-05 312
-2.11641e-05 313
-2.11832e-05 315
-2.12023e-05 315
-2.12214e-05 310
-2.12405e-05 306
-2.12595e-05 306
-2.12786e-05 308
-2.12977e-05 309
-2.13168e-05 305
-2.13359e-05 301
-2.1355e-05 300
-2.1374e-05 302
-2.13931e-05 304
-2.14122e-05 300
-2.14313e-05 296
-2.14504e-05 295
-2.14695e-05 297
-2.14885e-05 298
-2.15076e-05 297
-2.15267e-05 292
-2.15458e-05 290
-2.15649e-05 293
-2.1584e-05 295
-2.16031e-05 294
-2.16221e-05 289
-2.16412e-05 287
-2.16603e-05 288
-2.16794e-05 292
-2.16985e-05 291
-2.17176e-05 288
-2.17366e-05 284
-2.17557e-05 286
-2.17748e-05 289
-2.17939e-05 290
-2.1813e-05 287
-2.18321e-05 283
-2.18511e-05 284
-2.18702e-05 287
-2.18893e-05 290
-2.19084e-05 286
-2.19275e-05 283
-2.19466e-05 282
-2.19656e-05 287
-2.19847e-05 289
-2.20038e-05 288
-2.20229e-05 284
-2.2042e-05 283
-2.20611e-05 286
-2.20802e-05 289
-2.20992e-05 289
-2.21183e-05 284
-2.21374e-05 283
-2.21565e-05 286
-2.21756e-05 290
-2.21947e-05 289
-2.22137e-05 286
-2.22328e-05 284
-2.22519e-05 285
-2.2271e-05 290
-2.22901e-05 290
-2.23092e-05 287
-2.23282e-05 283
-2.23473e-05 285
-2.23664e-05 290
-2.23855e-05 291
-2.24046e-05 289
-2.24237e-05 285
-2.24427e-05 286
-2.24618e-05 289
-2.24809e-05 292
-2.25e-05 290
-2.25191e-05 287
-2.25382e-05 287
-2.25573e-05 291
-2.25763e-05 295
-2.25954e-05 294
-2.26145e-05 291
-2.26336e-05 290
-2.26527e-05 293
-2.26718e-05 297
-2.26908e-05 298
-2.27099e-05 295
-2.2729e-05 293
-2.27481e-05 296
-2.27672e-05 301
-2.27863e-05 302
-2.28053e-05 300
-2.28244e-05 297
-2.28435e-05 300
-2.28626e-05 305
-2.28817e-05 307
-2.29008e-05 306
-2.29198e-05 304
-2.29389e-05 304
-2.2958e-05 309
-2.29771e-05 312
-2.29962e-05 311
-2.30153e-05 309
-2.30344e-05 309
-2.30534e-05 313
-2.30725e-05 317
-2.30916e-05 317
-2.31107e-05 314
-2.31298e-05 314
-2.31489e-05 317
-2.31679e-05 321
-2.3187e-05 322
-2.32061e-05 319
-2.32252e-05 319
-2.32443e-05 321
-2.32634e-05 326
-2.32824e-05 327
-2.33015e-05 326
-2.33206e-05 324
-2.33397e-05 325
-2.33588e-05 330
-2.33779e-05 331
-2.33969e-05 331
-2.3416e-05 329
-2.34351e-05 331
-2.34542e-05 334
-2.34733e-05 337
-2.34924e-05 337
-2.35115e-05 335
-2.35305e-05 336
-2.35496e-05 339
-2.35687e-05 342
-2.35878e-05 343
-2.36069e-05 341
-2.3626e-05 341
-2.3645e-05 344
-2.36641e-05 347
-2.36832e-05 349
-2.37023e-05 347
-2.37214e-05 346
-2.37405e-05 349
-2.37595e-05 352
-2.37786e-05 354
-2.37977e-05 353
-2.38168e-05 352
-2.38359e-05 353
-2.3855e-05 357
-2.3874e-05 359
-2.38931e-05 359
-2.39122e-05 357
-2.39313e-05 358
-2.39504e-05 361
-2.39695e-05 364
-2.39885e-05 364
-2.40076e-05 362
-2.40267e-05 363
-2.40458e-05 365
-2.40649e-05 368
-2.4084e-05 368
-2.41031e-05 367
-2.41221e-05 366
-2.41412e-05 368
-2.41603e-05 370
-2.41794e-05 372
-2.41985e-05 370
-2.42176e-05 370
-2.42366e-05 371
-2.42557e-05 374
-2.42748e-05 375
-2.42939e-05 375
-2.4313e-05 374
-2.43321e-05 375
-2.43511e-05 377
-2.43702e-05 379
-2.43893e-05 378
-2.44084e-05 376
-2.44275e-05 377
-2.44466e-05 380
-2.44656e-05 382
-2.44847e-05 381
-2.45038e-05 380
-2.45229e-05 380
-2.4542e-05 383
-2.45611e-05 384
-2.45802e-05 384
-2.45992e-05 383
-2.46183e-05 382
-2.46374e-05 386
-2.46565e-05 387
-2.46756e-05 386
-2.46947e-05 386
-2.47137e-05 385
-2.47328e-05 387
-2.47519e-05 389
-2.4771e-05 388
-2.47901e-05 388
-2.48092e-05 387
-2.48282e-05 389
-2.48473e-05 391
-2.48664e-05 390
-2.48855e-05 389
-2.49046e-05 389
-2.49237e-05 390
-2.49427e-05 392
-2.49618e-05 393
-2.49809e-05 391
-2.5e-05 390
-2.50191e-05 391
-2.50382e-05 393
-2.50573e-05 393
-2.50763e-05 392
-2.50954e-05 391
-2.51145e-05 392
-2.51336e-05 393
-2.51527e-05 395
-2.51718e-05 394
-2.51908e-05 392
-2.52099e-05 393
-2.5229e-05 394
-2.52481e-05 396
-2.52672e-05 395
-2.52863e-05 393
-2.53053e-05 393
-2.53244e-05 395
-2.53435e-05 396
-2.53626e-05 395
-2.53817e-05 393
-2.54008e-05 393
-2.54198e-05 394
-2.54389e-05 396
-2.5458e-05 394
-2.54771e-05 393
-2.54962e-05 392
-2.55153e-05 394
-2.55344e-05 395
-2.55534e-05 395
-2.55725e-05 394
-2.55916e-05 392
-2.56107e-05 393
-2.56298e-05 395
-2.56489e-05 395
-2.56679e-05 392
-2.5687e-05 391
-2.57061e-05 392
-2.57252e-05 394
-2.57443e-05 394
-2.57634e-05 392
-2.57824e-05 391
-2.58015e-05 391
-2.58206e-05 392
-2.58397e-05 393
-2.58588e-05 392
-2.58779e-05 390
-2.58969e-05 389
-2.5916e-05 391
-2.59351e-05 391
-2.59542e-05 389
-2.59733e-05 388
-2.59924e-05 387
-2.60115e-05 388
-2.60305e-05 389
-2.60496e-05 388
-2.60687e-05 385
-2.60878e-05 385
-2.61069e-05 386
-2.6126e-05 387
-2.6145e-05 386
-2.61641e-05 383
-2.61832e-05 382
-2.62023e-05 383
-2.62214e-05 383
-2.62405e-05 383
-2.62595e-05 380
-2.62786e-05 378
-2.62977e-05 380
-2.63168e-05 381
-2.63359e-05 380
-2.6355e-05 377
-2.6374e-05 375
-2.63931e-05 376
-2.64122e-05 377
-2.64313e-05 376
-2.64504e-05 373
-2.64695e-05 370
-2.64885e-05 372
-2.65076e-05 373
-2.65267e-05 372
-2.65458e-05 369
-2.65649e-05 366
-2.6584e-05 367
-2.66031e-05 369
-2.66221e-05 368
-2.66412e-05 365
-2.66603e-05 361
-2.66794e-05 362
-2.66985e-05 364
-2.67176e-05 363
-2.67366e-05 360
-2.67557e-05 357
-2.67748e-05 357
-2.67939e-05 358
-2.6813e-05 358
-2.68321e-05 355
-2.68511e-05 352
-2.68702e-05 351
-2.68893e-05 352
-2.69084e-05 353
-2.69275e-05 350
-2.69466e-05 346
-2.69656e-05 346
-2.69847e-05 346
-2.70038e-05 348
-2.70229e-05 345
-2.7042e-05 340
-2.70611e-05 340
-2.70802e-05 341
-2.70992e-05 343
-2.71183e-05 340
-2.71374e-05 335
-2.71565e-05 335
-2.71756e-05 336
-2.71947e-05 337
-2.72137e-05 335
-2.72328e-05 330
-2.72519e-05 329
-2.7271e-05 331
-2.72901e-05 332
-2.73092e-05 330
-2.73282e-05 326
-2.73473e-05 324
-2.73664e-05 325
-2.73855e-05 326
-2.74046e-05 325
-2.74237e-05 320
-2.74427e-05 317
-2.74618e-05 318
-2.74809e-05 320
-2.75e-05 319
-2.75191e-05 314
-2.75382e-05 311
-2.75573e-05 311
-2.75763e-05 314
-2.75954e-05 312
-2.76145e-05 308
-2.76336e-05 304
-2.76527e-05 304
-2.76718e-05 307
-2.76908e-05 306
-2.77099e-05 302
-2.7729e-05 297
-2.77481e-05 298
-2.77672e-05 300
-2.77863e-05 300
-2.78053e-05 296
-2.78244e-05 291
-2.78435e-05 290
-2.78626e-05 292
-2.78817e-05 293
-2.79008e-05 289
-2.79198e-05 284
-2.79389e-05 281
-2.7958e-05 285
-2.79771e-05 287
-2.79962e-05 282
-2.80153e-05 277
-2.80344e-05 275
-2.80534e-05 278
-2.80725e-05 279
-2.80916e-05 275
-2.81107e-05 270
-2.81298e-05 266
-2.81489e-05 269
-2.81679e-05 270
-2.8187e-05 268
-2.82061e-05 261
-2.82252e-05 258
-2.82443e-05 260
-2.82634e-05 262
-2.82824e-05 260
-2.83015e-05 253
-2.83206e-05 250
-2.83397e-05 255
-2.83588e-05 253
-2.83779e-05 244
-2.83969e-05 246
-2.8416e-05 249
-2.84351e-05 243
-2.84542e-05 237
-2.84733e-05 241
-2.84924e-05 242
-2.85115e-05 234
-2.85305e-05 232
-2.85496e-05 237
-2.85687e-05 233
-2.85878e-05 225
-2.86069e-05 227
-2.8626e-05 230
-2.8645e-05 222
-2.86641e-05 217
-2.86832e-05 222
-2.87023e-05 222
-2.87214e-05 213
-2.87405e-05 212
-2.87595e-05 216
-2.87786e-05 213
-2.87977e-05 204
-2.88168e-05 206
-2.88359e-05 210
-2.8855e-05 203
-2.8874e-05 198
-2.88931e-05 202
-2.89122e-05 202
-2.89313e-05 193
-2.89504e-05 191
-2.89695e-05 198
-2.89885e-05 193
-2.90076e-05 185
-2.90267e-05 188
-2.90458e-05 190
-2.90649e-05 184
-2.9084e-05 179
-2.91031e-05 184
-2.91221e-05 185
-2.91412e-05 174
-2.91603e-05 175
-2.91794e-05 181
-2.91985e-05 176
-2.92176e-05 169
-2.92366e-05 172
-2.92557e-05 175
-2.92748e-05 168
-2.92939e-05 164
-2.9313e-05 170
-2.93321e-05 169
-2.93511e-05 160
-2.93702e-05 162
-2.93893e-05 167
-2.94084e-05 162
-2.94275e-05 156
-2.94466e-05 159
-2.94656e-05 163
-2.94847e-05 156
-2.95038e-05 153
-2.95229e-05 159
-2.9542e-05 159
-2.95611e-05 150
-2.95802e-05 152
-2.95992e-05 159
-2.96183e-05 155
-2.96374e-05 149
-2.96565e-05 155
-2.96756e-05 159
-2.96947e-05 152
-2.97137e-05 149
-2.97328e-05 156
-2.97519e-05 158
-2.9771e-05 151
-2.97901e-05 151
-2.98092e-05 159
-2.98282e-05 156
-2.98473e-05 149
-2.98664e-05 154
-2.98855e-05 159
-2.99046e-05 153
-2.99237e-05 150
-2.99427e-05 156
-2.99618e-05 158
-2.99809e-05 150
-3e-05 152
-3.00191e-05 159
-3.00382e-05 157
-3.00573e-05 150
-3.00763e-05 155
-3.00954e-05 161
-3.01145e-05 154
-3.01336e-05 151
-3.01527e-05 158
-3.01718e-05 161
-3.01908e-05 154
-3.02099e-05 155
-3.0229e-05 163
-3.02481e-05 162
-3.02672e-05 156
-3.02863e-05 161
-3.03053e-05 167
-3.03244e-05 164
-3.03435e-05 160
-3.03626e-05 167
-3.03817e-05 171
-3.04008e-05 165
-3.04198e-05 166
-3.04389e-05 175
-3.0458e-05 175
-3.04771e-05 170
-3.04962e-05 174
-3.05153e-05 182
-3.05344e-05 179
-3.05534e-05 175
-3.05725e-05 182
-3.05916e-05 187
-3.06107e-05 181
-3.06298e-05 182
-3.06489e-05 191
-3.06679e-05 192
-3.0687e-05 186
-3.07061e-05 190
-3.07252e-05 198
-3.07443e-05 194
-3.07634e-05 192
-3.07824e-05 199
-3.08015e-05 203
-3.08206e-05 198
-3.08397e-05 199
-3.08588e-05 208
-3.08779e-05 208
-3.08969e-05 202
-3.0916e-05 207
-3.09351e-05 215
-3.09542e-05 210
-3.09733e-05 209
-3.09924e-05 217
-3.10115e-05 220
-3.10305e-05 214
-3.10496e-05 217
-3.10687e-05 225
-3.10878e-05 223
-3.11069e-05 219
-3.1126e-05 227
-3.1145e-05 232
-3.11641e-05 226
-3.11832e-05 227
-3.12023e-05 235
-3.12214e-05 237
-3.12405e-05 232
-3.12595e-05 235
-3.12786e-05 243
-3.12977e-05 241
-3.13168e-05 238
-3.13359e-05 244
-3.1355e-05 250
-3.1374e-05 246
-3.13931e-05 244
-3.14122e-05 253
-3.14313e-05 255
-3.14504e-05 250
-3.14695e-05 253
-3.14885e-05 261
-3.15076e-05 262
-3.15267e-05 257
-3.15458e-05 257
-3.15649e-05 261
-3.1584e-05 266
-3.16031e-05 268
-3.16221e-05 265
-3.16412e-05 263
-3.16603e-05 266
-3.16794e-05 273
-3.16985e-05 275
-3.17176e-05 273
-3.17366e-05 270
-3.17557e-05 272
-3.17748e-05 278
-3.17939e-05 281
-3.1813e-05 280
-3.18321e-05 276
-3.18511e-05 278
-3.18702e-05 282
-3.18893e-05 287
-3.19084e-05 285
-3.19275e-05 283
-3.19466e-05 283
-3.19656e-05 287
-3.19847e-05 292
-3.20038e-05 292
-3.20229e-05 289
-3.2042e-05 287
-3.20611e-05 292
-3.20802e-05 296
-3.20992e-05 297
-3.21183e-05 294
-3.21374e-05 293
-3.21565e-05 296
-3.21756e-05 300
-3.21947e-05 302
-3.22137e-05 299
-3.22328e-05 297
-3.22519e-05 298
-3.2271e-05 304
-3.22901e-05 305
-3.23092e-05 304
-3.23282e-05 301
-3.23473e-05 303
-3.23664e-05 307
-3.23855e-05 310
-3.24046e-05 309
-3.24237e-05 305
-3.24427e-05 305
-3.24618e-05 309
-3.24809e-05 313
-3.25e-05 312
-3.25191e-05 309
-3.25382e-05 309
-3.25573e-05 312
-3.25763e-05 316
-3.25954e-05 317
-3.26145e-05 314
-3.26336e-05 311
-3.26527e-05 314
-3.26718e-05 318
-3.26908e-05 320
-3.27099e-05 317
-3.2729e-05 314
-3.27481e-05 315
-3.27672e-05 320
-3.27863e-05 322
-3.28053e-05 319
-3.28244e-05 317
-3.28435e-05 316
-3.28626e-05 322
-3.28817e-05 324
-3.29008e-05 322
-3.29198e-05 319
-3.29389e-05 319
-3.2958e-05 324
-3.29771e-05 325
-3.29962e-05 324
-3.30153e-05 321
-3.30344e-05 320
-3.30534e-05 324
-3.30725e-05 327
-3.30916e-05 326
-3.31107e-05 323
-3.31298e-05 321
-3.31489e-05 325
-3.31679e-05 327
-3.3187e-05 327
-3.32061e-05 324
-3.32252e-05 323
-3.32443e-05 326
-3.32634e-05 328
-3.32824e-05 328
-3.33015e-05 325
-3.33206e-05 323
-3.33397e-05 326
-3.33588e-05 330
-3.33779e-05 329
-3.33969e-05 326
-3.3416e-05 324
-3.34351e-05 326
-3.34542e-05 329
-3.34733e-05 330
-3.34924e-05 326
-3.35115e-05 324
-3.35305e-05 325
-3.35496e-05 329
-3.35687e-05 330
-3.35878e-05 327
-3.36069e-05 324
-3.3626e-05 324
-3.3645e-05 328
-3.36641e-05 329
-3.36832e-05 326
-3.37023e-05 323
-3.37214e-05 324
-3.37405e-05 326
-3.37595e-05 328
-3.37786e-05 326
-3.37977e-05 322
-3.38168e-05 323
-3.38359e-05 326
-3.3855e-05 327
-3.3874e-05 324
-3.38931e-05 320
-3.39122e-05 321
-3.39313e-05 324
-3.39504e-05 325
-3.39695e-05 323
-3.39885e-05 319
-3.40076e-05 318
-3.40267e-05 322
-3.40458e-05 323
-3.40649e-05 321
-3.4084e-05 317
-3.41031e-05 316
-3.41221e-05 319
-3.41412e-05 321
-3.41603e-05 319
-3.41794e-05 314
-3.41985e-05 313
-3.42176e-05 315
-3.42366e-05 317
-3.42557e-05 316
-3.42748e-05 312
-3.42939e-05 309
-3.4313e-05 311
-3.43321e-05 313
-3.43511e-05 313
-3.43702e-05 309
-3.43893e-05 306
-3.44084e-05 307
-3.44275e-05 310
-3.44466e-05 310
-3.44656e-05 306
-3.44847e-05 302
-3.45038e-05 303
-3.45229e-05 305
-3.4542e-05 306
-3.45611e-05 303
-3.45802e-05 297
-3.45992e-05 298
-3.46183e-05 301
-3.46374e-05 303
-3.46565e-05 300
-3.46756e-05 295
-3.46947e-05 294
-3.47137e-05 297
-3.47328e-05 298
-3.47519e-05 297
-3.4771e-05 292
-3.47901e-05 289
-3.48092e-05 292
-3.48282e-05 295
-3.48473e-05 292
-3.48664e-05 288
-3.48855e-05 285
-3.49046e-05 287
-3.49237e-05 291
-3.49427e-05 289
-3.49618e-05 285
-3.49809e-05 280
-3.5e-05 282
-3.50191e-05 285
-3.50382e-05 286
-3.50573e-05 281
-3.50763e-05 276
-3.50954e-05 277
-3.51145e-05 280
-3.51336e-05 282
-3.51527e-05 276
-3.51718e-05 272
-3.51908e-05 271
-3.52099e-05 275
-3.5229e-05 276
-3.52481e-05 273
-3.52672e-05 267
-3.52863e-05 266
-3.53053e-05 269
-3.53244e-05 271
-3.53435e-05 268
-3.53626e-05 261
-3.53817e-05 260
-3.54008e-05 263
-3.54198e-05 266
-3.54389e-05 263
-3.5458e-05 257
-3.54771e-05 255
-3.54962e-05 259
-3.55153e-05 261
-3.55344e-05 257
-3.55534e-05 250
-3.55725e-05 251
-3.55916e-05 256
-3.56107e-05 254
-3.56298e-05 245
-3.56489e-05 246
-3.56679e-05 251
-3.5687e-05 246
-3.57061e-05 239
-3.57252e-05 244
-3.57443e-05 244
-3.57634e-05 237
-3.57824e-05 235
-3.58015e-05 241
-3.58206e-05 239
-3.58397e-05 231
-3.58588e-05 232
-3.58779e-05 236
-3.58969e-05 231
-3.5916e-05 225
-3.59351e-05 229
-3.59542e-05 231
-3.59733e-05 223
-3.59924e-05 220
-3.60115e-05 225
-3.60305e-05 222
-3.60496e-05 215
-3.60687e-05 216
-3.60878e-05 221
-3.61069e-05 215
-3.6126e-05 208
-3.6145e-05 212
-3.61641e-05 213
-3.61832e-05 205
-3.62023e-05 202
-3.62214e-05 208
-3.62405e-05 206
-3.62595e-05 198
-3.62786e-05 198
-3.62977e-05 202
-3.63168e-05 197
-3.63359e-05 189
-3.6355e-05 193
-3.6374e-05 196
-3.63931e-05 188
-3.64122e-05 183
-3.64313e-05 189
-3.64504e-05 188
-3.64695e-05 178
-3.64885e-05 178
-3.65076e-05 183
-3.65267e-05 178
-3.65458e-05 170
-3.65649e-05 174
-3.6584e-05 176
-3.66031e-05 167
-3.66221e-05 163
-3.66412e-05 169
-3.66603e-05 167
-3.66794e-05 157
-3.66985e-05 158
-3.67176e-05 163
-3.67366e-05 156
-3.67557e-05 149
-3.67748e-05 153
-3.67939e-05 154
-3.6813e-05 145
-3.68321e-05 142
-3.68511e-05 147
-3.68702e-05 144
-3.68893e-05 135
-3.69084e-05 138
-3.69275e-05 139
-3.69466e-05 132
-3.69656e-05 127
-3.69847e-05 132
-3.70038e-05 132
-3.70229e-05 122
-3.7042e-05 120
-3.70611e-05 127
-3.70802e-05 121
-3.70992e-05 113
-3.71183e-05 115
-3.71374e-05 118
-3.71565e-05 110
-3.71756e-05 106
-3.71947e-05 111
-3.72137e-05 110
-3.72328e-05 101
-3.72519e-05 103
-3.7271e-05 109
-3.72901e-05 103
-3.73092e-05 96
-3.73282e-05 105
-3.73473e-05 103
-3.73664e-05 94
-3.73855e-05 101
-3.74046e-05 103
-3.74237e-05 93
-3.74427e-05 99
-3.74618e-05 99
-3.74809e-05 92
-3.75e-05 100
-3.75191e-05 96
-3.75382e-05 92
-3.75573e-05 100
-3.75763e-05 92
-3.75954e-05 93
-3.76145e-05 97
-3.76336e-05 88
-3.76527e-05 97
-3.76718e-05 90
-3.76908e-05 89
-3.77099e-05 94
-3.7729e-05 84
-3.77481e-05 93
-3.77672e-05 85
-3.77863e-05 85
-3.78053e-05 90
-3.78244e-05 80
-3.78435e-05 88
-3.78626e-05 82
-3.78817e-05 80
-3.79008e-05 86
-3.79198e-05 76
-3.79389e-05 84
-3.7958e-05 79
-3.79771e-05 77
-3.79962e-05 84
-3.80153e-05 74
-3.80344e-05 81
-3.80534e-05 78
-3.80725e-05 76
-3.80916e-05 83
-3.81107e-05 73
-3.81298e-05 81
-3.81489e-05 79
-3.81679e-05 76
-3.8187e-05 84
-3.82061e-05 75
-3.82252e-05 82
-3.82443e-05 81
-3.82634e-05 77
-3.82824e-05 86
-3.83015e-05 78
-3.83206e-05 85
-3.83397e-05 85
-3.83588e-05 80
-3.83779e-05 90
-3.83969e-05 83
-3.8416e-05 88
-3.84351e-05 90
-3.84542e-05 84
-3.84733e-05 95
-3.84924e-05 88
-3.85115e-05 94
-3.85305e-05 97
-3.85496e-05 91
-3.85687e-05 101
-3.85878e-05 99
-3.86069e-05 95
-3.8626e-05 105
-3.8645e-05 100
-3.86641e-05 99
-3.86832e-05 109
-3.87023e-05 107
-3.87214e-05 103
-3.87405e-05 111
-3.87595e-05 117
-3.87786e-05 111
-3.87977e-05 110
-3.88168e-05 121
-3.88359e-05 121
-3.8855e-05 116
-3.8874e-05 120
-3.88931e-05 130
-3.89122e-05 126
-3.89313e-05 122
-3.89504e-05 129
-3.89695e-05 136
-3.89885e-05 131
-3.90076e-05 131
-3.90267e-05 140
-3.90458e-05 142
-3.90649e-05 136
-3.9084e-05 140
-3.91031e-05 150
-3.91221e-05 147
-3.91412e-05 144
-3.91603e-05 150
-3.91794e-05 156
-3.91985e-05 151
-3.92176e-05 151
-3.92366e-05 160
-3.92557e-05 163
-3.92748e-05 157
-3.92939e-05 159
-3.9313e-05 168
-3.93321e-05 167
-3.93511e-05 161
-3.93702e-05 169
-3.93893e-05 175
-3.94084e-05 171
-3.94275e-05 168
-3.94466e-05 177
-3.94656e-05 180
-3.94847e-05 173
-3.95038e-05 176
-3.95229e-05 185
-3.9542e-05 185
-3.95611e-05 179
-3.95802e-05 184
-3.95992e-05 191
-3.96183e-05 187
-3.96374e-05 184
-3.96565e-05 192
-3.96756e-05 196
-3.96947e-05 191
-3.97137e-05 191
-3.97328e-05 198
-3.97519e-05 200
-3.9771e-05 194
-3.97901e-05 199
-3.98092e-05 205
-3.98282e-05 201
-3.98473e-05 198
-3.98664e-05 206
-3.98855e-05 209
-3.99046e-05 202
-3.99237e-05 204
-3.99427e-05 213
-3.99618e-05 212
-3.99809e-05 206
-4e-05 211
-4.00191e-05 218
-4.00382e-05 213
-4.00573e-05 211
-4.00763e-05 218
-4.00954e-05 221
-4.01145e-05 215
-4.01336e-05 214
-4.01527e-05 224
-4.01718e-05 224
-4.01908e-05 217
-4.02099e-05 222
-4.0229e-05 228
-4.02481e-05 224
-4.02672e-05 221
-4.02863e-05 229
-4.03053e-05 231
-4.03244e-05 226
-4.03435e-05 226
-4.03626e-05 234
