0,0	257,0
0,5	260,0
1,0	264,0
1,5	267,0
2,0	270,0
2,5	272,0
3,0	275,0
3,5	279,0
4,0	282,0
4,5	285,0
5,0	287,0
5,5	290,0
6,0	293,0
6,5	296,0
7,0	299,0
7,5	302,0
8,0	305,0
8,5	308,0
9,0	311,0
9,5	313,0
10,0	315,0
10,5	318,0
11,0	321,0
11,5	324,0
12,0	326,0
12,5	329,0
13,0	331,0
13,5	332,0
14,0	335,0
14,5	338,0
15,0	338,0
15,5	342,0
16,0	343,0
16,5	346,0
17,0	348,0
17,5	349,0
18,0	352,0
18,5	353,0
19,0	355,0
19,5	356,0
20,0	358,0
20,5	360,0
21,0	361,0
21,5	363,0
22,0	364,0
22,5	366,0
23,0	367,0
23,5	368,0
24,0	370,0
24,5	370,0
25,0	372,0
25,5	372,0
26,0	374,0
26,5	374,0
27,0	375,0
27,5	376,0
28,0	376,0
28,5	378,0
29,0	377,0
29,5	379,0
30,0	379,0
30,5	379,0
31,0	380,0
31,5	379,0
32,0	381,0
32,5	379,0
33,0	380,0
33,5	380,0
34,0	380,0
34,5	381,0
35,0	379,0
35,5	380,0
36,0	379,0
36,5	379,0
37,0	379,0
37,5	378,0
38,0	378,0
38,5	376,0
39,0	377,0
39,5	375,0
40,0	375,0
40,5	374,0
41,0	373,0
41,5	373,0
42,0	370,0
42,5	371,0
43,0	368,0
43,5	368,0
44,0	367,0
44,5	365,0
45,0	364,0
45,5	362,0
46,0	361,0
46,5	359,0
47,0	358,0
47,5	356,0
48,0	354,0
48,5	353,0
49,0	350,0
49,5	350,0
50,0	347,0
50,5	346,0
51,0	343,0
51,5	341,0
52,0	339,0
52,5	336,0
53,0	335,0
53,5	332,0
54,0	330,0
54,5	328,0
55,0	325,0
55,5	324,0
56,0	320,0
56,5	319,0
57,0	315,0
57,5	313,0
58,0	310,0
58,5	307,0
59,0	305,0
59,5	301,0
60,0	300,0
60,5	296,0
61,0	294,0
61,5	291,0
62,0	287,0
62,5	285,0
63,0	281,0
63,5	279,0
64,0	275,0
64,5	272,0
65,0	270,0
65,5	266,0
66,0	263,0
66,5	259,0
67,0	257,0
67,5	253,0
68,0	250,0
68,5	247,0
69,0	243,0
69,5	241,0
70,0	236,0
70,5	234,0
71,0	230,0
71,5	227,0
72,0	224,0
72,5	219,0
73,0	217,0
73,5	212,0
74,0	210,0
74,5	206,0
75,0	203,0
75,5	200,0
76,0	195,0
76,5	193,0
77,0	188,0
77,5	186,0
78,0	182,0
78,5	178,0
79,0	176,0
79,5	171,0
80,0	169,0
80,5	164,0
81,0	162,0
81,5	158,0
82,0	154,0
82,5	152,0
83,0	147,0
83,5	145,0
84,0	141,0
84,5	138,0
85,0	135,0
85,5	132,0
86,0	128,0
86,5	124,0
87,0	123,0
87,5	118,0
88,0	115,0
88,5	112,0
89,0	109,0
89,5	107,0
90,0	102,0
90,5	100,0
91,0	97,0
91,5	93,0
92,0	91,0
92,5	88,0
93,0	86,0
93,5	82,0
94,0	79,0
94,5	77,0
95,0	75,0
95,5	72,0
96,0	68,0
96,5	66,0
97,0	64,0
97,5	61,0
98,0	59,0
98,5	55,0
99,0	53,0
99,5	52,0
100,0	50,0
100,5	47,0
101,0	44,0
101,5	42,0
102,0	41,0
102,5	39,0
103,0	36,0
103,5	34,0
104,0	32,0
104,5	31,0
105,0	29,0
105,5	27,0
106,0	25,0
106,5	23,0
107,0	22,0
107,5	21,0
108,0	19,0
108,5	17,0
109,0	16,0
109,5	15,0
110,0	13,0
110,5	12,0
111,0	11,0
111,5	10,0
112,0	9,0
112,5	8,0
113,0	7,0
113,5	6,0
114,0	5,0
114,5	4,0
115,0	3,0
115,5	2,0
116,0	2,0
116,5	1,0
117,0	1,0
117,5	0,0
118,0	0,0
118,5	0,0
119,0	0,0
119,5	0,0
120,0	0,0
120,5	0,0
121,0	0,0
121,5	0,0
122,0	0,0
122,5	0,0
123,0	0,0
123,5	0,0
124,0	0,0
124,5	0,0
125,0	0,0
125,5	0,0
126,0	0,0
126,5	0,0
127,0	0,0
127,5	0,0
128,0	0,0
128,5	0,0
129,0	0,0
129,5	0,0
130,0	1,0
130,5	1,0
131,0	1,0
131,5	2,0
132,0	3,0
132,5	4,0
133,0	4,0
133,5	5,0
134,0	6,0
134,5	7,0
135,0	8,0
135,5	9,0
136,0	10,0
136,5	11,0
137,0	13,0
137,5	14,0
138,0	15,0
138,5	16,0
139,0	18,0
139,5	19,0
140,0	21,0
140,5	23,0
141,0	24,0
141,5	26,0
142,0	28,0
142,5	30,0
143,0	31,0
143,5	33,0
144,0	35,0
144,5	38,0
145,0	40,0
145,5	41,0
146,0	43,0
146,5	45,0
147,0	48,0
147,5	50,0
148,0	52,0
148,5	54,0
149,0	57,0
149,5	60,0
150,0	62,0
150,5	65,0
151,0	67,0
151,5	69,0
152,0	73,0
152,5	76,0
153,0	78,0
153,5	80,0
154,0	83,0
154,5	86,0
155,0	89,0
155,5	92,0
156,0	95,0
156,5	97,0
157,0	101,0
157,5	104,0
158,0	106,0
158,5	111,0
159,0	113,0
159,5	116,0
160,0	120,0
160,5	123,0
161,0	126,0
161,5	128,0
162,0	133,0
162,5	136,0
163,0	139,0
163,5	142,0
164,0	145,0
164,5	150,0
165,0	151,0
165,5	155,0
166,0	159,0
166,5	162,0
167,0	166,0
167,5	168,0
168,0	173,0
168,5	175,0
169,0	179,0
169,5	182,0
170,0	185,0
170,5	189,0
171,0	191,0
171,5	196,0
172,0	199,0
172,5	202,0
173,0	206,0
173,5	208,0
174,0	213,0
174,5	216,0
175,0	219,0
175,5	223,0
176,0	226,0
176,5	230,0
177,0	232,0
177,5	237,0
178,0	240,0
178,5	243,0
179,0	247,0
179,5	249,0
180,0	253,0
180,5	256,0
181,0	259,0
181,5	262,0
182,0	265,0
182,5	270,0
183,0	271,0
183,5	275,0
184,0	278,0
184,5	281,0
185,0	284,0
185,5	286,0
186,0	291,0
186,5	292,0
187,0	296,0
187,5	298,0
188,0	301,0
188,5	305,0
189,0	306,0
189,5	310,0
190,0	312,0
190,5	315,0
191,0	317,0
191,5	320,0
192,0	323,0
192,5	324,0
193,0	328,0
193,5	329,0
194,0	332,0
194,5	335,0
195,0	336,0
195,5	339,0
196,0	340,0
196,5	343,0
197,0	344,0
197,5	347,0
198,0	349,0
198,5	350,0
199,0	353,0
199,5	353,0
200,0	357,0
200,5	357,0
201,0	359,0
201,5	361,0
202,0	362,0
202,5	365,0
203,0	364,0
203,5	367,0
204,0	367,0
204,5	369,0
205,0	370,0
205,5	370,0
206,0	373,0
206,5	373,0
207,0	374,0
207,5	375,0
208,0	376,0
208,5	377,0
209,0	377,0
209,5	378,0
210,0	377,0
210,5	379,0
211,0	379,0
211,5	379,0
212,0	381,0
212,5	379,0
213,0	381,0
213,5	380,0
214,0	380,0
214,5	381,0
215,0	380,0
215,5	381,0
216,0	379,0
216,5	380,0
217,0	379,0
217,5	379,0
218,0	379,0
218,5	377,0
219,0	378,0
219,5	376,0
220,0	376,0
220,5	376,0
221,0	374,0
221,5	374,0
222,0	372,0
222,5	372,0
223,0	371,0
223,5	369,0
224,0	369,0
224,5	366,0
225,0	367,0
225,5	364,0
226,0	363,0
226,5	362,0
227,0	359,0
227,5	359,0
228,0	356,0
228,5	355,0
229,0	353,0
229,5	351,0
230,0	350,0
230,5	347,0
231,0	346,0
231,5	343,0
232,0	342,0
232,5	340,0
233,0	336,0
233,5	336,0
234,0	332,0
234,5	331,0
235,0	328,0
235,5	325,0
236,0	324,0
236,5	320,0
237,0	319,0
237,5	315,0
238,0	313,0
238,5	310,0
239,0	307,0
239,5	305,0
240,0	301,0
240,5	300,0
241,0	296,0
241,5	293,0
242,0	291,0
242,5	287,0
243,0	285,0
243,5	281,0
244,0	279,0
244,5	275,0
245,0	272,0
245,5	270,0
246,0	265,0
246,5	263,0
247,0	259,0
247,5	256,0
248,0	252,0
248,5	249,0
249,0	247,0
249,5	242,0
250,0	240,0
250,5	235,0
251,0	233,0
251,5	229,0
252,0	225,0
252,5	223,0
253,0	218,0
253,5	216,0
254,0	211,0
254,5	208,0
255,0	205,0
255,5	201,0
256,0	198,0
256,5	194,0
257,0	192,0
257,5	187,0
258,0	183,0
258,5	181,0
259,0	177,0
259,5	174,0
260,0	169,0
260,5	167,0
261,0	163,0
261,5	159,0
262,0	157,0
262,5	152,0
263,0	150,0
263,5	146,0
264,0	142,0
264,5	139,0
265,0	136,0
265,5	134,0
266,0	128,0
266,5	126,0
267,0	123,0
267,5	120,0
268,0	117,0
268,5	112,0
269,0	111,0
269,5	106,0
270,0	104,0
270,5	101,0
271,0	98,0
271,5	95,0
272,0	92,0
272,5	88,0
273,0	85,0
273,5	83,0
274,0	81,0
274,5	78,0
275,0	75,0
275,5	71,0
276,0	69,0
276,5	67,0
277,0	65,0
277,5	61,0
278,0	58,0
278,5	56,0
279,0	55,0
279,5	52,0
280,0	49,0
280,5	46,0
281,0	45,0
281,5	43,0
282,0	41,0
282,5	38,0
283,0	36,0
283,5	34,0
284,0	33,0
284,5	31,0
285,0	28,0
285,5	26,0
286,0	25,0
286,5	24,0
287,0	22,0
287,5	20,0
288,0	18,0
288,5	17,0
289,0	16,0
289,5	15,0
290,0	13,0
290,5	12,0
291,0	11,0
291,5	10,0
292,0	9,0
292,5	8,0
293,0	6,0
293,5	6,0
294,0	5,0
294,5	4,0
295,0	3,0
295,5	2,0
296,0	2,0
296,5	1,0
297,0	1,0
297,5	0,0
298,0	0,0
298,5	0,0
299,0	0,0
299,5	0,0
300,0	0,0
300,5	0,0
301,0	0,0
301,5	0,0
302,0	0,0
302,5	0,0
303,0	0,0
303,5	0,0
304,0	0,0
304,5	0,0
305,0	0,0
305,5	0,0
306,0	0,0
306,5	0,0
307,0	0,0
307,5	0,0
308,0	0,0
308,5	0,0
309,0	0,0
309,5	0,0
310,0	0,0
310,5	1,0
311,0	2,0
311,5	2,0
312,0	3,0
312,5	4,0
313,0	4,0
313,5	5,0
314,0	6,0
314,5	7,0
315,0	8,0
315,5	9,0
316,0	10,0
316,5	11,0
317,0	13,0
317,5	14,0
318,0	16,0
318,5	17,0
319,0	18,0
319,5	19,0
320,0	21,0
320,5	23,0
321,0	24,0
321,5	26,0
322,0	27,0
322,5	29,0
323,0	32,0
323,5	34,0
324,0	35,0
324,5	37,0
325,0	39,0
325,5	42,0
326,0	44,0
326,5	45,0
327,0	47,0
327,5	50,0
328,0	53,0
328,5	55,0
329,0	57,0
329,5	60,0
330,0	61,0
330,5	65,0
331,0	66,0
331,5	70,0
332,0	73,0
332,5	75,0
333,0	78,0
333,5	80,0
334,0	84,0
334,5	86,0
335,0	89,0
335,5	92,0
336,0	94,0
336,5	99,0
337,0	100,0
337,5	103,0
338,0	107,0
338,5	110,0
339,0	112,0
339,5	116,0
340,0	120,0
340,5	123,0
341,0	126,0
341,5	128,0
342,0	132,0
342,5	136,0
343,0	139,0
343,5	141,0
344,0	145,0
344,5	149,0
345,0	152,0
345,5	155,0
346,0	158,0
346,5	162,0
347,0	166,0
347,5	169,0
348,0	172,0
348,5	175,0
349,0	179,0
349,5	183,0
350,0	186,0
350,5	189,0
351,0	192,0
351,5	196,0
352,0	201,0
352,5	202,0
353,0	206,0
353,5	210,0
354,0	213,0
354,5	216,0
355,0	219,0
355,5	224,0
356,0	228,0
356,5	231,0
357,0	233,0
357,5	236,0
358,0	241,0
358,5	244,0
359,0	246,0
359,5	249,0
0,0	254,0
0,5	257,0
1,0	260,0
1,5	262,0
2,0	266,0
2,5	269,0
3,0	273,0
3,5	276,0
4,0	278,0
