0,0	202,0
0,5	204,0
1,0	208,0
1,5	211,0
2,0	214,0
2,5	218,0
3,0	222,0
3,5	226,0
4,0	229,0
4,5	232,0
5,0	235,0
5,5	239,0
6,0	243,0
6,5	246,0
7,0	249,0
7,5	252,0
8,0	256,0
8,5	260,0
9,0	263,0
9,5	266,0
10,0	269,0
10,5	273,0
11,0	276,0
11,5	279,0
12,0	283,0
12,5	286,0
13,0	289,0
13,5	291,0
14,0	295,0
14,5	297,0
15,0	300,0
15,5	303,0
16,0	306,0
16,5	310,0
17,0	311,0
17,5	315,0
18,0	317,0
18,5	320,0
19,0	323,0
19,5	325,0
20,0	329,0
20,5	330,0
21,0	333,0
21,5	336,0
22,0	338,0
22,5	341,0
23,0	342,0
23,5	346,0
24,0	347,0
24,5	350,0
25,0	352,0
25,5	353,0
26,0	356,0
26,5	357,0
27,0	360,0
27,5	361,0
28,0	363,0
28,5	365,0
29,0	366,0
29,5	369,0
30,0	369,0
30,5	372,0
31,0	373,0
31,5	374,0
32,0	376,0
32,5	376,0
33,0	379,0
33,5	379,0
34,0	380,0
34,5	381,0
35,0	382,0
35,5	384,0
36,0	383,0
36,5	385,0
37,0	385,0
37,5	386,0
38,0	387,0
38,5	387,0
39,0	388,0
39,5	388,0
40,0	389,0
40,5	389,0
41,0	388,0
41,5	390,0
42,0	389,0
42,5	390,0
43,0	389,0
43,5	389,0
44,0	389,0
44,5	388,0
45,0	389,0
45,5	387,0
46,0	388,0
46,5	387,0
47,0	386,0
47,5	386,0
48,0	385,0
48,5	385,0
49,0	383,0
49,5	383,0
50,0	382,0
50,5	380,0
51,0	381,0
51,5	378,0
52,0	378,0
52,5	376,0
53,0	375,0
53,5	374,0
54,0	372,0
54,5	371,0
55,0	369,0
55,5	368,0
56,0	366,0
56,5	364,0
57,0	363,0
57,5	360,0
58,0	359,0
58,5	357,0
59,0	355,0
59,5	354,0
60,0	350,0
60,5	349,0
61,0	346,0
61,5	344,0
62,0	342,0
62,5	339,0
63,0	338,0
63,5	334,0
64,0	333,0
64,5	330,0
65,0	327,0
65,5	325,0
66,0	321,0
66,5	320,0
67,0	316,0
67,5	314,0
68,0	311,0
68,5	308,0
69,0	306,0
69,5	302,0
70,0	300,0
70,5	296,0
71,0	293,0
71,5	291,0
72,0	287,0
72,5	284,0
73,0	281,0
73,5	278,0
74,0	275,0
74,5	270,0
75,0	269,0
75,5	264,0
76,0	261,0
76,5	258,0
77,0	254,0
77,5	252,0
78,0	247,0
78,5	245,0
79,0	241,0
79,5	237,0
80,0	235,0
80,5	230,0
81,0	228,0
81,5	224,0
82,0	220,0
82,5	217,0
83,0	212,0
83,5	210,0
84,0	206,0
84,5	203,0
85,0	199,0
85,5	195,0
86,0	192,0
86,5	188,0
87,0	185,0
87,5	181,0
88,0	177,0
88,5	175,0
89,0	170,0
89,5	168,0
90,0	163,0
90,5	160,0
91,0	157,0
91,5	153,0
92,0	150,0
92,5	146,0
93,0	143,0
93,5	140,0
94,0	136,0
94,5	133,0
95,0	129,0
95,5	127,0
96,0	123,0
96,5	119,0
97,0	117,0
97,5	113,0
98,0	110,0
98,5	106,0
99,0	104,0
99,5	101,0
100,0	97,0
100,5	94,0
101,0	92,0
101,5	89,0
102,0	85,0
102,5	82,0
103,0	80,0
103,5	78,0
104,0	75,0
104,5	72,0
105,0	69,0
105,5	66,0
106,0	63,0
106,5	61,0
107,0	59,0
107,5	56,0
108,0	53,0
108,5	51,0
109,0	49,0
109,5	47,0
110,0	44,0
110,5	41,0
111,0	40,0
111,5	38,0
112,0	36,0
112,5	34,0
113,0	31,0
113,5	29,0
114,0	28,0
114,5	26,0
115,0	25,0
115,5	23,0
116,0	21,0
116,5	19,0
117,0	18,0
117,5	17,0
118,0	15,0
118,5	14,0
119,0	12,0
119,5	11,0
120,0	10,0
120,5	9,0
121,0	8,0
121,5	7,0
122,0	6,0
122,5	5,0
123,0	4,0
123,5	4,0
124,0	2,0
124,5	2,0
125,0	1,0
125,5	1,0
126,0	0,0
126,5	0,0
127,0	0,0
127,5	0,0
128,0	0,0
128,5	0,0
129,0	0,0
129,5	0,0
130,0	0,0
130,5	0,0
131,0	0,0
131,5	0,0
132,0	0,0
132,5	0,0
133,0	0,0
133,5	0,0
134,0	0,0
134,5	0,0
135,0	0,0
135,5	0,0
136,0	0,0
136,5	0,0
137,0	0,0
137,5	0,0
138,0	0,0
138,5	0,0
139,0	0,0
139,5	1,0
140,0	2,0
140,5	2,0
141,0	3,0
141,5	4,0
142,0	5,0
142,5	5,0
143,0	6,0
143,5	8,0
144,0	9,0
144,5	10,0
145,0	11,0
145,5	12,0
146,0	14,0
146,5	15,0
147,0	16,0
147,5	17,0
148,0	19,0
148,5	21,0
149,0	22,0
149,5	24,0
150,0	25,0
150,5	27,0
151,0	29,0
151,5	31,0
152,0	33,0
152,5	35,0
153,0	37,0
153,5	39,0
154,0	42,0
154,5	44,0
155,0	45,0
155,5	48,0
156,0	51,0
156,5	53,0
157,0	55,0
157,5	57,0
158,0	60,0
158,5	63,0
159,0	66,0
159,5	68,0
160,0	70,0
160,5	74,0
161,0	76,0
161,5	79,0
162,0	82,0
162,5	84,0
163,0	87,0
163,5	91,0
164,0	94,0
164,5	97,0
165,0	99,0
165,5	103,0
166,0	106,0
166,5	109,0
167,0	113,0
167,5	115,0
168,0	119,0
168,5	123,0
169,0	125,0
169,5	129,0
170,0	131,0
170,5	136,0
171,0	138,0
171,5	142,0
172,0	146,0
172,5	148,0
173,0	153,0
173,5	155,0
174,0	160,0
174,5	163,0
175,0	166,0
175,5	170,0
176,0	173,0
176,5	177,0
177,0	180,0
177,5	184,0
178,0	188,0
178,5	191,0
179,0	195,0
179,5	197,0
180,0	202,0
180,5	205,0
181,0	208,0
181,5	212,0
182,0	215,0
182,5	220,0
183,0	222,0
183,5	227,0
184,0	230,0
184,5	233,0
185,0	237,0
185,5	240,0
186,0	245,0
186,5	247,0
187,0	251,0
187,5	254,0
188,0	258,0
188,5	262,0
189,0	263,0
189,5	268,0
190,0	271,0
190,5	275,0
191,0	278,0
191,5	280,0
192,0	285,0
192,5	287,0
193,0	290,0
193,5	293,0
194,0	296,0
194,5	300,0
195,0	302,0
195,5	306,0
196,0	308,0
196,5	311,0
197,0	314,0
197,5	316,0
198,0	321,0
198,5	322,0
199,0	326,0
199,5	328,0
200,0	330,0
200,5	334,0
201,0	335,0
201,5	338,0
202,0	340,0
202,5	343,0
203,0	346,0
203,5	347,0
204,0	351,0
204,5	352,0
205,0	355,0
205,5	356,0
206,0	358,0
206,5	361,0
207,0	362,0
207,5	365,0
208,0	366,0
208,5	368,0
209,0	370,0
209,5	370,0
210,0	373,0
210,5	374,0
211,0	376,0
211,5	377,0
212,0	378,0
212,5	381,0
213,0	381,0
213,5	383,0
214,0	383,0
214,5	385,0
215,0	386,0
215,5	386,0
216,0	388,0
216,5	388,0
217,0	390,0
217,5	390,0
218,0	390,0
218,5	392,0
219,0	391,0
219,5	392,0
220,0	392,0
220,5	393,0
221,0	393,0
221,5	392,0
222,0	394,0
222,5	393,0
223,0	394,0
223,5	393,0
224,0	393,0
224,5	393,0
225,0	392,0
225,5	393,0
226,0	392,0
226,5	391,0
227,0	391,0
227,5	390,0
228,0	390,0
228,5	388,0
229,0	388,0
229,5	388,0
230,0	386,0
230,5	386,0
231,0	383,0
231,5	384,0
232,0	382,0
232,5	380,0
233,0	380,0
233,5	377,0
234,0	377,0
234,5	375,0
235,0	374,0
235,5	373,0
236,0	370,0
236,5	369,0
237,0	366,0
237,5	366,0
238,0	363,0
238,5	361,0
239,0	360,0
239,5	357,0
240,0	356,0
240,5	353,0
241,0	351,0
241,5	349,0
242,0	346,0
242,5	344,0
243,0	341,0
243,5	340,0
244,0	336,0
244,5	334,0
245,0	332,0
245,5	328,0
246,0	327,0
246,5	322,0
247,0	321,0
247,5	317,0
248,0	314,0
248,5	312,0
249,0	308,0
249,5	307,0
250,0	302,0
250,5	300,0
251,0	297,0
251,5	293,0
252,0	291,0
252,5	287,0
253,0	285,0
253,5	281,0
254,0	277,0
254,5	274,0
255,0	270,0
255,5	268,0
256,0	263,0
256,5	261,0
257,0	258,0
257,5	253,0
258,0	251,0
258,5	246,0
259,0	244,0
259,5	240,0
260,0	236,0
260,5	233,0
261,0	229,0
261,5	226,0
262,0	221,0
262,5	218,0
263,0	215,0
263,5	211,0
264,0	208,0
264,5	203,0
265,0	201,0
265,5	197,0
266,0	193,0
266,5	190,0
267,0	185,0
267,5	183,0
268,0	178,0
268,5	175,0
269,0	172,0
269,5	168,0
270,0	165,0
270,5	160,0
271,0	158,0
271,5	154,0
272,0	150,0
272,5	147,0
273,0	143,0
273,5	141,0
274,0	136,0
274,5	133,0
275,0	130,0
275,5	126,0
276,0	123,0
276,5	119,0
277,0	117,0
277,5	113,0
278,0	109,0
278,5	107,0
279,0	103,0
279,5	101,0
280,0	97,0
280,5	94,0
281,0	91,0
281,5	88,0
282,0	85,0
282,5	82,0
283,0	79,0
283,5	76,0
284,0	73,0
284,5	71,0
285,0	69,0
285,5	66,0
286,0	62,0
286,5	60,0
287,0	58,0
287,5	56,0
288,0	53,0
288,5	50,0
289,0	48,0
289,5	46,0
290,0	44,0
290,5	41,0
291,0	39,0
291,5	37,0
292,0	35,0
292,5	33,0
293,0	31,0
293,5	29,0
294,0	27,0
294,5	25,0
295,0	24,0
295,5	22,0
296,0	21,0
296,5	19,0
297,0	17,0
297,5	16,0
298,0	15,0
298,5	13,0
299,0	12,0
299,5	11,0
300,0	9,0
300,5	9,0
301,0	8,0
301,5	7,0
302,0	5,0
302,5	4,0
303,0	4,0
303,5	3,0
304,0	2,0
304,5	2,0
305,0	1,0
305,5	1,0
306,0	0,0
306,5	0,0
307,0	0,0
307,5	0,0
308,0	0,0
308,5	0,0
309,0	0,0
309,5	0,0
310,0	0,0
310,5	0,0
311,0	0,0
311,5	0,0
312,0	0,0
312,5	0,0
313,0	0,0
313,5	0,0
314,0	0,0
314,5	0,0
315,0	0,0
315,5	0,0
316,0	0,0
316,5	0,0
317,0	0,0
317,5	0,0
318,0	0,0
318,5	0,0
319,0	1,0
319,5	1,0
320,0	2,0
320,5	3,0
321,0	4,0
321,5	4,0
322,0	5,0
322,5	6,0
323,0	7,0
323,5	8,0
324,0	9,0
324,5	10,0
325,0	11,0
325,5	12,0
326,0	14,0
326,5	16,0
327,0	17,0
327,5	18,0
328,0	19,0
328,5	22,0
329,0	23,0
329,5	25,0
330,0	26,0
330,5	28,0
331,0	30,0
331,5	31,0
332,0	34,0
332,5	36,0
333,0	38,0
333,5	40,0
334,0	42,0
334,5	45,0
335,0	46,0
335,5	49,0
336,0	51,0
336,5	54,0
337,0	56,0
337,5	58,0
338,0	61,0
338,5	63,0
339,0	67,0
339,5	69,0
340,0	72,0
340,5	75,0
341,0	77,0
341,5	80,0
342,0	82,0
342,5	86,0
343,0	88,0
343,5	91,0
344,0	95,0
344,5	97,0
345,0	101,0
345,5	104,0
346,0	107,0
346,5	110,0
347,0	114,0
347,5	116,0
348,0	119,0
348,5	124,0
349,0	127,0
349,5	129,0
350,0	133,0
350,5	137,0
351,0	139,0
351,5	142,0
352,0	147,0
352,5	151,0
353,0	154,0
353,5	156,0
354,0	160,0
354,5	164,0
355,0	168,0
355,5	171,0
356,0	174,0
356,5	178,0
357,0	182,0
357,5	185,0
358,0	188,0
358,5	192,0
359,0	196,0
359,5	199,0
0,0	202,0
0,5	206,0
1,0	209,0
1,5	214,0
