0,0	247,0
0,5	249,0
1,0	252,0
1,5	255,0
2,0	259,0
2,5	263,0
3,0	266,0
3,5	268,0
4,0	272,0
4,5	276,0
5,0	279,0
5,5	282,0
6,0	286,0
6,5	289,0
7,0	291,0
7,5	293,0
8,0	296,0
8,5	300,0
9,0	303,0
9,5	305,0
10,0	309,0
10,5	311,0
11,0	314,0
11,5	317,0
12,0	320,0
12,5	323,0
13,0	325,0
13,5	327,0
14,0	330,0
14,5	332,0
15,0	335,0
15,5	337,0
16,0	339,0
16,5	342,0
17,0	343,0
17,5	347,0
18,0	348,0
18,5	351,0
19,0	353,0
19,5	354,0
20,0	357,0
20,5	358,0
21,0	361,0
21,5	362,0
22,0	364,0
22,5	366,0
23,0	367,0
23,5	369,0
24,0	370,0
24,5	372,0
25,0	373,0
25,5	374,0
26,0	376,0
26,5	376,0
27,0	379,0
27,5	379,0
28,0	381,0
28,5	381,0
29,0	382,0
29,5	383,0
30,0	383,0
30,5	385,0
31,0	385,0
31,5	386,0
32,0	387,0
32,5	386,0
33,0	388,0
33,5	387,0
34,0	388,0
34,5	388,0
35,0	388,0
35,5	389,0
36,0	388,0
36,5	389,0
37,0	388,0
37,5	388,0
38,0	388,0
38,5	387,0
39,0	388,0
39,5	386,0
40,0	387,0
40,5	385,0
41,0	385,0
41,5	384,0
42,0	383,0
42,5	383,0
43,0	381,0
43,5	381,0
44,0	379,0
44,5	379,0
45,0	378,0
45,5	376,0
46,0	376,0
46,5	373,0
47,0	373,0
47,5	371,0
48,0	369,0
48,5	369,0
49,0	366,0
49,5	365,0
50,0	363,0
50,5	362,0
51,0	360,0
51,5	358,0
52,0	357,0
52,5	354,0
53,0	353,0
53,5	350,0
54,0	348,0
54,5	346,0
55,0	343,0
55,5	342,0
56,0	338,0
56,5	337,0
57,0	334,0
57,5	332,0
58,0	329,0
58,5	326,0
59,0	325,0
59,5	321,0
60,0	319,0
60,5	316,0
61,0	313,0
61,5	311,0
62,0	307,0
62,5	305,0
63,0	301,0
63,5	299,0
64,0	295,0
64,5	293,0
65,0	290,0
65,5	286,0
66,0	284,0
66,5	280,0
67,0	278,0
67,5	274,0
68,0	271,0
68,5	268,0
69,0	264,0
69,5	262,0
70,0	257,0
70,5	255,0
71,0	251,0
71,5	247,0
72,0	245,0
72,5	240,0
73,0	238,0
73,5	234,0
74,0	231,0
74,5	227,0
75,0	223,0
75,5	221,0
76,0	216,0
76,5	214,0
77,0	209,0
77,5	206,0
78,0	203,0
78,5	199,0
79,0	196,0
79,5	192,0
80,0	189,0
80,5	185,0
81,0	181,0
81,5	178,0
82,0	174,0
82,5	172,0
83,0	167,0
83,5	165,0
84,0	161,0
84,5	157,0
85,0	154,0
85,5	150,0
86,0	147,0
86,5	143,0
87,0	140,0
87,5	137,0
88,0	133,0
88,5	130,0
89,0	126,0
89,5	124,0
90,0	119,0
90,5	117,0
91,0	114,0
91,5	111,0
92,0	108,0
92,5	104,0
93,0	102,0
93,5	98,0
94,0	95,0
94,5	92,0
95,0	90,0
95,5	87,0
96,0	83,0
96,5	80,0
97,0	78,0
97,5	76,0
98,0	72,0
98,5	69,0
99,0	67,0
99,5	65,0
100,0	62,0
100,5	59,0
101,0	56,0
101,5	54,0
102,0	52,0
102,5	50,0
103,0	47,0
103,5	45,0
104,0	43,0
104,5	41,0
105,0	39,0
105,5	36,0
106,0	34,0
106,5	33,0
107,0	31,0
107,5	29,0
108,0	27,0
108,5	25,0
109,0	24,0
109,5	22,0
110,0	20,0
110,5	18,0
111,0	17,0
111,5	16,0
112,0	15,0
112,5	13,0
113,0	12,0
113,5	10,0
114,0	9,0
114,5	9,0
115,0	8,0
115,5	6,0
116,0	5,0
116,5	5,0
117,0	4,0
117,5	3,0
118,0	2,0
118,5	1,0
119,0	1,0
119,5	1,0
120,0	0,0
120,5	0,0
121,0	0,0
121,5	0,0
122,0	0,0
122,5	0,0
123,0	0,0
123,5	0,0
124,0	0,0
124,5	0,0
125,0	0,0
125,5	0,0
126,0	0,0
126,5	0,0
127,0	0,0
127,5	0,0
128,0	0,0
128,5	0,0
129,0	0,0
129,5	0,0
130,0	0,0
130,5	0,0
131,0	0,0
131,5	0,0
132,0	0,0
132,5	0,0
133,0	1,0
133,5	1,0
134,0	2,0
134,5	3,0
135,0	4,0
135,5	4,0
136,0	5,0
136,5	6,0
137,0	7,0
137,5	8,0
138,0	9,0
138,5	10,0
139,0	11,0
139,5	13,0
140,0	14,0
140,5	15,0
141,0	16,0
141,5	18,0
142,0	20,0
142,5	21,0
143,0	22,0
143,5	24,0
144,0	26,0
144,5	28,0
145,0	30,0
145,5	31,0
146,0	34,0
146,5	37,0
147,0	38,0
147,5	39,0
148,0	41,0
148,5	44,0
149,0	47,0
149,5	49,0
150,0	51,0
150,5	53,0
151,0	55,0
151,5	58,0
152,0	61,0
152,5	63,0
153,0	65,0
153,5	68,0
154,0	71,0
154,5	74,0
155,0	76,0
155,5	78,0
156,0	82,0
156,5	86,0
157,0	88,0
157,5	90,0
158,0	93,0
158,5	97,0
159,0	100,0
159,5	102,0
160,0	106,0
160,5	109,0
161,0	111,0
161,5	115,0
162,0	118,0
162,5	122,0
163,0	124,0
163,5	127,0
164,0	132,0
164,5	134,0
165,0	138,0
165,5	140,0
166,0	145,0
166,5	148,0
167,0	151,0
167,5	155,0
168,0	158,0
168,5	162,0
169,0	165,0
169,5	168,0
170,0	172,0
170,5	175,0
171,0	179,0
171,5	181,0
172,0	186,0
172,5	189,0
173,0	192,0
173,5	196,0
174,0	199,0
174,5	204,0
175,0	206,0
175,5	210,0
176,0	213,0
176,5	217,0
177,0	220,0
177,5	223,0
178,0	228,0
178,5	230,0
179,0	234,0
179,5	237,0
180,0	241,0
180,5	245,0
181,0	247,0
181,5	251,0
182,0	254,0
182,5	258,0
183,0	260,0
183,5	264,0
184,0	268,0
184,5	270,0
185,0	274,0
185,5	276,0
186,0	281,0
186,5	283,0
187,0	287,0
187,5	289,0
188,0	292,0
188,5	296,0
189,0	297,0
189,5	301,0
190,0	304,0
190,5	307,0
191,0	309,0
191,5	312,0
192,0	316,0
192,5	317,0
193,0	321,0
193,5	322,0
194,0	326,0
194,5	328,0
195,0	330,0
195,5	334,0
196,0	335,0
196,5	339,0
197,0	340,0
197,5	343,0
198,0	345,0
198,5	347,0
199,0	349,0
199,5	350,0
200,0	354,0
200,5	354,0
201,0	357,0
201,5	358,0
202,0	361,0
202,5	363,0
203,0	363,0
203,5	366,0
204,0	366,0
204,5	369,0
205,0	369,0
205,5	371,0
206,0	373,0
206,5	373,0
207,0	375,0
207,5	375,0
208,0	377,0
208,5	378,0
209,0	379,0
209,5	380,0
210,0	380,0
210,5	382,0
211,0	382,0
211,5	383,0
212,0	383,0
212,5	384,0
213,0	385,0
213,5	384,0
214,0	386,0
214,5	385,0
215,0	386,0
215,5	386,0
216,0	386,0
216,5	387,0
217,0	386,0
217,5	387,0
218,0	385,0
218,5	386,0
219,0	386,0
219,5	385,0
220,0	385,0
220,5	383,0
221,0	384,0
221,5	382,0
222,0	382,0
222,5	382,0
223,0	380,0
223,5	380,0
224,0	378,0
224,5	378,0
225,0	377,0
225,5	376,0
226,0	375,0
226,5	373,0
227,0	373,0
227,5	370,0
228,0	370,0
228,5	368,0
229,0	366,0
229,5	365,0
230,0	362,0
230,5	362,0
231,0	359,0
231,5	358,0
232,0	356,0
232,5	354,0
233,0	353,0
233,5	350,0
234,0	348,0
234,5	345,0
235,0	344,0
235,5	342,0
236,0	339,0
236,5	337,0
237,0	334,0
237,5	333,0
238,0	329,0
238,5	327,0
239,0	325,0
239,5	322,0
240,0	320,0
240,5	316,0
241,0	314,0
241,5	311,0
242,0	308,0
242,5	305,0
243,0	302,0
243,5	300,0
244,0	296,0
244,5	294,0
245,0	290,0
245,5	288,0
246,0	284,0
246,5	281,0
247,0	279,0
247,5	274,0
248,0	272,0
248,5	268,0
249,0	266,0
249,5	262,0
250,0	258,0
250,5	255,0
251,0	251,0
251,5	249,0
252,0	244,0
252,5	242,0
253,0	238,0
253,5	235,0
254,0	231,0
254,5	227,0
255,0	225,0
255,5	220,0
256,0	217,0
256,5	214,0
257,0	210,0
257,5	207,0
258,0	202,0
258,5	200,0
259,0	196,0
259,5	193,0
260,0	189,0
260,5	185,0
261,0	182,0
261,5	178,0
262,0	175,0
262,5	170,0
263,0	168,0
263,5	164,0
264,0	160,0
264,5	158,0
265,0	153,0
265,5	151,0
266,0	146,0
266,5	143,0
267,0	140,0
267,5	136,0
268,0	134,0
268,5	129,0
269,0	127,0
269,5	123,0
270,0	120,0
270,5	117,0
271,0	113,0
271,5	111,0
272,0	106,0
272,5	104,0
273,0	101,0
273,5	98,0
274,0	95,0
274,5	92,0
275,0	88,0
275,5	85,0
276,0	83,0
276,5	80,0
277,0	78,0
277,5	74,0
278,0	71,0
278,5	69,0
279,0	67,0
279,5	64,0
280,0	61,0
280,5	58,0
281,0	56,0
281,5	54,0
282,0	51,0
282,5	48,0
283,0	46,0
283,5	44,0
284,0	42,0
284,5	40,0
285,0	37,0
285,5	36,0
286,0	34,0
286,5	33,0
287,0	30,0
287,5	28,0
288,0	26,0
288,5	24,0
289,0	23,0
289,5	21,0
290,0	19,0
290,5	18,0
291,0	17,0
291,5	16,0
292,0	14,0
292,5	12,0
293,0	11,0
293,5	10,0
294,0	9,0
294,5	8,0
295,0	7,0
295,5	6,0
296,0	5,0
296,5	4,0
297,0	4,0
297,5	3,0
298,0	2,0
298,5	2,0
299,0	1,0
299,5	0,0
300,0	0,0
300,5	0,0
301,0	0,0
301,5	0,0
302,0	0,0
302,5	0,0
303,0	0,0
303,5	0,0
304,0	0,0
304,5	0,0
305,0	0,0
305,5	0,0
306,0	0,0
306,5	0,0
307,0	0,0
307,5	0,0
308,0	0,0
308,5	0,0
309,0	0,0
309,5	0,0
310,0	0,0
310,5	0,0
311,0	0,0
311,5	0,0
312,0	0,0
312,5	0,0
313,0	1,0
313,5	2,0
314,0	2,0
314,5	3,0
315,0	4,0
315,5	5,0
316,0	6,0
316,5	7,0
317,0	8,0
317,5	8,0
318,0	9,0
318,5	11,0
319,0	12,0
319,5	13,0
320,0	15,0
320,5	16,0
321,0	17,0
321,5	19,0
322,0	21,0
322,5	22,0
323,0	23,0
323,5	25,0
324,0	27,0
324,5	29,0
325,0	31,0
325,5	32,0
326,0	34,0
326,5	37,0
327,0	39,0
327,5	41,0
328,0	42,0
328,5	45,0
329,0	47,0
329,5	49,0
330,0	52,0
330,5	54,0
331,0	57,0
331,5	58,0
332,0	61,0
332,5	64,0
333,0	66,0
333,5	70,0
334,0	71,0
334,5	75,0
335,0	77,0
335,5	80,0
336,0	83,0
336,5	85,0
337,0	89,0
337,5	91,0
338,0	94,0
338,5	98,0
339,0	100,0
339,5	104,0
340,0	107,0
340,5	109,0
341,0	113,0
341,5	116,0
342,0	119,0
342,5	122,0
343,0	125,0
343,5	129,0
344,0	133,0
344,5	135,0
345,0	139,0
345,5	142,0
346,0	146,0
346,5	149,0
347,0	151,0
347,5	155,0
348,0	159,0
348,5	163,0
349,0	166,0
349,5	169,0
350,0	172,0
350,5	177,0
351,0	179,0
351,5	183,0
352,0	187,0
352,5	190,0
353,0	193,0
353,5	197,0
354,0	201,0
354,5	204,0
355,0	207,0
355,5	210,0
356,0	215,0
356,5	218,0
357,0	221,0
357,5	224,0
358,0	228,0
358,5	232,0
359,0	235,0
359,5	238,0
0,0	242,0
0,5	245,0
1,0	249,0
1,5	252,0
2,0	255,0
