0,0	225,0
0,5	227,0
1,0	229,0
1,5	233,0
2,0	238,0
2,5	241,0
3,0	244,0
3,5	247,0
4,0	251,0
4,5	255,0
5,0	258,0
5,5	261,0
6,0	265,0
6,5	267,0
7,0	270,0
7,5	273,0
8,0	277,0
8,5	280,0
9,0	284,0
9,5	287,0
10,0	290,0
10,5	293,0
11,0	296,0
11,5	299,0
12,0	302,0
12,5	305,0
13,0	308,0
13,5	310,0
14,0	314,0
14,5	316,0
15,0	319,0
15,5	322,0
16,0	324,0
16,5	328,0
17,0	329,0
17,5	332,0
18,0	335,0
18,5	337,0
19,0	340,0
19,5	341,0
20,0	345,0
20,5	346,0
21,0	349,0
21,5	351,0
22,0	353,0
22,5	356,0
23,0	357,0
23,5	359,0
24,0	361,0
24,5	363,0
25,0	365,0
25,5	365,0
26,0	369,0
26,5	369,0
27,0	371,0
27,5	373,0
28,0	373,0
28,5	376,0
29,0	376,0
29,5	379,0
30,0	379,0
30,5	380,0
31,0	382,0
31,5	382,0
32,0	384,0
32,5	384,0
33,0	386,0
33,5	386,0
34,0	386,0
34,5	388,0
35,0	387,0
35,5	389,0
36,0	388,0
36,5	389,0
37,0	390,0
37,5	389,0
38,0	391,0
38,5	389,0
39,0	391,0
39,5	390,0
40,0	390,0
40,5	390,0
41,0	389,0
41,5	390,0
42,0	389,0
42,5	389,0
43,0	388,0
43,5	387,0
44,0	388,0
44,5	386,0
45,0	386,0
45,5	385,0
46,0	384,0
46,5	383,0
47,0	382,0
47,5	382,0
48,0	380,0
48,5	380,0
49,0	378,0
49,5	376,0
50,0	376,0
50,5	373,0
51,0	373,0
51,5	371,0
52,0	370,0
52,5	368,0
53,0	366,0
53,5	365,0
54,0	362,0
54,5	361,0
55,0	359,0
55,5	357,0
56,0	356,0
56,5	353,0
57,0	352,0
57,5	349,0
58,0	347,0
58,5	345,0
59,0	342,0
59,5	340,0
60,0	337,0
60,5	335,0
61,0	332,0
61,5	330,0
62,0	328,0
62,5	324,0
63,0	322,0
63,5	319,0
64,0	316,0
64,5	314,0
65,0	310,0
65,5	309,0
66,0	305,0
66,5	302,0
67,0	299,0
67,5	296,0
68,0	294,0
68,5	289,0
69,0	287,0
69,5	284,0
70,0	280,0
70,5	278,0
71,0	274,0
71,5	272,0
72,0	267,0
72,5	264,0
73,0	262,0
73,5	257,0
74,0	255,0
74,5	250,0
75,0	248,0
75,5	244,0
76,0	240,0
76,5	238,0
77,0	233,0
77,5	231,0
78,0	227,0
78,5	223,0
79,0	220,0
79,5	216,0
80,0	213,0
80,5	209,0
81,0	206,0
81,5	203,0
82,0	198,0
82,5	196,0
83,0	191,0
83,5	188,0
84,0	184,0
84,5	180,0
85,0	178,0
85,5	173,0
86,0	171,0
86,5	167,0
87,0	163,0
87,5	161,0
88,0	156,0
88,5	153,0
89,0	149,0
89,5	146,0
90,0	143,0
90,5	138,0
91,0	136,0
91,5	132,0
92,0	129,0
92,5	126,0
93,0	122,0
93,5	120,0
94,0	115,0
94,5	113,0
95,0	109,0
95,5	106,0
96,0	104,0
96,5	100,0
97,0	98,0
97,5	95,0
98,0	91,0
98,5	87,0
99,0	85,0
99,5	83,0
100,0	80,0
100,5	76,0
101,0	74,0
101,5	71,0
102,0	69,0
102,5	66,0
103,0	63,0
103,5	60,0
104,0	57,0
104,5	56,0
105,0	54,0
105,5	51,0
106,0	48,0
106,5	46,0
107,0	44,0
107,5	42,0
108,0	40,0
108,5	37,0
109,0	35,0
109,5	34,0
110,0	32,0
110,5	30,0
111,0	28,0
111,5	26,0
112,0	24,0
112,5	23,0
113,0	21,0
113,5	19,0
114,0	17,0
114,5	16,0
115,0	15,0
115,5	14,0
116,0	12,0
116,5	11,0
117,0	10,0
117,5	9,0
118,0	8,0
118,5	7,0
119,0	6,0
119,5	5,0
120,0	4,0
120,5	3,0
121,0	3,0
121,5	2,0
122,0	1,0
122,5	1,0
123,0	0,0
123,5	0,0
124,0	0,0
124,5	0,0
125,0	0,0
125,5	0,0
126,0	0,0
126,5	0,0
127,0	0,0
127,5	0,0
128,0	0,0
128,5	0,0
129,0	0,0
129,5	0,0
130,0	0,0
130,5	0,0
131,0	0,0
131,5	0,0
132,0	0,0
132,5	0,0
133,0	0,0
133,5	0,0
134,0	0,0
134,5	0,0
135,0	0,0
135,5	0,0
136,0	1,0
136,5	1,0
137,0	2,0
137,5	2,0
138,0	3,0
138,5	4,0
139,0	5,0
139,5	6,0
140,0	7,0
140,5	8,0
141,0	9,0
141,5	10,0
142,0	11,0
142,5	12,0
143,0	14,0
143,5	15,0
144,0	16,0
144,5	18,0
145,0	19,0
145,5	21,0
146,0	23,0
146,5	24,0
147,0	26,0
147,5	28,0
148,0	30,0
148,5	32,0
149,0	33,0
149,5	35,0
150,0	37,0
150,5	40,0
151,0	42,0
151,5	44,0
152,0	46,0
152,5	49,0
153,0	51,0
153,5	53,0
154,0	55,0
154,5	58,0
155,0	60,0
155,5	63,0
156,0	66,0
156,5	68,0
157,0	71,0
157,5	74,0
158,0	77,0
158,5	80,0
159,0	82,0
159,5	84,0
160,0	88,0
160,5	92,0
161,0	94,0
161,5	97,0
162,0	100,0
162,5	104,0
163,0	106,0
163,5	110,0
164,0	113,0
164,5	116,0
165,0	119,0
165,5	122,0
166,0	126,0
166,5	129,0
167,0	133,0
167,5	135,0
168,0	139,0
168,5	143,0
169,0	145,0
169,5	150,0
170,0	152,0
170,5	157,0
171,0	159,0
171,5	163,0
172,0	167,0
172,5	170,0
173,0	174,0
173,5	177,0
174,0	181,0
174,5	185,0
175,0	188,0
175,5	191,0
176,0	195,0
176,5	199,0
177,0	202,0
177,5	206,0
178,0	209,0
178,5	213,0
179,0	216,0
179,5	220,0
180,0	224,0
180,5	226,0
181,0	231,0
181,5	233,0
182,0	238,0
182,5	241,0
183,0	244,0
183,5	248,0
184,0	251,0
184,5	255,0
185,0	257,0
185,5	262,0
186,0	264,0
186,5	268,0
187,0	271,0
187,5	274,0
188,0	278,0
188,5	280,0
189,0	285,0
189,5	287,0
190,0	291,0
190,5	294,0
191,0	296,0
191,5	300,0
192,0	302,0
192,5	306,0
193,0	308,0
193,5	311,0
194,0	314,0
194,5	317,0
195,0	320,0
195,5	322,0
196,0	326,0
196,5	327,0
197,0	331,0
197,5	333,0
198,0	335,0
198,5	338,0
199,0	340,0
199,5	343,0
200,0	345,0
200,5	348,0
201,0	349,0
201,5	351,0
202,0	355,0
202,5	356,0
203,0	359,0
203,5	359,0
204,0	363,0
204,5	363,0
205,0	365,0
205,5	368,0
206,0	369,0
206,5	371,0
207,0	371,0
207,5	374,0
208,0	375,0
208,5	377,0
209,0	378,0
209,5	379,0
210,0	381,0
210,5	381,0
211,0	383,0
211,5	383,0
212,0	386,0
212,5	386,0
213,0	387,0
213,5	388,0
214,0	388,0
214,5	390,0
215,0	389,0
215,5	391,0
216,0	391,0
216,5	391,0
217,0	392,0
217,5	391,0
218,0	393,0
218,5	392,0
219,0	393,0
219,5	392,0
220,0	392,0
220,5	393,0
221,0	392,0
221,5	392,0
222,0	391,0
222,5	392,0
223,0	391,0
223,5	391,0
224,0	390,0
224,5	389,0
225,0	389,0
225,5	387,0
226,0	388,0
226,5	386,0
227,0	386,0
227,5	384,0
228,0	383,0
228,5	383,0
229,0	380,0
229,5	381,0
230,0	378,0
230,5	377,0
231,0	375,0
231,5	374,0
232,0	373,0
232,5	370,0
233,0	370,0
233,5	367,0
234,0	366,0
234,5	364,0
235,0	363,0
235,5	361,0
236,0	358,0
236,5	357,0
237,0	354,0
237,5	353,0
238,0	349,0
238,5	348,0
239,0	345,0
239,5	343,0
240,0	341,0
240,5	337,0
241,0	336,0
241,5	332,0
242,0	331,0
242,5	327,0
243,0	325,0
243,5	323,0
244,0	319,0
244,5	317,0
245,0	313,0
245,5	312,0
246,0	307,0
246,5	305,0
247,0	302,0
247,5	299,0
248,0	296,0
248,5	292,0
249,0	290,0
249,5	286,0
250,0	283,0
250,5	280,0
251,0	276,0
251,5	274,0
252,0	269,0
252,5	267,0
253,0	263,0
253,5	260,0
254,0	256,0
254,5	253,0
255,0	250,0
255,5	245,0
256,0	243,0
256,5	238,0
257,0	236,0
257,5	232,0
258,0	228,0
258,5	225,0
259,0	221,0
259,5	219,0
260,0	213,0
260,5	210,0
261,0	207,0
261,5	203,0
262,0	200,0
262,5	196,0
263,0	193,0
263,5	188,0
264,0	185,0
264,5	181,0
265,0	178,0
265,5	175,0
266,0	170,0
266,5	168,0
267,0	163,0
267,5	161,0
268,0	156,0
268,5	153,0
269,0	150,0
269,5	146,0
270,0	143,0
270,5	139,0
271,0	136,0
271,5	132,0
272,0	129,0
272,5	126,0
273,0	122,0
273,5	120,0
274,0	115,0
274,5	113,0
275,0	109,0
275,5	106,0
276,0	103,0
276,5	99,0
277,0	97,0
277,5	94,0
278,0	90,0
278,5	87,0
279,0	84,0
279,5	82,0
280,0	79,0
280,5	76,0
281,0	73,0
281,5	70,0
282,0	68,0
282,5	65,0
283,0	62,0
283,5	59,0
284,0	57,0
284,5	55,0
285,0	53,0
285,5	50,0
286,0	47,0
286,5	45,0
287,0	44,0
287,5	41,0
288,0	38,0
288,5	37,0
289,0	35,0
289,5	33,0
290,0	31,0
290,5	28,0
291,0	27,0
291,5	25,0
292,0	24,0
292,5	22,0
293,0	20,0
293,5	19,0
294,0	17,0
294,5	16,0
295,0	14,0
295,5	13,0
296,0	12,0
296,5	11,0
297,0	10,0
297,5	8,0
298,0	7,0
298,5	7,0
299,0	6,0
299,5	4,0
300,0	3,0
300,5	3,0
301,0	2,0
301,5	2,0
302,0	1,0
302,5	0,0
303,0	0,0
303,5	0,0
304,0	0,0
304,5	0,0
305,0	0,0
305,5	0,0
306,0	0,0
306,5	0,0
307,0	0,0
307,5	0,0
308,0	0,0
308,5	0,0
309,0	0,0
309,5	0,0
310,0	0,0
310,5	0,0
311,0	0,0
311,5	0,0
312,0	0,0
312,5	0,0
313,0	0,0
313,5	0,0
314,0	0,0
314,5	0,0
315,0	0,0
315,5	0,0
316,0	1,0
316,5	2,0
317,0	2,0
317,5	3,0
318,0	4,0
318,5	5,0
319,0	5,0
319,5	6,0
320,0	7,0
320,5	8,0
321,0	10,0
321,5	11,0
322,0	12,0
322,5	13,0
323,0	14,0
323,5	16,0
324,0	17,0
324,5	18,0
325,0	20,0
325,5	22,0
326,0	24,0
326,5	25,0
327,0	26,0
327,5	28,0
328,0	31,0
328,5	33,0
329,0	34,0
329,5	37,0
330,0	38,0
330,5	41,0
331,0	42,0
331,5	45,0
332,0	47,0
332,5	49,0
333,0	52,0
333,5	53,0
334,0	57,0
334,5	58,0
335,0	61,0
335,5	64,0
336,0	67,0
336,5	70,0
337,0	72,0
337,5	75,0
338,0	77,0
338,5	81,0
339,0	83,0
339,5	86,0
340,0	89,0
340,5	92,0
341,0	96,0
341,5	97,0
342,0	102,0
342,5	105,0
343,0	107,0
343,5	111,0
344,0	115,0
344,5	117,0
345,0	120,0
345,5	123,0
346,0	127,0
346,5	130,0
347,0	133,0
347,5	136,0
348,0	141,0
348,5	144,0
349,0	147,0
349,5	150,0
350,0	154,0
350,5	158,0
351,0	160,0
351,5	164,0
352,0	168,0
352,5	171,0
353,0	174,0
353,5	178,0
354,0	182,0
354,5	186,0
355,0	188,0
355,5	192,0
356,0	196,0
356,5	200,0
357,0	203,0
357,5	206,0
358,0	210,0
358,5	214,0
359,0	218,0
359,5	221,0
0,0	223,0
0,5	227,0
1,0	231,0
1,5	235,0
