-2300	163
-2299	159
-2298	165
-2297	165
-2296	163
-2295	165
-2294	167
-2293	167
-2292	165
-2291	167
-2290	171
-2289	167
-2288	167
-2287	171
-2286	171
-2285	167
-2284	171
-2283	175
-2282	173
-2281	170
-2280	174
-2279	175
-2278	173
-2277	173
-2276	175
-2275	175
-2274	173
-2273	175
-2272	179
-2271	175
-2270	175
-2269	179
-2268	181
-2267	175
-2266	177
-2265	181
-2264	181
-2263	178
-2262	181
-2261	183
-2260	181
-2259	179
-2258	183
-2257	183
-2256	181
-2255	181
-2254	186
-2253	185
-2252	183
-2251	185
-2250	187
-2249	185
-2248	183
-2247	187
-2246	187
-2245	183
-2244	187
-2243	189
-2242	187
-2241	185
-2240	189
-2239	191
-2238	187
-2237	187
-2236	191
-2235	191
-2234	187
-2233	189
-2232	191
-2231	189
-2230	187
-2229	191
-2228	191
-2227	189
-2226	189
-2225	191
-2224	191
-2223	189
-2222	191
-2221	191
-2220	191
-2219	189
-2218	191
-2217	195
-2216	191
-2215	190
-2214	195
-2213	191
-2212	191
-2211	191
-2210	195
-2209	191
-2208	190
-2207	191
-2206	195
-2205	191
-2204	191
-2203	191
-2202	191
-2201	191
-2200	191
-2199	195
-2198	191
-2197	189
-2196	191
-2195	191
-2194	191
-2193	190
-2192	191
-2191	191
-2190	189
-2189	191
-2188	191
-2187	191
-2186	189
-2185	191
-2184	191
-2183	189
-2182	189
-2181	191
-2180	191
-2179	187
-2178	189
-2177	191
-2176	189
-2175	187
-2174	189
-2173	191
-2172	187
-2171	187
-2170	190
-2169	189
-2168	185
-2167	187
-2166	189
-2165	187
-2164	183
-2163	187
-2162	187
-2161	183
-2160	183
-2159	187
-2158	185
-2157	183
-2156	183
-2155	186
-2154	183
-2153	181
-2152	183
-2151	183
-2150	179
-2149	181
-2148	183
-2147	182
-2146	179
-2145	179
-2144	183
-2143	179
-2142	175
-2141	179
-2140	179
-2139	175
-2138	175
-2137	179
-2136	175
-2135	173
-2134	175
-2133	175
-2132	173
-2131	171
-2130	175
-2129	174
-2128	171
-2127	169
-2126	173
-2125	171
-2124	167
-2123	169
-2122	171
-2121	167
-2120	166
-2119	167
-2118	167
-2117	163
-2116	163
-2115	167
-2114	165
-2113	159
-2112	163
-2111	165
-2110	159
-2109	159
-2108	159
-2107	159
-2106	157
-2105	157
-2104	159
-2103	158
-2102	154
-2101	157
-2100	158
-2099	154
-2098	151
-2097	155
-2096	155
-2095	150
-2094	151
-2093	154
-2092	151
-2091	147
-2090	150
-2089	151
-2088	147
-2087	145
-2086	149
-2085	147
-2084	143
-2083	143
-2082	147
-2081	143
-2080	141
-2079	143
-2078	143
-2077	139
-2076	139
-2075	143
-2074	139
-2073	135
-2072	138
-2071	139
-2070	135
-2069	133
-2068	137
-2067	135
-2066	131
-2065	131
-2064	135
-2063	131
-2062	127
-2061	127
-2060	133
-2059	127
-2058	127
-2057	127
-2056	127
-2055	123
-2054	123
-2053	127
-2052	125
-2051	121
-2050	123
-2049	125
-2048	121
-2047	119
-2046	123
-2045	123
-2044	119
-2043	119
-2042	122
-2041	119
-2040	115
-2039	119
-2038	119
-2037	115
-2036	115
-2035	119
-2034	117
-2033	113
-2032	115
-2031	118
-2030	115
-2029	111
-2028	115
-2027	117
-2026	111
-2025	111
-2024	115
-2023	114
-2022	110
-2021	111
-2020	115
-2019	111
-2018	109
-2017	111
-2016	115
-2015	109
-2014	111
-2013	114
-2012	111
-2011	109
-2010	111
-2009	115
-2008	111
-2007	109
-2006	115
-2005	111
-2004	111
-2003	111
-2002	115
-2001	111
-2000	111
-1999	115
-1998	115
-1997	111
-1996	111
-1995	117
-1994	117
-1993	111
-1992	115
-1991	119
-1990	115
-1989	114
-1988	119
-1987	119
-1986	117
-1985	117
-1984	123
-1983	119
-1982	118
-1981	119
-1980	125
-1979	121
-1978	119
-1977	125
-1976	127
-1975	123
-1974	125
-1973	127
-1972	127
-1971	125
-1970	127
-1969	131
-1968	127
-1967	127
-1966	134
-1965	135
-1964	131
-1963	133
-1962	138
-1961	135
-1960	135
-1959	139
-1958	141
-1957	138
-1956	139
-1955	143
-1954	143
-1953	141
-1952	143
-1951	147
-1950	145
-1949	143
-1948	149
-1947	151
-1946	147
-1945	149
-1944	155
-1943	153
-1942	151
-1941	155
-1940	159
-1939	155
-1938	155
-1937	159
-1936	159
-1935	159
-1934	159
-1933	165
-1932	163
-1931	162
-1930	167
-1929	169
-1928	167
-1927	167
-1926	171
-1925	171
-1924	169
-1923	173
-1922	175
-1921	173
-1920	173
-1919	179
-1918	179
-1917	175
-1916	179
-1915	183
-1914	181
-1913	179
-1912	183
-1911	186
-1910	183
-1909	183
-1908	189
-1907	189
-1906	186
-1905	189
-1904	191
-1903	191
-1902	189
-1901	191
-1900	195
-1899	191
-1898	191
-1897	199
-1896	199
-1895	197
-1894	199
-1893	203
-1892	201
-1891	199
-1890	203
-1889	205
-1888	203
-1887	203
-1886	207
-1885	207
-1884	205
-1883	207
-1882	211
-1881	207
-1880	207
-1879	211
-1878	213
-1877	211
-1876	211
-1875	215
-1874	215
-1873	213
-1872	215
-1871	218
-1870	217
-1869	215
-1868	219
-1867	221
-1866	219
-1865	219
-1864	223
-1863	222
-1862	219
-1861	223
-1860	223
-1859	223
-1858	223
-1857	223
-1856	227
-1855	223
-1854	223
-1853	229
-1852	227
-1851	227
-1850	229
-1849	231
-1848	229
-1847	227
-1846	231
-1845	233
-1844	230
-1843	231
-1842	235
-1841	233
-1840	231
-1839	234
-1838	237
-1837	235
-1836	233
-1835	237
-1834	237
-1833	235
-1832	235
-1831	239
-1830	237
-1829	235
-1828	239
-1827	239
-1826	239
-1825	237
-1824	241
-1823	239
-1822	239
-1821	239
-1820	243
-1819	239
-1818	239
-1817	241
-1816	243
-1815	239
-1814	239
-1813	243
-1812	243
-1811	239
-1810	241
-1809	245
-1808	243
-1807	239
-1806	243
-1805	245
-1804	243
-1803	241
-1802	245
-1801	245
-1800	241
-1799	243
-1798	246
-1797	243
-1796	241
-1795	245
-1794	245
-1793	243
-1792	242
-1791	245
-1790	243
-1789	241
-1788	243
-1787	245
-1786	243
-1785	241
-1784	243
-1783	245
-1782	242
-1781	239
-1780	245
-1779	243
-1778	239
-1777	243
-1776	245
-1775	241
-1774	239
-1773	243
-1772	243
-1771	239
-1770	241
-1769	243
-1768	239
-1767	239
-1766	242
-1765	243
-1764	239
-1763	239
-1762	243
-1761	239
-1760	237
-1759	239
-1758	239
-1757	237
-1756	237
-1755	239
-1754	239
-1753	235
-1752	235
-1751	239
-1750	235
-1749	233
-1748	235
-1747	237
-1746	233
-1745	231
-1744	235
-1743	235
-1742	231
-1741	231
-1740	235
-1739	231
-1738	229
-1737	231
-1736	231
-1735	229
-1734	227
-1733	230
-1732	229
-1731	223
-1730	226
-1729	229
-1728	227
-1727	223
-1726	223
-1725	226
-1724	223
-1723	221
-1722	223
-1721	223
-1720	219
-1719	219
-1718	222
-1717	219
-1716	215
-1715	218
-1714	219
-1713	215
-1712	215
-1711	217
-1710	215
-1709	211
-1708	213
-1707	215
-1706	211
-1705	207
-1704	211
-1703	211
-1702	207
-1701	207
-1700	209
-1699	207
-1698	203
-1697	205
-1696	207
-1695	203
-1694	199
-1693	203
-1692	203
-1691	198
-1690	198
-1689	199
-1688	198
-1687	195
-1686	197
-1685	197
-1684	191
-1683	191
-1682	191
-1681	191
-1680	189
-1679	189
-1678	191
-1677	187
-1676	183
-1675	187
-1674	187
-1673	183
-1672	181
-1671	183
-1670	183
-1669	179
-1668	179
-1667	181
-1666	177
-1665	175
-1664	175
-1663	175
-1662	171
-1661	171
-1660	173
-1659	171
-1658	167
-1657	167
-1656	169
-1655	165
-1654	163
-1653	165
-1652	165
-1651	159
-1650	159
-1649	163
-1648	159
-1647	155
-1646	158
-1645	159
-1644	155
-1643	151
-1642	155
-1641	154
-1640	149
-1639	150
-1638	151
-1637	149
-1636	143
-1635	147
-1634	147
-1633	143
-1632	143
-1631	145
-1630	143
-1629	139
-1628	141
-1627	143
-1626	139
-1625	135
-1624	139
-1623	139
-1622	135
-1621	135
-1620	138
-1619	135
-1618	131
-1617	134
-1616	135
-1615	127
-1614	127
-1613	133
-1612	131
-1611	127
-1610	127
-1609	131
-1608	127
-1607	127
-1606	127
-1605	127
-1604	125
-1603	127
-1602	127
-1601	127
-1600	125
-1599	127
-1598	127
-1597	125
-1596	125
-1595	127
-1594	127
-1593	125
-1592	127
-1591	127
-1590	127
-1589	126
-1588	127
-1587	131
-1586	127
-1585	127
-1584	133
-1583	131
-1582	127
-1581	131
-1580	135
-1579	133
-1578	131
-1577	135
-1576	138
-1575	135
-1574	135
-1573	139
-1572	139
-1571	137
-1570	141
-1569	143
-1568	143
-1567	141
-1566	146
-1565	147
-1564	143
-1563	145
-1562	151
-1561	150
-1560	149
-1559	151
-1558	155
-1557	154
-1556	155
-1555	159
-1554	159
-1553	159
-1552	159
-1551	166
-1550	165
-1549	163
-1548	167
-1547	171
-1546	169
-1545	170
-1544	175
-1543	175
-1542	175
-1541	177
-1540	183
-1539	181
-1538	179
-1537	185
-1536	187
-1535	186
-1534	187
-1533	191
-1532	191
-1531	191
-1530	195
-1529	199
-1528	198
-1527	198
-1526	203
-1525	205
-1524	203
-1523	205
-1522	210
-1521	209
-1520	207
-1519	213
-1518	215
-1517	214
-1516	215
-1515	221
-1514	221
-1513	219
-1512	223
-1511	227
-1510	227
-1509	223
-1508	229
-1507	231
-1506	231
-1505	231
-1504	235
-1503	235
-1502	235
-1501	238
-1500	243
-1499	239
-1498	239
-1497	245
-1496	247
-1495	245
-1494	247
-1493	251
-1492	251
-1491	249
-1490	253
-1489	255
-1488	255
-1487	255
-1486	259
-1485	262
-1484	261
-1483	261
-1482	263
-1481	266
-1480	267
-1479	267
-1478	267
-1477	269
-1476	271
-1475	274
-1474	274
-1473	271
-1472	274
-1471	277
-1470	279
-1469	279
-1468	279
-1467	279
-1466	283
-1465	285
-1464	285
-1463	283
-1462	285
-1461	287
-1460	291
-1459	291
-1458	287
-1457	287
-1456	293
-1455	295
-1454	295
-1453	295
-1452	295
-1451	297
-1450	299
-1449	299
-1448	299
-1447	299
-1446	301
-1445	303
-1444	303
-1443	303
-1442	303
-1441	305
-1440	309
-1439	309
-1438	307
-1437	307
-1436	309
-1435	311
-1434	313
-1433	311
-1432	311
-1431	311
-1430	315
-1429	317
-1428	315
-1427	315
-1426	317
-1425	319
-1424	319
-1423	319
-1422	319
-1421	319
-1420	319
-1419	323
-1418	323
-1417	323
-1416	323
-1415	325
-1414	327
-1413	327
-1412	326
-1411	325
-1410	327
-1409	329
-1408	330
-1407	327
-1406	327
-1405	330
-1404	331
-1403	331
-1402	331
-1401	331
-1400	333
-1399	335
-1398	335
-1397	333
-1396	333
-1395	335
-1394	335
-1393	335
-1392	335
-1391	333
-1390	335
-1389	338
-1388	338
-1387	335
-1386	335
-1385	337
-1384	339
-1383	339
-1382	338
-1381	337
-1380	339
-1379	341
-1378	341
-1377	339
-1376	339
-1375	339
-1374	342
-1373	342
-1372	341
-1371	339
-1370	341
-1369	343
-1368	343
-1367	341
-1366	341
-1365	342
-1364	343
-1363	343
-1362	343
-1361	341
-1360	343
-1359	343
-1358	343
-1357	343
-1356	341
-1355	343
-1354	345
-1353	343
-1352	343
-1351	341
-1350	343
-1349	343
-1348	345
-1347	343
-1346	342
-1345	343
-1344	343
-1343	343
-1342	343
-1341	341
-1340	342
-1339	343
-1338	343
-1337	343
-1336	341
-1335	341
-1334	343
-1333	343
-1332	342
-1331	339
-1330	341
-1329	342
-1328	343
-1327	341
-1326	339
-1325	339
-1324	341
-1323	341
-1322	339
-1321	338
-1320	338
-1319	339
-1318	339
-1317	339
-1316	335
-1315	335
-1314	339
-1313	339
-1312	337
-1311	335
-1310	335
-1309	335
-1308	335
-1307	335
-1306	333
-1305	333
-1304	335
-1303	335
-1302	333
-1301	331
-1300	331
-1299	333
-1298	333
-1297	331
-1296	329
-1295	329
-1294	331
-1293	331
-1292	329
-1291	327
-1290	327
-1289	327
-1288	329
-1287	327
-1286	325
-1285	325
-1284	326
-1283	326
-1282	323
-1281	319
-1280	319
-1279	323
-1278	323
-1277	319
-1276	319
-1275	319
-1274	319
-1273	319
-1272	318
-1271	315
-1270	315
-1269	315
-1268	317
-1267	315
-1266	313
-1265	311
-1264	311
-1263	313
-1262	311
-1261	309
-1260	307
-1259	307
-1258	309
-1257	307
-1256	305
-1255	303
-1254	303
-1253	303
-1252	303
-1251	301
-1250	299
-1249	299
-1248	299
-1247	299
-1246	297
-1245	295
-1244	294
-1243	295
-1242	295
-1241	293
-1240	291
-1239	287
-1238	291
-1237	291
-1236	287
-1235	286
-1234	285
-1233	285
-1232	287
-1231	285
-1230	282
-1229	279
-1228	279
-1227	282
-1226	279
-1225	277
-1224	275
-1223	275
-1222	277
-1221	275
-1220	271
-1219	270
-1218	271
-1217	271
-1216	271
-1215	267
-1214	265
-1213	265
-1212	267
-1211	267
-1210	263
-1209	261
-1208	259
-1207	262
-1206	262
-1205	259
-1204	255
-1203	255
-1202	255
-1201	255
-1200	251
-1199	253
-1198	255
-1197	251
-1196	249
-1195	251
-1194	251
-1193	247
-1192	247
-1191	249
-1190	246
-1189	243
-1188	245
-1187	245
-1186	242
-1185	239
-1184	243
-1183	242
-1182	239
-1181	239
-1180	239
-1179	239
-1178	235
-1177	239
-1176	239
-1175	235
-1174	235
-1173	237
-1172	235
-1171	231
-1170	234
-1169	237
-1168	233
-1167	231
-1166	235
-1165	235
-1164	231
-1163	231
-1162	235
-1161	233
-1160	231
-1159	233
-1158	235
-1157	233
-1156	231
-1155	235
-1154	235
-1153	231
-1152	233
-1151	237
-1150	235
-1149	233
-1148	237
-1147	239
-1146	237
-1145	235
-1144	239
-1143	239
-1142	237
-1141	239
-1140	243
-1139	241
-1138	239
-1137	243
-1136	247
-1135	243
-1134	245
-1133	247
-1132	249
-1131	247
-1130	249
-1129	253
-1128	251
-1127	251
-1126	255
-1125	255
-1124	255
-1123	255
-1122	261
-1121	262
-1120	261
-1119	261
-1118	263
-1117	267
-1116	269
-1115	267
-1114	267
-1113	270
-1112	274
-1111	275
-1110	275
-1109	274
-1108	275
-1107	279
-1106	281
-1105	281
-1104	281
-1103	283
-1102	287
-1101	287
-1100	287
-1099	287
-1098	290
-1097	293
-1096	295
-1095	295
-1094	295
-1093	297
-1092	301
-1091	303
-1090	303
-1089	303
-1088	303
-1087	307
-1086	311
-1085	311
-1084	311
-1083	311
-1082	313
-1081	317
-1080	319
-1079	317
-1078	318
-1077	319
-1076	323
-1075	325
-1074	325
-1073	325
-1072	327
-1071	331
-1070	333
-1069	331
-1068	331
-1067	333
-1066	335
-1065	339
-1064	339
-1063	338
-1062	339
-1061	343
-1060	345
-1059	345
-1058	345
-1057	346
-1056	349
-1055	351
-1054	351
-1053	351
-1052	351
-1051	355
-1050	358
-1049	359
-1048	358
-1047	359
-1046	359
-1045	363
-1044	365
-1043	363
-1042	365
-1041	367
-1040	369
-1039	369
-1038	369
-1037	371
-1036	373
-1035	375
-1034	375
-1033	375
-1032	375
-1031	377
-1030	379
-1029	381
-1028	381
-1027	381
-1026	383
-1025	383
-1024	383
-1023	383
-1022	383
-1021	387
-1020	391
-1019	391
-1018	391
-1017	391
-1016	391
-1015	395
-1014	395
-1013	395
-1012	395
-1011	396
-1010	399
-1009	399
-1008	399
-1007	399
-1006	399
-1005	403
-1004	403
-1003	403
-1002	403
-1001	403
-1000	407
-999	407
-998	407
-997	407
-996	409
-995	409
-994	409
-993	411
-992	411
-991	411
-990	413
-989	413
-988	413
-987	415
-986	415
-985	415
-984	415
-983	415
-982	415
-981	418
-980	419
-979	419
-978	419
-977	421
-976	419
-975	421
-974	423
-973	422
-972	423
-971	423
-970	423
-969	423
-968	425
-967	425
-966	425
-965	427
-964	427
-963	426
-962	427
-961	429
-960	427
-959	429
-958	430
-957	429
-956	431
-955	431
-954	431
-953	431
-952	431
-951	431
-950	431
-949	433
-948	433
-947	431
-946	435
-945	434
-944	433
-943	435
-942	435
-941	435
-940	435
-939	435
-938	435
-937	437
-936	437
-935	435
-934	437
-933	437
-932	437
-931	437
-930	439
-929	437
-928	437
-927	439
-926	438
-925	437
-924	439
-923	439
-922	438
-921	439
-920	439
-919	439
-918	439
-917	439
-916	439
-915	439
-914	439
-913	439
-912	439
-911	439
-910	439
-909	439
-908	441
-907	439
-906	439
-905	441
-904	439
-903	439
-902	441
-901	439
-900	439
-899	441
-898	439
-897	439
-896	441
-895	439
-894	439
-893	439
-892	439
-891	439
-890	439
-889	439
-888	439
-887	439
-886	439
-885	439
-884	439
-883	439
-882	439
-881	439
-880	439
-879	438
-878	438
-877	439
-876	437
-875	437
-874	439
-873	437
-872	437
-871	438
-870	437
-869	435
-868	437
-867	437
-866	435
-865	437
-864	437
-863	435
-862	435
-861	435
-860	435
-859	435
-858	435
-857	433
-856	433
-855	435
-854	431
-853	431
-852	433
-851	431
-850	431
-849	431
-848	431
-847	431
-846	431
-845	431
-844	429
-843	431
-842	429
-841	427
-840	429
-839	429
-838	427
-837	427
-836	427
-835	426
-834	427
-833	427
-832	425
-831	425
-830	426
-829	423
-828	423
-827	425
-826	423
-825	423
-824	423
-823	422
-822	421
-821	423
-820	421
-819	419
-818	421
-817	419
-816	419
-815	419
-814	419
-813	415
-812	419
-811	418
-810	415
-809	415
-808	415
-807	415
-806	415
-805	415
-804	414
-803	415
-802	415
-801	413
-800	413
-799	414
-798	411
-797	411
-796	413
-795	411
-794	410
-793	411
-792	410
-791	407
-790	410
-789	409
-788	407
-787	409
-786	407
-785	406
-784	407
-783	407
-782	405
-781	406
-780	407
-779	404
-778	405
-777	405
-776	403
-775	403
-774	403
-773	402
-772	401
-771	403
-770	401
-769	401
-768	403
-767	402
-766	399
-765	403
-764	401
-763	399
-762	401
-761	399
-760	399
-759	399
-758	399
-757	399
-756	399
-755	399
-754	399
-753	399
-752	399
-751	399
-750	399
-749	399
-748	398
-747	398
-746	399
-745	398
-744	398
-743	399
-742	399
-741	398
-740	399
-739	399
-738	398
-737	399
-736	399
-735	399
-734	399
-733	399
-732	399
-731	399
-730	401
-729	399
-728	401
-727	402
-726	399
-725	402
-724	403
-723	401
-722	403
-721	403
-720	403
-719	403
-718	405
-717	404
-716	405
-715	407
-714	406
-713	405
-712	407
-711	407
-710	407
-709	409
-708	409
-707	407
-706	411
-705	411
-704	411
-703	411
-702	413
-701	413
-700	414
-699	415
-698	415
-697	415
-696	418
-695	415
-694	418
-693	419
-692	419
-691	419
-690	423
-689	422
-688	423
-687	425
-686	425
-685	423
-684	427
-683	427
-682	427
-681	429
-680	429
-679	429
-678	431
-677	431
-676	431
-675	434
-674	435
-673	435
-672	437
-671	437
-670	437
-669	439
-668	441
-667	439
-666	441
-665	443
-664	443
-663	443
-662	446
-661	447
-660	447
-659	447
-658	447
-657	447
-656	453
-655	453
-654	453
-653	455
-652	455
-651	455
-650	458
-649	459
-648	459
-647	461
-646	462
-645	462
-644	463
-643	465
-642	465
-641	466
-640	467
-639	468
-638	469
-637	471
-636	471
-635	471
-634	474
-633	475
-632	475
-631	477
-630	478
-629	478
-628	479
-627	479
-626	479
-625	482
-624	483
-623	483
-622	485
-621	487
-620	487
-619	487
-618	489
-617	490
-616	491
-615	493
-614	493
-613	493
-612	495
-611	495
-610	495
-609	497
-608	499
-607	499
-606	499
-605	501
-604	501
-603	503
-602	503
-601	503
-600	505
-599	507
-598	507
-597	507
-596	509
-595	509
-594	509
-593	511
-592	511
-591	511
-590	511
-589	511
-588	511
-587	515
-586	517
-585	517
-584	518
-583	519
-582	519
-581	519
-580	521
-579	521
-578	523
-577	523
-576	523
-575	525
-574	526
-573	526
-572	527
-571	527
-570	527
-569	529
-568	531
-567	531
-566	531
-565	533
-564	533
-563	533
-562	535
-561	535
-560	535
-559	537
-558	538
-557	538
-556	539
-555	539
-554	539
-553	541
-552	542
-551	542
-550	543
-549	543
-548	543
-547	543
-546	546
-545	547
-544	547
-543	547
-542	547
-541	549
-540	550
-539	550
-538	551
-537	551
-536	551
-535	551
-534	553
-533	553
-532	554
-531	555
-530	555
-529	555
-528	557
-527	557
-526	557
-525	558
-524	559
-523	559
-522	559
-521	559
-520	559
-519	561
-518	563
-517	563
-516	563
-515	563
-514	563
-513	563
-512	565
-511	565
-510	565
-509	566
-508	567
-507	567
-506	567
-505	567
-504	567
-503	569
-502	569
-501	569
-500	570
-499	571
-498	571
-497	571
-496	571
-495	571
-494	571
-493	573
-492	573
-491	573
-490	573
-489	575
-488	575
-487	575
-486	575
-485	575
-484	575
-483	575
-482	575
-481	575
-480	578
-479	575
-478	579
-477	579
-476	579
-475	579
-474	580
-473	579
-472	581
-471	581
-470	581
-469	581
-468	583
-467	583
-466	583
-465	583
-464	583
-463	583
-462	583
-461	583
-460	583
-459	585
-458	585
-457	585
-456	586
-455	587
-454	587
-453	587
-452	587
-451	587
-450	587
-449	589
-448	589
-447	589
-446	589
-445	589
-444	589
-443	590
-442	590
-441	590
-440	591
-439	591
-438	591
-437	591
-436	591
-435	591
-434	591
-433	591
-432	591
-431	591
-430	593
-429	593
-428	593
-427	594
-426	593
-425	594
-424	595
-423	595
-422	595
-421	595
-420	595
-419	595
-418	595
-417	595
-416	595
-415	597
-414	597
-413	596
-412	597
-411	597
-410	597
-409	597
-408	598
-407	597
-406	598
-405	598
-404	598
-403	599
-402	599
-401	599
-400	599
-399	599
-398	599
-397	599
-396	599
-395	599
-394	599
-393	599
-392	599
-391	599
-390	601
-389	601
-388	601
-387	601
-386	601
-385	601
-384	602
-383	602
-382	602
-381	603
-380	603
-379	603
-378	603
-377	603
-376	603
-375	603
-374	603
-373	603
-372	603
-371	603
-370	603
-369	603
-368	605
-367	605
-366	605
-365	605
-364	605
-363	605
-362	606
-361	605
-360	606
-359	606
-358	606
-357	606
-356	607
-355	607
-354	607
-353	607
-352	607
-351	607
-350	607
-349	607
-348	607
-347	607
-346	607
-345	607
-344	607
-343	607
-342	607
-341	607
-340	609
-339	607
-338	607
-337	610
-336	610
-335	610
-334	611
-333	611
-332	611
-331	611
-330	611
-329	611
-328	611
-327	611
-326	611
-325	611
-324	613
-323	611
-322	613
-321	613
-320	613
-319	613
-318	613
-317	613
-316	613
-315	614
-314	614
-313	615
-312	615
-311	615
-310	615
-309	615
-308	615
-307	615
-306	615
-305	615
-304	615
-303	615
-302	615
-301	617
-300	617
-299	617
-298	617
-297	617
-296	618
-295	617
-294	619
-293	619
-292	619
-291	619
-290	619
-289	619
-288	619
-287	619
-286	619
-285	619
-284	621
-283	621
-282	621
-281	621
-280	621
-279	621
-278	622
-277	623
-276	623
-275	623
-274	623
-273	623
-272	623
-271	623
-270	623
-269	623
-268	625
-267	625
-266	625
-265	625
-264	625
-263	626
-262	627
-261	627
-260	627
-259	627
-258	627
-257	627
-256	627
-255	629
-254	629
-253	629
-252	629
-251	629
-250	629
-249	630
-248	631
-247	631
-246	631
-245	631
-244	631
-243	631
-242	631
-241	631
-240	633
-239	633
-238	633
-237	634
-236	635
-235	635
-234	635
-233	635
-232	635
-231	635
-230	635
-229	635
-228	637
-227	637
-226	637
-225	637
-224	638
-223	639
-222	639
-221	639
-220	639
-219	639
-218	639
-217	639
-216	639
-215	639
-214	639
-213	639
-212	639
-211	639
-210	643
-209	643
-208	643
-207	643
-206	643
-205	645
-204	645
-203	645
-202	645
-201	645
-200	646
-199	646
-198	646
-197	647
-196	647
-195	647
-194	647
-193	647
-192	647
-191	647
-190	649
-189	649
-188	649
-187	649
-186	650
-185	650
-184	651
-183	651
-182	651
-181	651
-180	651
-179	651
-178	652
-177	653
-176	653
-175	653
-174	653
-173	653
-172	654
-171	654
-170	655
-169	655
-168	655
-167	655
-166	655
-165	655
-164	655
-163	655
-162	655
-161	657
-160	657
-159	657
-158	658
-157	659
-156	659
-155	659
-154	659
-153	659
-152	659
-151	660
-150	661
-149	661
-148	661
-147	661
-146	661
-145	661
-144	662
-143	662
-142	662
-141	663
-140	663
-139	663
-138	663
-137	663
-136	663
-135	663
-134	665
-133	665
-132	665
-131	665
-130	666
-129	666
-128	667
-127	667
-126	667
-125	667
-124	667
-123	667
-122	667
-121	669
-120	669
-119	669
-118	669
-117	669
-116	669
-115	669
-114	669
-113	669
-112	669
-111	669
-110	669
-109	669
-108	669
-107	669
-106	670
-105	670
-104	670
-103	671
-102	671
-101	671
-100	671
-99	671
-98	671
-97	671
-96	671
-95	671
-94	671
-93	671
-92	673
-91	674
-90	675
-89	675
-88	675
-87	675
-86	675
-85	675
-84	675
-83	675
-82	675
-81	677
-80	677
-79	677
-78	677
-77	677
-76	677
-75	677
-74	677
-73	677
-72	677
-71	677
-70	677
-69	677
-68	677
-67	677
-66	677
-65	677
-64	677
-63	677
-62	677
-61	677
-60	677
-59	677
-58	677
-57	677
-56	677
-55	677
-54	677
-53	677
-52	677
-51	677
-50	677
-49	677
-48	677
-47	677
-46	677
-45	677
-44	677
-43	677
-42	677
-41	677
-40	677
-39	677
-38	677
-37	677
-36	677
-35	677
-34	677
-33	677
-32	677
-31	677
-30	678
-29	678
-28	678
-27	677
-26	678
-25	678
-24	678
-23	677
-22	678
-21	677
-20	678
-19	678
-18	677
-17	678
-16	678
-15	678
-14	678
-13	677
-12	678
-11	678
-10	678
-9	678
-8	678
-7	679
-6	678
-5	678
-4	679
-3	678
-2	679
-1	678
0	678
1	678
2	679
3	678
4	678
5	679
6	678
7	678
8	679
9	678
10	679
11	678
12	679
13	678
14	679
15	679
16	679
17	679
18	679
19	679
20	678
21	679
22	678
23	678
24	678
25	677
26	678
27	678
28	677
29	677
30	677
31	677
32	677
33	677
34	677
35	677
36	677
37	675
38	675
39	675
40	675
41	675
42	675
43	675
44	674
45	673
46	671
47	671
48	671
49	671
50	671
51	671
52	671
53	671
54	671
55	671
56	671
57	671
58	671
59	670
60	671
61	671
62	670
63	670
64	670
65	670
66	670
67	670
68	669
69	669
70	669
71	669
72	669
73	669
74	667
75	667
76	667
77	667
78	667
79	666
80	665
81	665
82	665
83	665
84	663
85	663
86	663
87	663
88	663
89	663
90	663
91	663
92	663
93	663
94	662
95	663
96	661
97	661
98	661
99	661
100	661
101	659
102	659
103	659
104	659
105	659
106	658
107	658
108	657
109	657
110	657
111	657
112	655
113	655
114	655
115	655
116	655
117	655
118	655
119	655
120	655
121	654
122	654
123	653
124	653
125	653
126	653
127	651
128	651
129	651
130	651
131	651
132	651
133	651
134	650
135	650
136	649
137	649
138	649
139	649
140	647
141	647
142	647
143	647
144	647
145	647
146	647
147	646
148	646
149	645
150	645
151	645
152	645
153	643
154	643
155	643
156	643
157	643
158	643
159	639
160	639
161	639
162	639
163	639
164	639
165	639
166	639
167	639
168	639
169	639
170	639
171	638
172	637
173	637
174	637
175	637
176	635
177	635
178	635
179	635
180	635
181	635
182	635
183	635
184	634
185	633
186	633
187	633
188	633
189	631
190	631
191	631
192	631
193	631
194	631
195	631
196	631
197	630
198	629
199	629
200	629
201	629
202	629
203	629
204	627
205	627
206	627
207	627
208	627
209	627
210	627
211	627
212	626
213	626
214	626
215	625
216	625
217	625
218	625
219	623
220	623
221	623
222	623
223	623
224	623
225	623
226	623
227	623
228	623
229	622
230	622
231	622
232	621
233	621
234	621
235	621
236	621
237	621
238	619
239	619
240	619
241	619
242	619
243	619
244	619
245	619
246	619
247	618
248	619
249	618
250	618
251	617
252	617
253	617
254	617
255	617
256	617
257	617
258	615
259	615
260	615
261	615
262	615
263	615
264	615
265	615
266	615
267	615
268	615
269	615
270	615
271	613
272	613
273	613
274	613
275	613
276	613
277	613
278	613
279	613
280	613
281	611
282	611
283	611
284	611
285	611
286	611
287	611
288	611
289	611
290	611
291	611
292	611
293	611
294	611
295	611
296	611
297	610
298	611
299	609
300	609
301	610
302	609
303	610
304	609
305	607
306	607
307	607
308	607
309	607
310	607
311	607
312	607
313	607
314	607
315	607
316	607
317	607
318	607
319	607
320	607
321	607
322	607
323	607
324	607
325	607
326	607
327	607
328	607
329	607
330	606
331	606
332	606
333	605
334	606
335	605
336	605
337	605
338	605
339	605
340	605
341	605
342	605
343	603
344	603
345	603
346	603
347	603
348	603
349	603
350	603
351	603
352	603
353	603
354	603
355	603
356	602
357	602
358	602
359	601
360	602
361	601
362	601
363	601
364	601
365	601
366	599
367	599
368	599
369	599
370	599
371	599
372	599
373	599
374	599
375	599
376	599
377	599
378	599
379	598
380	598
381	598
382	597
383	597
384	597
385	597
386	597
387	597
388	597
389	595
390	595
391	595
392	595
393	595
394	595
395	595
396	595
397	594
398	594
399	594
400	593
401	594
402	593
403	593
404	593
405	591
406	591
407	591
408	591
409	591
410	591
411	591
412	591
413	591
414	591
415	590
416	589
417	589
418	589
419	589
420	587
421	587
422	587
423	587
424	587
425	587
426	586
427	586
428	585
429	585
430	585
431	583
432	583
433	583
434	583
435	583
436	583
437	583
438	582
439	581
440	581
441	581
442	581
443	581
444	579
445	579
446	579
447	579
448	578
449	575
450	575
451	575
452	575
453	575
454	575
455	575
456	575
457	573
458	573
459	573
460	573
461	571
462	571
463	571
464	571
465	570
466	569
467	569
468	569
469	567
470	567
471	567
472	566
473	566
474	565
475	563
476	563
477	563
478	563
479	563
480	561
481	561
482	559
483	559
484	559
485	559
486	559
487	557
488	557
489	557
490	555
491	555
492	555
493	553
494	553
495	551
496	551
497	551
498	551
499	551
500	549
501	549
502	549
503	547
504	547
505	546
506	543
507	543
508	543
509	543
510	543
511	541
512	541
513	539
514	539
515	539
516	537
517	537
518	535
519	535
520	535
521	534
522	533
523	533
524	531
525	531
526	530
527	529
528	527
529	527
530	527
531	527
532	525
533	525
534	523
535	523
536	522
537	521
538	521
539	519
540	519
541	518
542	517
543	517
544	511
545	511
546	511
547	511
548	511
549	511
550	509
551	509
552	507
553	507
554	505
555	503
556	503
557	503
558	502
559	501
560	499
561	499
562	499
563	497
564	497
565	495
566	495
567	495
568	493
569	493
570	491
571	491
572	489
573	487
574	487
575	487
576	485
577	485
578	483
579	483
580	479
581	479
582	479
583	479
584	479
585	478
586	475
587	475
588	475
589	474
590	473
591	471
592	471
593	471
594	469
595	469
596	467
597	467
598	466
599	463
600	463
601	463
602	463
603	462
604	459
605	461
606	459
607	459
608	459
609	457
610	457
611	455
612	455
613	455
614	453
615	453
616	453
617	451
618	451
619	447
620	447
621	447
622	447
623	447
624	447
625	445
626	445
627	443
628	443
629	443
630	442
631	443
632	441
633	439
634	441
635	439
636	439
637	439
638	437
639	439
640	435
641	437
642	437
643	435
644	435
645	435
646	435
647	435
648	431
649	433
650	431
651	431
652	431
653	431
654	431
655	431
656	430
657	431
658	429
659	430
660	430
661	429
662	430
663	429
664	429
665	429
666	427
667	429
668	429
669	427
670	429
671	427
672	429
673	429
674	427
675	429
676	427
677	429
678	429
679	427
680	429
681	429
682	429
683	429
684	429
685	430
686	429
687	429
688	431
689	429
690	431
691	431
692	429
693	431
694	431
695	431
696	431
697	431
698	433
699	431
700	431
701	433
702	431
703	435
704	434
705	433
706	435
707	434
708	435
709	435
710	435
711	437
712	435
713	437
714	437
715	437
716	439
717	438
718	439
719	439
720	439
721	439
722	441
723	439
724	442
725	441
726	443
727	443
728	443
729	445
730	443
731	445
732	447
733	445
734	447
735	447
736	447
737	447
738	447
739	447
740	447
741	447
742	451
743	451
744	451
745	453
746	451
747	454
748	454
749	454
750	455
751	455
752	455
753	457
754	455
755	458
756	457
757	459
758	459
759	459
760	461
761	459
762	461
763	462
764	461
765	463
766	463
767	463
768	463
769	463
770	463
771	465
772	463
773	467
774	466
775	467
776	467
777	467
778	469
779	469
780	469
781	470
782	469
783	471
784	471
785	471
786	471
787	471
788	471
789	473
790	471
791	474
792	473
793	474
794	475
795	474
796	475
797	475
798	475
799	477
800	475
801	477
802	477
803	477
804	479
805	478
806	478
807	479
808	478
809	479
810	479
811	479
812	479
813	479
814	479
815	479
816	479
817	481
818	479
819	479
820	483
821	479
822	483
823	483
824	483
825	483
826	483
827	483
828	483
829	483
830	485
831	483
832	483
833	485
834	483
835	485
836	485
837	485
838	485
839	485
840	485
841	485
842	485
843	485
844	485
845	485
846	485
847	485
848	486
849	485
850	485
851	486
852	485
853	487
854	485
855	485
856	487
857	485
858	486
859	486
860	485
861	487
862	485
863	485
864	486
865	485
866	486
867	485
868	485
869	485
870	485
871	485
872	485
873	483
874	485
875	483
876	485
877	485
878	483
879	485
880	483
881	483
882	483
883	483
884	483
885	483
886	483
887	483
888	482
889	483
890	482
891	479
892	482
893	479
894	479
895	479
896	479
897	479
898	479
899	479
900	479
901	478
902	479
903	478
904	477
905	478
906	477
907	477
908	477
909	475
910	475
911	475
912	475
913	475
914	473
915	474
916	473
917	471
918	473
919	471
920	471
921	471
922	469
923	470
924	469
925	469
926	469
927	467
928	467
929	467
930	466
931	466
932	463
933	463
934	463
935	463
936	463
937	461
938	462
939	461
940	459
941	461
942	459
943	458
944	459
945	455
946	457
947	455
948	455
949	455
950	453
951	453
952	453
953	451
954	451
955	451
956	447
957	447
958	447
959	447
960	447
961	445
962	445
963	443
964	443
965	443
966	441
967	441
968	439
969	439
970	439
971	437
972	437
973	435
974	435
975	435
976	431
977	431
978	431
979	430
980	431
981	427
982	427
983	427
984	425
985	425
986	423
987	423
988	423
989	421
990	421
991	419
992	418
993	418
994	415
995	415
996	414
997	413
998	413
999	411
1000	411
1001	410
1002	407
1003	406
1004	407
1005	406
1006	403
1007	403
1008	403
1009	401
1010	399
1011	399
1012	399
1013	398
1014	395
1015	395
1016	395
1017	393
1018	391
1019	391
1020	391
1021	389
1022	387
1023	389
1024	387
1025	383
1026	383
1027	383
1028	382
1029	379
1030	379
1031	379
1032	377
1033	375
1034	375
1035	375
1036	371
1037	371
1038	371
1039	370
1040	367
1041	366
1042	367
1043	365
1044	363
1045	361
1046	363
1047	359
1048	357
1049	357
1050	358
1051	355
1052	351
1053	355
1054	351
1055	351
1056	349
1057	350
1058	349
1059	345
1060	345
1061	346
1062	343
1063	341
1064	341
1065	341
1066	339
1067	335
1068	338
1069	338
1070	335
1071	333
1072	335
1073	333
1074	331
1075	330
1076	331
1077	329
1078	327
1079	327
1080	327
1081	325
1082	323
1083	325
1084	325
1085	319
1086	319
1087	323
1088	319
1089	319
1090	317
1091	319
1092	319
1093	317
1094	317
1095	318
1096	315
1097	314
1098	315
1099	317
1100	315
1101	311
1102	313
1103	315
1104	311
1105	311
1106	311
1107	313
1108	311
1109	309
1110	311
1111	311
1112	309
1113	307
1114	311
1115	310
1116	307
1117	307
1118	311
1119	309
1120	307
1121	307
1122	310
1123	309
1124	307
1125	309
1126	310
1127	307
1128	307
1129	309
1130	311
1131	307
1132	307
1133	311
1134	311
1135	309
1136	309
1137	311
1138	311
1139	309
1140	311
1141	313
1142	311
1143	311
1144	311
1145	315
1146	313
1147	311
1148	315
1149	315
1150	315
1151	313
1152	317
1153	317
1154	315
1155	315
1156	319
1157	319
1158	317
1159	319
1160	319
1161	319
1162	319
1163	319
1164	323
1165	319
1166	319
1167	325
1168	327
1169	325
1170	323
1171	327
1172	327
1173	327
1174	327
1175	330
1176	330
1177	329
1178	330
1179	333
1180	333
1181	331
1182	333
1183	335
1184	335
1185	333
1186	335
1187	338
1188	335
1189	335
1190	339
1191	341
1192	339
1193	339
1194	343
1195	343
1196	341
1197	343
1198	346
1199	345
1200	343
1201	346
1202	349
1203	347
1204	346
1205	349
1206	351
1207	349
1208	349
1209	351
1210	351
1211	351
1212	351
1213	355
1214	355
1215	351
1216	355
1217	357
1218	355
1219	355
1220	357
1221	359
1222	357
1223	357
1224	359
1225	361
1226	359
1227	359
1228	362
1229	362
1230	361
1231	361
1232	363
1233	363
1234	363
1235	363
1236	367
1237	366
1238	365
1239	366
1240	367
1241	367
1242	367
1243	367
1244	371
1245	367
1246	367
1247	371
1248	371
1249	370
1250	370
1251	371
1252	373
1253	371
1254	371
1255	374
1256	374
1257	371
1258	373
1259	375
1260	375
1261	373
1262	375
1263	375
1264	375
1265	374
1266	375
1267	377
1268	375
1269	375
1270	377
1271	378
1272	375
1273	375
1274	379
1275	378
1276	377
1277	377
1278	379
1279	379
1280	377
1281	379
1282	379
1283	379
1284	377
1285	379
1286	379
1287	379
1288	379
1289	379
1290	379
1291	378
1292	379
1293	381
1294	379
1295	378
1296	379
1297	379
1298	379
1299	378
1300	379
1301	379
1302	379
1303	379
1304	379
1305	379
1306	378
1307	379
1308	379
1309	379
1310	377
1311	379
1312	379
1313	378
1314	377
1315	379
1316	379
1317	377
1318	377
1319	379
1320	377
1321	375
1322	375
1323	377
1324	375
1325	375
1326	375
1327	375
1328	375
1329	373
1330	375
1331	375
1332	373
1333	373
1334	374
1335	373
1336	371
1337	371
1338	373
1339	371
1340	369
1341	371
1342	371
1343	369
1344	367
1345	370
1346	369
1347	367
1348	367
1349	367
1350	367
1351	365
1352	365
1353	367
1354	365
1355	363
1356	363
1357	365
1358	362
1359	361
1360	363
1361	362
1362	359
1363	359
1364	359
1365	359
1366	357
1367	357
1368	358
1369	355
1370	351
1371	355
1372	355
1373	351
1374	351
1375	351
1376	351
1377	349
1378	349
1379	350
1380	349
1381	345
1382	346
1383	347
1384	343
1385	343
1386	343
1387	343
1388	341
1389	339
1390	341
1391	339
1392	335
1393	335
1394	338
1395	335
1396	333
1397	334
1398	335
1399	331
1400	330
1401	331
1402	331
1403	327
1404	326
1405	327
1406	326
1407	323
1408	323
1409	323
1410	319
1411	319
1412	319
1413	319
1414	317
1415	315
1416	315
1417	315
1418	311
1419	311
1420	311
1421	311
1422	307
1423	307
1424	309
1425	306
1426	303
1427	303
1428	303
1429	301
1430	299
1431	299
1432	299
1433	295
1434	293
1435	295
1436	294
1437	291
1438	287
1439	287
1440	287
1441	283
1442	283
1443	285
1444	283
1445	279
1446	279
1447	279
1448	275
1449	271
1450	275
1451	274
1452	270
1453	267
1454	269
1455	267
1456	263
1457	263
1458	263
1459	261
1460	255
1461	255
1462	255
1463	253
1464	255
1465	253
1466	249
1467	251
1468	247
1469	245
1470	247
1471	243
1472	239
1473	243
1474	239
1475	237
1476	239
1477	235
1478	231
1479	235
1480	230
1481	229
1482	230
1483	223
1484	223
1485	223
1486	221
1487	221
1488	221
1489	215
1490	219
1491	217
1492	213
1493	215
1494	213
1495	207
1496	211
1497	207
1498	205
1499	207
1500	205
1501	201
1502	205
1503	201
1504	198
1505	199
1506	197
1507	195
1508	198
1509	191
1510	191
1511	195
1512	191
1513	189
1514	191
1515	189
1516	187
1517	189
1518	185
1519	185
1520	187
1521	183
1522	183
1523	185
1524	181
1525	181
1526	183
1527	178
1528	181
1529	181
1530	175
1531	179
1532	179
1533	175
1534	179
1535	175
1536	173
1537	177
1538	175
1539	173
1540	175
1541	175
1542	173
1543	175
1544	175
1545	173
1546	177
1547	175
1548	174
1549	177
1550	175
1551	175
1552	179
1553	175
1554	175
1555	179
1556	175
1557	179
1558	181
1559	178
1560	179
1561	183
1562	179
1563	183
1564	183
1565	181
1566	183
1567	185
1568	183
1569	187
1570	187
1571	185
1572	189
1573	189
1574	187
1575	191
1576	191
1577	189
1578	191
1579	191
1580	191
1581	198
1582	197
1583	195
1584	201
1585	199
1586	199
1587	203
1588	203
1589	203
1590	207
1591	205
1592	207
1593	211
1594	207
1595	210
1596	214
1597	211
1598	214
1599	217
1600	215
1601	217
1602	221
1603	217
1604	221
1605	223
1606	221
1607	223
1608	223
1609	223
1610	227
1611	227
1612	227
1613	231
1614	231
1615	230
1616	235
1617	233
1618	233
1619	238
1620	237
1621	237
1622	241
1623	239
1624	239
1625	245
1626	243
1627	243
1628	247
1629	245
1630	247
1631	251
1632	247
1633	251
1634	253
1635	251
1636	255
1637	255
1638	253
1639	255
1640	255
1641	255
1642	261
1643	261
1644	259
1645	261
1646	265
1647	263
1648	263
1649	265
1650	267
1651	267
1652	265
1653	269
1654	271
1655	270
1656	269
1657	271
1658	274
1659	271
1660	271
1661	275
1662	277
1663	275
1664	275
1665	279
1666	279
1667	277
1668	279
1669	282
1670	281
1671	279
1672	283
1673	285
1674	283
1675	283
1676	286
1677	287
1678	285
1679	285
1680	287
1681	287
1682	287
1683	287
1684	291
1685	291
1686	287
1687	291
1688	293
1689	291
1690	290
1691	293
1692	295
1693	293
1694	291
1695	295
1696	295
1697	293
1698	293
1699	295
1700	297
1701	295
1702	295
1703	299
1704	297
1705	295
1706	297
1707	299
1708	299
1709	297
1710	299
1711	301
1712	299
1713	297
1714	301
1715	301
1716	299
1717	299
1718	301
1719	301
1720	299
1721	299
1722	303
1723	301
1724	299
1725	301
1726	303
1727	301
1728	299
1729	301
1730	303
1731	301
1732	299
1733	302
1734	303
1735	301
1736	299
1737	303
1738	303
1739	299
1740	301
1741	303
1742	301
1743	299
1744	301
1745	303
1746	301
1747	299
1748	301
1749	302
1750	299
1751	299
1752	301
1753	301
1754	299
1755	299
1756	301
1757	301
1758	298
1759	297
1760	299
1761	299
1762	295
1763	297
1764	299
1765	297
1766	295
1767	295
1768	298
1769	295
1770	293
1771	295
1772	295
1773	294
1774	293
1775	295
1776	295
1777	291
1778	291
1779	293
1780	293
1781	287
1782	291
1783	291
1784	291
1785	287
1786	287
1787	291
1788	287
1789	286
1790	287
1791	287
1792	285
1793	283
1794	286
1795	286
1796	283
1797	282
1798	283
1799	283
1800	279
1801	279
1802	282
1803	279
1804	277
1805	278
1806	279
1807	277
1808	275
1809	275
1810	277
1811	274
1812	271
1813	274
1814	274
1815	271
1816	270
1817	271
1818	271
1819	267
1820	267
1821	269
1822	267
1823	263
1824	265
1825	267
1826	263
1827	261
1828	263
1829	263
1830	259
1831	255
1832	261
1833	255
1834	255
1835	255
1836	255
1837	251
1838	255
1839	251
1840	249
1841	251
1842	249
1843	247
1844	249
1845	245
1846	243
1847	246
1848	243
1849	239
1850	243
1851	239
1852	238
1853	239
1854	235
1855	235
1856	237
1857	231
1858	231
1859	233
1860	229
1861	229
1862	229
1863	223
1864	223
1865	226
1866	221
1867	222
1868	222
1869	218
1870	219
1871	219
1872	214
1873	215
1874	215
1875	210
1876	213
1877	211
1878	207
1879	207
1880	207
1881	203
1882	205
1883	203
1884	199
1885	202
1886	199
1887	195
1888	199
1889	195
1890	191
1891	195
1892	191
1893	187
1894	191
1895	187
1896	185
1897	187
1898	183
1899	183
1900	183
1901	179
1902	179
1903	181
1904	175
1905	175
1906	175
1907	171
1908	173
1909	173
1910	167
1911	169
1912	169
1913	165
1914	165
1915	165
1916	159
1917	163
1918	159
1919	157
1920	159
1921	157
1922	153
1923	155
1924	153
1925	150
1926	151
1927	149
1928	146
1929	149
1930	145
1931	143
1932	145
1933	141
1934	139
1935	142
1936	137
1937	135
1938	139
1939	134
1940	134
1941	135
1942	127
1943	131
1944	131
1945	127
1946	127
1947	127
1948	123
1949	126
1950	125
1951	119
1952	123
1953	123
1954	119
1955	122
1956	119
1957	117
1958	119
1959	117
1960	115
1961	119
1962	115
1963	115
1964	118
1965	115
1966	113
1967	117
1968	111
1969	111
1970	115
1971	111
1972	111
1973	115
1974	110
1975	111
1976	115
1977	109
1978	111
1979	111
1980	109
1981	111
1982	111
1983	109
1984	111
1985	111
1986	109
1987	111
1988	111
1989	109
1990	113
1991	111
1992	111
1993	115
1994	111
1995	111
1996	117
1997	113
1998	111
1999	117
2000	115
2001	115
2002	119
2003	115
2004	117
2005	119
2006	117
2007	119
2008	121
2009	117
2010	121
2011	123
2012	119
2013	123
2014	125
2015	121
2016	125
2017	127
2018	123
2019	127
2020	127
2021	125
2022	127
2023	127
2024	127
2025	133
2026	131
2027	127
2028	135
2029	134
2030	133
2031	139
2032	135
2033	135
2034	141
2035	138
2036	139
2037	143
2038	139
2039	141
2040	146
2041	143
2042	143
2043	147
2044	143
2045	147
2046	151
2047	147
2048	151
2049	151
2050	149
2051	153
2052	155
2053	151
2054	155
2055	157
2056	155
2057	159
2058	159
2059	157
2060	159
2061	159
2062	159
2063	163
2064	163
2065	159
2066	167
2067	165
2068	165
2069	167
2070	167
2071	167
2072	171
2073	167
2074	169
2075	173
2076	171
2077	171
2078	175
2079	171
2080	173
2081	175
2082	174
2083	175
2084	179
2085	175
2086	179
2087	179
2088	177
2089	181
2090	181
2091	179
2092	183
2093	183
2094	181
2095	183
2096	183
2097	182
2098	187
2099	185
2100	183
2101	187
2102	186
2103	185
2104	189
2105	187
2106	187
2107	191
2108	187
2109	187
2110	191
2111	189
2112	190
2113	191
2114	190
2115	191
2116	191
2117	191
2118	191
2119	195
2120	191
2121	191
2122	195
2123	191
2124	195
2125	197
2126	191
2127	197
2128	197
2129	191
2130	198
2131	197
2132	195
2133	199
2134	197
2135	195
2136	199
2137	198
2138	195
2139	199
2140	199
2141	195
2142	199
2143	198
2144	197
2145	199
2146	198
2147	197
2148	201
2149	197
2150	197
2151	201
2152	197
2153	198
2154	201
2155	197
2156	199
2157	201
2158	198
2159	199
2160	201
2161	197
2162	199
2163	199
2164	197
2165	199
2166	199
2167	197
2168	199
2169	199
2170	197
2171	199
2172	199
2173	195
2174	199
2175	199
2176	195
2177	199
2178	198
2179	195
2180	199
2181	197
2182	195
2183	199
2184	197
2185	191
2186	199
2187	195
2188	191
2189	197
2190	191
2191	191
2192	197
2193	191
2194	191
2195	195
2196	191
2197	191
2198	195
2199	191
2200	191
2201	191
2202	190
2203	191
2204	191
2205	189
2206	191
2207	191
2208	187
2209	189
2210	191
2211	187
2212	189
2213	189
2214	185
2215	189
2216	187
2217	183
2218	187
2219	187
2220	183
2221	187
2222	185
2223	182
2224	185
2225	183
2226	181
2227	183
2228	182
2229	179
2230	183
2231	179
2232	179
2233	181
2234	179
2235	175
2236	181
2237	175
2238	175
2239	179
2240	175
2241	175
2242	177
2243	173
2244	173
2245	175
2246	171
2247	171
2248	173
2249	169
2250	171
2251	171
2252	167
2253	169
2254	170
2255	165
2256	167
2257	167
2258	163
2259	167
2260	165
2261	159
2262	165
2263	163
2264	159
2265	163
2266	159
2267	158
2268	159
2269	159
2270	157
2271	159
2272	155
2273	155
2274	158
2275	153
2276	153
2277	155
2278	151
2279	151
2280	154
2281	149
2282	149
2283	151
2284	147
2285	147
2286	150
2287	143
2288	147
2289	147
2290	143
2291	146
2292	145
2293	141
2294	143
2295	143
2296	139
2297	143
2298	141
2299	138
2300	141
2301	139
2302	135
2303	139
2304	138
2305	135
2306	139
2307	135
2308	133
2309	135
2310	133
2311	131
2312	135
2313	131
2314	127
2315	133
2316	127
2317	127
2318	131
2319	127
2320	127
2321	127
2322	123
2323	125
2324	127
2325	123
2326	123
2327	125
2328	119
2329	123
2330	123
2331	117
2332	119
2333	119
2334	115
2335	119
2336	119
2337	115
2338	119
2339	117
2340	114
2341	117
