0.000000
0.000000
0.000000
0.000000
0.000000
0.000000
0.000000
0.000000
424.000000
0.000000
3.000000
3.000000
0.000000
1.000000
0.000000
0.000000
1.000000
6.000000
1.000000
3.000000
0.000000
19.000000
18.000000
1.000000
1.000000
0.000000
1.000000
1.000000
0.000000
0.000000
1.000000
0.000000
12.000000
33.000000
10.000000
2.000000
9.000000
8.000000
2.000000
5.000000
4.000000
1.000000
6.000000
2.000000
2.000000
4.000000
3.000000
5.000000
1.000000
0.000000
4.000000
3.000000
1.000000
1.000000
10.000000
8.000000
2.000000
2.000000
708.000000
5.000000
1.000000
2.000000
0.000000
1.000000
1.000000
2.000000
1.000000
2.000000
2.000000
0.000000
2.000000
1.000000
0.000000
0.000000
1.000000
0.000000
0.000000
1.000000
1.000000
0.000000
1.000000
0.000000
1.000000
2.000000
3.000000
1.000000
1.000000
1.000000
3.000000
6.000000
3.000000
2.000000
2.000000
1.000000
1.000000
4.000000
5.000000
4.000000
6.000000
837.000000
2.000000
1.000000
0.000000
0.000000
0.000000
0.000000
1.000000
2.000000
3.000000
0.000000
0.000000
1.000000
0.000000
0.000000
1.000000
0.000000
1.000000
1.000000
2.000000
1.000000
0.000000
0.000000
1.000000
0.000000
1.000000
1.000000
21.000000
0.000000
2.000000
0.000000
2.000000
3.000000
1.000000
0.000000
1.000000
0.000000
0.000000
1.000000
4.000000
3.000000
2.000000
0.000000
1.000000
2.000000
2.000000
1.000000
2.000000
0.000000
1.000000
1.000000
0.000000
1.000000
2.000000
1.000000
1.000000
3.000000
1.000000
3.000000
4.000000
10.000000
6.000000
1.000000
10.000000
789.000000
30.000000
1.000000
1.000000
0.000000
1.000000
0.000000
0.000000
1.000000
0.000000
1.000000
0.000000
1.000000
1.000000
0.000000
1.000000
1.000000
0.000000
1.000000
0.000000
1.000000
0.000000
1.000000
0.000000
1.000000
1.000000
0.000000
0.000000
1.000000
0.000000
0.000000
1.000000
0.000000
1.000000
1.000000
1.000000
0.000000
1.000000
0.000000
1.000000
0.000000
1.000000
1.000000
4.000000
1.000000
1.000000
3.000000
12.000000
2.000000
1.000000
0.000000
1.000000
0.000000
0.000000
1.000000
0.000000
1.000000
0.000000
12.000000
10.000000
3.000000
1.000000
17.000000
609.000000
32.000000
6.000000
0.000000
0.000000
0.000000
1.000000
0.000000
1.000000
0.000000
1.000000
1.000000
0.000000
2.000000
1.000000
0.000000
1.000000
0.000000
1.000000
0.000000
1.000000
1.000000
0.000000
4.000000
2.000000
0.000000
1.000000
0.000000
1.000000
1.000000
1.000000
0.000000
1.000000
0.000000
0.000000
1.000000
0.000000
1.000000
1.000000
0.000000
1.000000
0.000000
1.000000
0.000000
1.000000
0.000000
1.000000
0.000000
1.000000
1.000000
0.000000
1.000000
2.000000
1.000000
1.000000
0.000000
1.000000
0.000000
0.000000
1.000000
0.000000
1.000000
10.000000
321.000000
158.000000
44.000000
10.000000
0.000000
0.000000
1.000000
0.000000
0.000000
0.000000
1.000000
0.000000
0.000000
0.000000
1.000000
1.000000
3.000000
0.000000
2.000000
0.000000
1.000000
0.000000
1.000000
1.000000
1.000000
1.000000
0.000000
1.000000
0.000000
1.000000
0.000000
0.000000
1.000000
0.000000
0.000000
1.000000
0.000000
1.000000
0.000000
1.000000
0.000000
0.000000
1.000000
0.000000
0.000000
0.000000
1.000000
0.000000
1.000000
0.000000
0.000000
1.000000
1.000000
6.000000
3.000000
11.000000
1.000000
2.000000
4.000000
1.000000
2.000000
2.000000
2.000000
2.000000
1.000000
1.000000
1.000000
1.000000
0.000000
1.000000
1.000000
1.000000
6.000000
9.000000
2.000000
1.000000
3.000000
2.000000
3.000000
2.000000
1.000000
2.000000
11.000000
8.000000
194.000000
618.000000
1.000000
1.000000
1.000000
2.000000
2.000000
1.000000
1.000000
1.000000
0.000000
2.000000
1.000000
0.000000
1.000000
1.000000
0.000000
1.000000
0.000000
0.000000
0.000000
1.000000
1.000000
0.000000
1.000000
0.000000
1.000000
0.000000
1.000000
1.000000
1.000000
1.000000
1.000000
0.000000
1.000000
0.000000
1.000000
0.000000
1.000000
0.000000
1.000000
0.000000
0.000000
1.000000
0.000000
0.000000
1.000000
0.000000
0.000000
0.000000
1.000000
0.000000
0.000000
1.000000
0.000000
1.000000
15.000000
1.000000
1.000000
1.000000
0.000000
1.000000
2.000000
2.000000
1.000000
0.000000
1.000000
0.000000
1.000000
0.000000
1.000000
4.000000
0.000000
1.000000
0.000000
0.000000
11.000000
1.000000
1.000000
2.000000
6.000000
2.000000
2.000000
18.000000
5.000000
508.000000
458.000000
16.000000
0.000000
1.000000
1.000000
0.000000
0.000000
0.000000
1.000000
0.000000
0.000000
1.000000
0.000000
0.000000
1.000000
0.000000
1.000000
0.000000
1.000000
0.000000
0.000000
1.000000
0.000000
1.000000
0.000000
1.000000
0.000000
1.000000
0.000000
0.000000
1.000000
0.000000
0.000000
1.000000
0.000000
0.000000
0.000000
0.000000
1.000000
0.000000
0.000000
0.000000
0.000000
1.000000
0.000000
0.000000
0.000000
1.000000
0.000000
0.000000
0.000000
0.000000
1.000000
0.000000
0.000000
0.000000
1.000000
0.000000
0.000000
0.000000
1.000000
0.000000
0.000000
0.000000
0.000000
1.000000
0.000000
0.000000
0.000000
1.000000
0.000000
3.000000
1.000000
1.000000
1.000000
0.000000
0.000000
1.000000
0.000000
1.000000
0.000000
2.000000
49.000000
679.000000
3.000000
0.000000
1.000000
0.000000
0.000000
0.000000
0.000000
0.000000
0.000000
1.000000
0.000000
0.000000
0.000000
0.000000
0.000000
0.000000
1.000000
0.000000
0.000000
0.000000
0.000000
1.000000
0.000000
0.000000
1.000000
0.000000
1.000000
0.000000
1.000000
0.000000
0.000000
1.000000
0.000000
0.000000
1.000000
0.000000
1.000000
1.000000
0.000000
1.000000
0.000000
1.000000
0.000000
1.000000
0.000000
0.000000
0.000000
1.000000
1.000000
1.000000
0.000000
1.000000
1.000000
1.000000
1.000000
8.000000
0.000000
1.000000
0.000000
1.000000
0.000000
1.000000
0.000000
1.000000
0.000000
1.000000
1.000000
1.000000
0.000000
1.000000
1.000000
0.000000
1.000000
1.000000
0.000000
1.000000
1.000000
0.000000
1.000000
6.000000
1.000000
1.000000
1.000000
37.000000
663.000000
32.000000
13.000000
3.000000
0.000000
1.000000
0.000000
0.000000
0.000000
1.000000
0.000000
0.000000
0.000000
0.000000
1.000000
0.000000
0.000000
1.000000
1.000000
0.000000
1.000000
0.000000
0.000000
1.000000
0.000000
0.000000
0.000000
1.000000
0.000000
0.000000
0.000000
0.000000
0.000000
0.000000
1.000000
0.000000
0.000000
0.000000
1.000000
0.000000
1.000000
1.000000
1.000000
0.000000
1.000000
0.000000
0.000000
1.000000
0.000000
0.000000
0.000000
1.000000
0.000000
0.000000
0.000000
0.000000
1.000000
0.000000
0.000000
1.000000
0.000000
9.000000
0.000000
0.000000
1.000000
0.000000
0.000000
0.000000
1.000000
0.000000
0.000000
0.000000
0.000000
1.000000
0.000000
0.000000
0.000000
0.000000
1.000000
0.000000
1.000000
0.000000
1.000000
3.000000
0.000000
1.000000
1.000000
7.000000
8.000000
2.000000
1.000000
0.000000
0.000000
5.000000
6.000000
1.000000
4.000000
1.000000
0.000000
3.000000
2.000000
5.000000
2.000000
7.000000
395.000000
536.000000
158.000000
80.000000
3.000000
11.000000
4.000000
0.000000
3.000000
1.000000
2.000000
1.000000
1.000000
2.000000
2.000000
2.000000
1.000000
1.000000
1.000000
1.000000
1.000000
2.000000
0.000000
1.000000
1.000000
0.000000
2.000000
1.000000
0.000000
2.000000
0.000000
1.000000
0.000000
0.000000
2.000000
0.000000
0.000000
0.000000
0.000000
1.000000
1.000000
1.000000
0.000000
0.000000
0.000000
1.000000
0.000000
1.000000
2.000000
0.000000
0.000000
1.000000
0.000000
0.000000
2.000000
0.000000
0.000000
1.000000
0.000000
1.000000
0.000000
1.000000
1.000000
0.000000
1.000000
0.000000
1.000000
0.000000
1.000000
0.000000
0.000000
1.000000
0.000000
1.000000
0.000000
1.000000
1.000000
0.000000
0.000000
0.000000
1.000000
5.000000
13.000000
1.000000
0.000000
1.000000
1.000000
2.000000
5.000000
3.000000
4.000000
1.000000
2.000000
3.000000
1.000000
3.000000
4.000000
8.000000
4.000000
14.000000
8.000000
2.000000
0.000000
17.000000
17.000000
505.000000
28.000000
27.000000
0.000000
0.000000
1.000000
0.000000
0.000000
0.000000
0.000000
0.000000
1.000000
0.000000
0.000000
0.000000
0.000000
0.000000
0.000000
1.000000
0.000000
0.000000
0.000000
1.000000
0.000000
0.000000
0.000000
0.000000
0.000000
1.000000
0.000000
0.000000
0.000000
0.000000
0.000000
1.000000
0.000000
0.000000
0.000000
0.000000
0.000000
0.000000
1.000000
0.000000
0.000000
0.000000
0.000000
0.000000
1.000000
0.000000
0.000000
0.000000
0.000000
1.000000
0.000000
0.000000
0.000000
0.000000
1.000000
0.000000
0.000000
1.000000
0.000000
0.000000
0.000000
1.000000
0.000000
1.000000
19.000000
0.000000
0.000000
1.000000
0.000000
1.000000
3.000000
1.000000
1.000000
1.000000
2.000000
1.000000
0.000000
1.000000
1.000000
1.000000
2.000000
1.000000
3.000000
0.000000
1.000000
1.000000
2.000000
1.000000
1.000000
0.000000
1.000000
1.000000
1.000000
0.000000
1.000000
1.000000
1.000000
1.000000
2.000000
1.000000
1.000000
27.000000
9.000000
712.000000
3.000000
0.000000
1.000000
1.000000
1.000000
0.000000
1.000000
1.000000
0.000000
2.000000
2.000000
0.000000
2.000000
3.000000
3.000000
1.000000
0.000000
1.000000
1.000000
0.000000
0.000000
1.000000
1.000000
1.000000
0.000000
1.000000
0.000000
1.000000
2.000000
14.000000
1.000000
7.000000
3.000000
8.000000
1.000000
2.000000
20.000000
2.000000
0.000000
1.000000
0.000000
0.000000
1.000000
0.000000
1.000000
0.000000
1.000000
9.000000
9.000000
0.000000
1.000000
0.000000
1.000000
0.000000
1.000000
0.000000
1.000000
0.000000
2.000000
6.000000
1.000000
11.000000
284.000000
534.000000
8.000000
17.000000
1.000000
1.000000
1.000000
1.000000
1.000000
0.000000
0.000000
1.000000
0.000000
1.000000
2.000000
9.000000
21.000000
4.000000
0.000000
